148

126 32, 17, 216. 128 21, 6. 129 9.
132 33. 133 31. 136 24. 137 6. 133
13, 29. 139 33. 141 21, 22. 143 19,
25, 26. 145 12.

β 2 26. 4 24. 8 26. 9 19, 20. 10 29.
11 9, 29, 76, 12 18, 23, 26. 13 3,
11, 24, 46. 15 34. 16 31. 25 5, 10,
17. 27 1. 29 15, 29, 33, 3. 32 5.
34 2, 4, 13, 15, 16. 35 19, 5. 36 22.
39 27, 35. 40 17. 41 33. 51 3, 24.
52 13. 53 17. 54 12. 56 2. 57 21.
53 32,32. 6216. 6315. 64 3,10.
65 4, 216, 226. 67 29, 6, 12. 6926.
707, 12, 15 7125, 4, 9. 7226. 742.
7516. 765, 8, 19. 797, 7, 32. 30
13, 126. 82 22. 831. 84 29,14. 85
23, 33, 8. 86 16, 18, 24, 28. 87 11.
90 9, 10, 11, 12, 13, 21, 25. 91 9.
92 30, 10. 93 26, 30, 3, 6. 94 21,
26,29. 95 5, 6, 6, 11, 13, 15, 19. 97
9, 17, 20, 31, 32. 93 10, 14. 101 20,
25, 26. 102 14.

y 2 12. 3, 36. 4 10. 5 31. 31. 10 30.

11 31. 16 1. 18 84, 16. 19 21. 22

19. 23 14,13,21. 24 4, 5, 10. 28 35.

30 13. 37 15. 42 22, 1. 45 26, 35.

49 2. 5014. 5123. 53 12. 5511.

56 33. 61 23. 62 4, 8. 63 30, 35.

64 23. 65 1. 68 29. 75 26. 79 35, 2,

5, 8. 30 19. 82 6, 316. 83 15. [84

33]. 88 27. 89 16. 90 36, 6. 91 29,

31. 92 13. 93 27, 31. 94- 11. 95 2.

96 23. 97 2, 7, 9, 12, 16. 93 23, 34.

99 14. 100 19. 102 6, 17, 23. 105

28, 30, 3, 5. 106 25. 107 23. 11134.

112 23. 114 17, 13, 21. 115 30, 32,

9, 12. 116 16.

14. 3 34, 2. 4 207 10. 313,

22, 25. 9 4, 3. 10 32. 12 2, 14. 13

20, 31. 14 19, 23. 15 30. 16 25. 22

33. 25 11, 26, 32. 26 26. 27 5. 28

13, 19. 29 10. 31 14. 32 34. 34 35.

36 7. 41 17. 42 10. 43 13, 32. 44

12, 19, 22. 46 6. 48 13, 23. 49 34.

50 7. 52 33. 53 13. 54 26, 23, 23,

3, 5. 5513. 5610. 57 17, 25. 62 22.

66 29. 67 9, 10. 68 29. 69 10. 70

16, 20, 27. 72 10, 21, 24, 32.

75 20, 33.

74 33.
76 19, 20. 77 1, 6, 8.

21,

ἐπὶ

ὃ

ζ

⁷]

73 11, 27, 6. 79 15, 17. 30 23, 29,
31. 32 30. 33 35, 2. 34 23, 29. 35
13, 19. 36 22. 39 17. 90 30. 91 25..
92 9. 93 36, 19. 94 23. 96 4. 97 17,
20, 22. 93 34, 6, 10, 14, 15. 100 1, 3.
101 31, 2, 2. 102 6, 7, 19. 103 25,
27, 6. 104 20, 26, 26. 105 9. 10313,
15, 23, 34, 2. 109 13. 110 32, 11.
112 2. 114 19, 29, 30. 117 16. 113
32, 6, 7, 1s. 120 2. 122 33, 4. 124
4, 26. 123 6. 129 5. 130 25, 15. 131
17, 25.

222. 333. 43, 21. 66,14,15, 19,
26. 73, 11, 12.. 1012, 24, 25, 35,
17d.12171434,5.1523‚29. 16
19. 175. 1332, 34, 7. 212. 253,
11, 11. 26 27. 27 16. 30 11. 31 33,
16. 33 23. 34 1. 35 17, 30. 37 1.
42 3. 43 3. 44 23. 46 24. 47 19, 20,
22, 36, 3. 49 35. 50 19. 52 34. 56
22, 32. 57 4. 53 34, 1. 59 10. 60 25.
612. 62 15, 16, 13, 20. 65 5, 20.
67 7,3, 11. 63 34, 1,1. 71 31. 72
22. 73 17, 30. 75 27. 77 30, 30. 79
16. 30 9. 33 10, 11. 34 20. 37 20.
33 22. 90 7. 91 16. 98 14. 103 6, 9.
107 15. 110 33.

1 19. 2 13, 3041. 6 10, 20. 7 21, 26.
10 22. 11 30, 6. 17 23. 13 10. 20
10, 10, 20. 22 20. 27 21. 2832. 29 9.
30 23. 3130,37‹1,1s,6s. 3217,
23. 33 27. 34 2, 23, 66, 206. 37 23,
26, 83. 45 26, 31. 46 17. 47 25. 49
14. 50 10,11,11. 52 4, 5. 54 33,15.
53 17, 17. 60 17. 61 14, 6, 10 s. 62
15, 30, 35. 63 2, 11. 64 4. 65 11,

13, 19, 23. 63 34. 70 13, 24. 71 1.
74 20. 75 5, 9, 12. 76 35, 4. 77 19.
73 20. 79 23. 32 34, 14. 33 30. 35
31. 36 16, 19. 33 9, 36 s. 39 34, 34.
91 6. 92 10. 93 29. 94 17, 13, 21,
22, 26, 23. 96 14. 97 14, 20. 99 11,
13. 101 11. 102 32, 32, 13. 104 7.

1 25. 2 33, 5. 3 23. 4 5, 29, 33 s.
7 19. 11 10. 19 23. 20 26. 22 9,12.
25 2. 26 9,13. 2327. 29 28. 30 19, 3.
31 5. 33 24, 1. 34 13, 24, 30. 35 24,
25, 27, 1. 36 12. 37 21,26, 30, 33 33.

