378

πρεσβεία α 72 26. -— δ 118 7 s. —
ε 31 26.

πρεσβείας α 139 33. —— β 7 33. — δ
118 88. — θ· 9213.

πρεσβείᾳ α 90 24. - δ 118 16.

πρεσβείαν β 12 20. - y 28 29. - ε
80 6.

πρεσβεῖαι ε 27 12. 55 29.

πρεσβειῶν ε 36 13.

πρέσβεις α 24 30. 5816. 87 27. 90
6, 9. 91 3. 92 25.126 22. 135 7. —-
β 59 19. 67 22, 33. 71 28. 72 28.
73 18. 95 16. 101 15. - y 3 20.
421. 5 26, 5. 8 2. 3211. 3622. 70
21. 7112. 7216. 10016. - δ 15 2.
16 21, 26. 39 22. 5015. 5810. 83 7.
118 3S.122 5. - ε 6 9. 212. 30
34, 22, 23. 37 13, 20, 22. 38 7, 11.
40 33, 12. 41 16, 25. 42 4, 23. 44
21,23. 46 26, 35. 49 3. 50 6. 80 11,
16. 84 34,1.11413. -ζ 6 15, 1.
7 5. 8 32. 34 33. 45 29. 46 6. 7313.
88 34, 24s,31s‚34s‚9d. -η7 22.
12 11. 17 7. 25 25, 27 d. 32 4, 15.
- θ 32 27. 49 24. 53 24. 56 33.
63 3. 71 2. 86 16 5, 23 5, 255, 295.
89 16. 90 21, 24. 91 17.

πρέσβεων α 28 1. 119 19. 139 9. -
[37425. — 74930. 7219. -δ
50 12. -— ε 21 10. 22 29. 4415. 82
ι3,-ζ82.-96418.

πρέσβεσιν ε 37 9. 38 25. - θ 86 4.

πρέσβευσις α 73 6.

πρεσβευτὴς ε 4 35. — ζ8133. -
θ· 5 15.

πρεσβευτοῦ ε 61 34.

πρεσβευτὴν y 92 4. - 9 85 27.

πρεσβευταί θ 77 4. 86 14.

πρεσβεύειν 9 55 7.

πρεσβεύεσθαι α 91 7. - β 12 24. -
ζ 75 9.

πρεσβευόμενοι α 67 29. — ε 39 19.

πρεσβευομένων α 82 29.

ἐπρεσβεύοντο α 126 19. 145 13. -— β
712.-γ8518.-δ4119.-θ
’7 32. 71 34.

πρεσβευσάμενοι α 31 5.

πρεσβευομένους 9 89 30.

ἐπρεσβευσάμεθα ζ 76 22.

πρεσβεία - πρὶν

ἐπρεσβεύσαντο α 92 21. - 9 5 26.

πρεσβευσάμενος ζ 104 17.

πρεσβύτατος α 20 7. —- 354 1.
55 32.

πρεσβύτατον δ 61 32. - ζ 55 4.

πρεσβύτατοι α 105 1.

πρεσβυτάτων β 13 9 d.

πρεσβυτάτους β 78 29.

πρεσβύτερόν ε 6415.

πρεσβυτέρου α 42 19.

πρεσβυτέρας η 29 6.

πρεσβύτεροι α 61. — β 11 7. 2129.
54 8. -· ὁ 44 16.

πρεσβυτέρων α 105 8. - β 65 30. 72
33. —— θ 130. 92195.

πρεσβυτέροις α 72 33. - ε 72 1. -
ζ 13 11. 24 14.

πρεσβυτέρους α 6 5. - δ 92 24. -
ε τ5 10.-ζ1818.

πρεσβῦται y 67 16.

πριαμένους ε 34 7.

ἐπρίαντο ζ 98 28.

Πρίαπον θ 107 2.

Πριήνης α 115 9.

πρίσαντες δ100 4.

πρίν α 516. 13219. 14120. - β
86 3. - 62019. 35 32. 78 3. 79 12.
104 32. - ε 10 21. 45 14. — ζ 76
24.—⁷750 5. 71 6.-θ98.

πρὶν α 11 24. 18 27. 20 12. 23 33.
39 31, 32. 68 16. 78 27. 90 27. 91
32. 118 7. 12517. - β 619. 12 21.
13 2. 53 26, 3. 56 34. 6210. 65 30.
67 7. 82 26. 84 24. 9318. 102 2. -
y 910. 13 7. 22 2d. 2410. 26 6.
29 9. 30 18. 46 27. 51 29. 57 16.
64 25. 6911. 94 29. 101 3. 104 238.
- δ 210. 4 24. 14 7. 214. 33 25.
41 15. 55 32. 67 11, 19. 69 28. 70
28. 7210. 8318. 85 5. 92 25. 9719.
101 33. 117 8. 125 5, 15. 128 5. 135
τ, 8. - ε 8 30. 9 22, 5s.1019d.
27 18. 38 30. 41 36. 60 24. 61 32.
651. 84 33. - ζ 2 27d. 4 30. 10
19, 21. 11 1. 13 17. 29 2, 8. 38 8.
49 18. 5419. 61 10. 71 9. 97 7,11.
103 32. - η 28 30,16. 36 6. 39 21.
66 7. 68 25. -- θ 213. 929. 12 22.
38 3. 42 18. 4518. 96 27. 105 31.

