κατὰ - καθ’

y 1 28. 2 9. 3 33. 7 19,28,29. 1527.
16 13. 17 17. 18 33, 35,9,17. 22 6,
25. 24 11. 25 22. 2612. 2719. 297.
30 19, 21. 32 9. 33 23. 34 9, 28.
36 17. 39 30, 12. 49 27, 34, 35. 50
19. 51 33. 56 15. 58 4. 62 11, 22.
66 20, 28. 68 6, 19, 33. 70 22. 78
23, 24. 81 21. 82 24. 85 11. 86 3.
88 36. 89 24. 91 23. 92 24. 94 21,
27. 95 2, 5. 97 8. 98 29. 9911. 103
2,12. 104 17. 10615. 107 9,10,19.
108 23, 29. 109 18. 110 27. 112 32.
113 32. 114 3. 116 20.

61 30. 3 27, 32. 61. 7 9. 8 20, 29,
30, 32, 6, 19 6, 23 6. 9 15. 11 15.
13 21. 14 28. 16 9, 9,17, 17. 21 17.
22 23. 23 8. 24 21. 25 25, 29, 8s,
19 626 22,29,11. 30 27. 32 28, 35,
6. 33 17. 36 1, 4, 7. 38 33. 40 31.
4118. 4210. 4330. 44 4,6, 19. 46 3.
47 34. 48 11, 12, 28. 50 17. 53 16,
18. 55 14. 61 16, 25. 65 29. 66 12.
67 12, 16, 21. 68 13. 70 14, 19. 74
32. 76 23, 26. 78 10. 81 28. 87 23.
91 24. 93 36. 96 30, 12 6. 98 21.
99 27. 103 12. 104 30. 107 33, 36.
109 29. 110 13. 111 18, 21, 23, 24,
27. 112 31, 32,4. 118 23, 12, 13,
19, 19, 226 12012 12211. 1248.
126 196.128 13,16. 129 36, 8 130
25, 30, 7.131 19. 135 9.

8115. 315,22. 6 8,10. 7 4, 13. 9
12, 25, 26. 10 17, 35, 1, 4, 6, 23 6.
116. 17 4. 18 21, 21,23‚24,24,27‚
31, 31, 27 s, 32 s, 16. 20 25, 29. 21
9, 16. 22 31. 23 1, 8,13. 26 17,32.
28 3. 33 20. 35 15. 37 9. 43 25, 34.
44 19, 23. 47 18, 18, 24, 29, 2, 10,
15 6, 25 6, 27 6, 28 6. 49 2. 50 34.
52 24. 54 14. 56 17, 20. 58 28. 64
12,19. 65 35,36. 66 31, 1. 71 33,16.
72 25, 31. 73 15. 75 33. 8222. 83 3.
8614. 97 2 102 34. 11232. 11416

18. 115 21,31.116 11.

{12.336 419. 619, 20, 28. 722.
10 24 1510‚14. 20 17. 25 34. 27
13. 31 1. 32 11. 34 10, 29 s. 37 17.
39 35. 42 12. 49 21. 50 16. 61 16,
20, 23. 64 22. 65 24. 70 22. 72 22,

211

36, 8. 75 9, 15. 76 30. 77 18. 88
23, 28 s. 91 316. 96 18. 97 33, 7.
99 29. 100 7. 101 25 s. 102 31, 10.
103 34. 104 20, 21. 105 29. ⁴

η 1 20, 25. 2 31,1,3. 4 9,12,21. 64.
8 4,11. 11 9.1217,18.136.187,
13. 19 24. 20 25. 22 32. 24 5. 27
1, 16. 28 20, 21, 24, 8, 13. 30 2, 3.
31 18. 33 5. 34 20. 36 26. 37 28.
41 25. 43 28, 5. 44 276, 5s. 45 9,
13, 14. 46 20. 47 26. 49 6. 50 22.
53 20. 56 25, 26. 57 12, 13, 14, 3,
11s,16s, 20s, 66. 58 23, 27. 63
24, 25. 67 8. 70 27, 7, 306. 71 22 6.
72 6. 73 8. 7413. 75 9. 79 5. 8018.
819. 83 31. 85 32, 12. 87 27, 30.

θ 1 22, 29. 3 32. 5 8, 266. 612. 10
28. 1714. 1835. 19 6. 2135. 2319.
24 30 s. 25 31. 27 19. 29 27. 36 32.
37 8, 27, 30. 40 9, 13. 42 25. 44 8.
46 3. 50 13. 52 15. 58 20. 62 15.
64 31. 66 7. 68 28. 70 5. 7123,31.
74 19. 78 7. 80 28. 82 2. 85 22. 86
28. 87 30, 4, 23. 90 27.9121. 95 21.
98 13. 100 30, 10. 102 14. 103 24.
104 10, 12. 105 23, 2. 106 15, 28.

καττὰ ε '17 29. 79 17, 20, 2.

καττάὸε ε 77 16. 79 15.

κατ) α 524. 156. 1928. 23 28. 25 20.
26 4. 3012. 33 25. 612. 69 7. 93 3.
103 28. 126 26. 13919. 142 33. 143
30. — β 13 24. 14 28. 51 4. 60 4.
62 27. 67 19. 75 19. 95 9. — y 30
24. 54 27. 58 33. 6210. 68 9. 78 20.
92 24. 108 26. 111 35. 114 26. —-
610 34. 11 21. 19 8. 21 11. 4620.
63 27, 4. 84 25. 112 3. — ε 9 8.
18 36. 23 15. 60 4. 82 3. 106 8. -
ζ1011. 16 9. 31 12. 34 24. 60 32.
85 32. 92 26. - η 6 7. 28 3. 36 1.
415. 47 28. 57 2. 70 28 6, 8s. 77 19.
— 3 2 20. 34 31. 38 7. 517. 6516.
7124. 8323. 86 25s. 89 3. 9211,20.

καθ) α 223. 324. 13 6. 36 24. 3614.
62 27. 68 8. 69 4. 74 27. 77 22. 8210.
83 19. 85 16. 98 19. 11716. 127 6.
133 3. 138 32. 141 27. 145 9. - β
5 12. 11 20. 37 4, 5. 38 14. 39 29.
4132. 4319. 4533. 5319. 60 32,34.

14*

