408 σφαλῶμεν -— σφίσιν

σφαλῶμεν α 143 4.

σφαλῆτε δ 18 30.

σφαλῶσιν α 70 20. - ζ 33 24.
σφαλείημέν ζ 11 12.
σφαλείησαν β 43 24.

σφαλῆναι η 68 27.

σφαλέντος ζ 33 27.

σφαλέντι y 39 29 s.

σφαλέντα α 69 22. - β 65 12.

σφαλεῖσαν ζ 24 15. 86 25.

σφαλέντες β 65 ls. — y 39 33 s. 43
21. — ὃ 1817. 85 35. - ε 90 7.
- η 61 17.

σφαλέντων ε 15 29. 103 4.“- ζ 10 8.

σφαλεῖσι [y 84 8.] — δ 28 35.

σφαλέντας ὃ 73 19.

σφαλήσεται ζ 80 10. - 9 86 14 s.

σφαλησόμεθα y 14 20.

σφαλήσεσθε ε 113 12.

σφάλμα θ 32 30.

σφάλματος ε 17 30.

σφάλματα ε 14 4. - 9 106 15.

σφεῖς ὃ 114 6. - ε 46 31. 55 32.
61 37. 65 12,17. -ζ 34 4. 49 21.
— θ 76 9.

σφῶν α 23 25. 25 10. 30 20. 50 28.
58 16. 67 33. 90 31. 91 28, 5. 95 1.
120 6.136 23. — β 5 30. 27 33.
33 23. 51 21. 53 3. 63 15. 68 15.
72 31, 2. 8011. 81 22. 836. 85 28.
90 15.-91419. 1635. 22 2d 50
14. 52 23. 75 21.814.102 26.113
16. -- δ 8 22,17d. 215. 24 28.
27 19, 24. 35 33. 41 12. 4612. 54 34.
55 13, 24. 66 22, 26. 99 28. 102 13.
103 3. 10813. 10916. 114 36. 117 7.
120 27. 12210. 128 5, 9. 131 18. —
— ε 619. 114. 14 4. 30 36. 3110.
32 1. 34 3. 47 16, 24 d. 49 4, 8. 61
12.6414. 67 7. 719,11. 73 10,15,
19. 83 5. 114 17. 115 27. -ζ 6 32.
7 23. 1324. 50 6. 54 21.60 1. 63 7.
64 23. 70 31. 71 14. 73 16. 76 34.
88 25,33. 100 9. 105 6. -- η 1313.
35 29. 36 24, 96. 40 5,13. 43 21 S.
47 4. 48 9, 25, 27. 49 28. 51 12. 56
23. 73 23. 75 12. 78 3. 79 31. -
θ 1 24. 4 22. 10 22. 11 13. 24 25.
25 27. 36 4. 45 14. 46 8. 47 4. 48

17 (1. 53 5. 63 6, 12. 70 32. 71 14.
76 1, 2. 86 23. 90 20, 21, 24, 25.
91 7. 92 24 s. 96 6. 105 32.

σφίσι α 24 32. 30 23. 31 5. 52 25.

37 23. 91 13. 127 2. 144 24. 145 7.
-β211,21. 714. 2912‚29. 65 9s.
70 7. 74 30. 80 1411. 81 31,5, 17 s. ·
83 19. 39 39. - y 7 22. 11 29. 30
22. 313. 33 6. 75 19. 86 6,10. 92 3.
93 32. 94 20. 100 18. 105 9. 108 33.
1131.115 34. - ὃ 129. 62. 8 12.
9 10. 25 34. 27 32. 28 36. 29 13.
30 6. 34 33. 41 17. 55 17. 56 14.
61 24. 65 6. 66 25. 71 36. 73 17.
97 26. 194 39. 114 2. 12010. 130 34.
— ε 11 7. 14 7. 1526. 22 24. 281.
29 19. 30 5, 18, 26. 31 19. 32 31,
35, 6. 35 27, 29. 36 25, 27. 37 4.
38 33, 5. 39 19, 22. 41 19. 43 5.
44 15,17. 46 23. 48 25. 49 15. 60 6,
20. 61 7. 72 23. — ζ 6 23. 7 24.
28 29. 49 29. 52 7. 57 3. 64 24, 30,
5. 69 30, 8. 75 12. 88 28 s. 98 1.
100 33. 102 12. 103 18. — η1319.
28 15. 31 27. 32 7. 33 11. 35 28.
42 14. 44 15. 51 16. 70 5. 73 10.
80 11. 86 3.- 3 94. 2214. 25 2.
3811. 4011. 46 5. 48 17, 30, 13d.
53 7. 70 10. 76 13, 17, 24 d. 79 33,
9. 95 4. 105 34.

σφίσιν α 19 29. 20 3, 11. 25 3. 4416.

55 14. 64 23. 66 20. 67 24. 91 8.
95 20, 23. 115 25. 126 20. 128 13.
13914. - β26. 35. 49. 524.
211, 6. 2727. 427. 5213. 673.
72 30, 33. 7315. 77 3. 8817. 8928.
-γ534, 2414. 3626. 684. 79
35. 81 8. 82 21. 105 4,11. 106 22.
112 4. -- δ 13 32. 21 8. 22 21, 30.
27 28. 31 23. 3314. 3412. 7135,5.
73 1, 3, 9. 80 4, 5. 96 15. 98 19.
106 17. 113 15. 114 23. 117 9, 13.
123 25, 27. 13011. -— ε 117. 4 16.
1414. 211. 309. 3215. 3536. 404.
41 18. 44 20. 49 7. 63 25. 69 20.
8011 - ζ 192. 3216. 3324. 463.
6314. 641. 6811. 7236. 763. 77
10. 88 34, 20 s. 103 29. - η 3 11.
422. 58. 627. 2933. 3122. 4316s.

