456

29, 32, 6. 53 26, 31. 54 20. 56 3, 8.
62 21. 63 32, 12, 15. 64 26. 65 17,
21. 6611. 68 23. 70 29.7125. 72 4.
73 23. 74 26, 28. 76 30. 77 4. 78 8.
79 25, 28, 11. 81 17, 20. 83 19,26.
84 8. 85 8. 86 21, 26 s. 87 33, 33,
14, 15, 2s. 889, 11. 89 17, 28, 9.
9032. 927, 66. 947, 11, 12, 14.
95 2, 16. 96 26, 15. 98 20, 22'. 99 28.
100 23, 28, 30, 5, 16. 1021, 4. 103
19, 23 104 34, 9. 108 22,1.

ὥςγ132. -ζ112. 9234.

ὥσπερ α 6 32. 14 16. 20 17. 2518.
32· 12. 35 26. 379. 69 17. 716,12.
74 24. 7614. 81 17. 82 25. 90 2.
91 3. 117 28. 120 31. 128 23. 129
16. 134 24. 136 2. 142 9. — β 4 4.
13 9, 13. 15 3, 21. 24 12. 28 4. 42
26. 44 13, 29. 47 19. 51 16. 55 32.
76 2. 84 25. 8710. 89 8. 9011. 93 4.
101 4. — y 1 24. 30 19. 34 25. 36
12. 53 36. 61 34. 64 18, 25. 65 11.
67 19, 25, 35. 70 23. 104 32. 105 26.
109 23. 11615. — δ 215. 16 23.
34 34. 39 30. 62 11. 73 6, 10. 75
15, 20. 76 5. 92 17. 93 13. 100 5.
103 8. 121 21. 129 31. 130 11. —
ε 9 33. 16 13, 24, 5. 14 14. 16 28.
20 30. 29 17. 31 15. 32 6. 351.
37 4. 39 23. 41 24, 36. 44 18. 45
2, 9. 49 2. 59 9. 75 30. 84 27. 9111.
92 21. 98 8. 99 20. -- ζ 6 2.13 25.
16 5. 17 5. 18 19, 25 6. 33 30. 36
10. 37 16. 38 36. 4615. 42 7. 541.
5619. 57 8. 68 5. 78 15. 79 26. 80 9.
8216. 84 9. 9418. 162 9. — η419.
13 30. 15 18. 18 20. 20 27. 25 20.
2616. 3133. 36 8d. 40 17. 42 16 d.
46 17. 48 27,10 s. 5511. 7418.
8026. 859-318. 4 14. 524,
25 d. 17 8. 22 11, 16. 23 25, 3. 28
34. 29 16. 33 28. 41 9. 42 17. 49 22.
57 32. 59 5. 65 9. 69 14. 80 19. 86
26, 8. 87 10. 99 5.

ὥστε α 214. 12 28. 18 22. 2816.
29 31, 4. 34 5. 36 10. 40 26. 41 5.
44 15. 49 5, 8. 56 22. 54 24. 70 28.
74 16. 76 27. 86 18. 814. 81 1. 90
11. 91 5. 119 21. 120 33. 122 23.

ὥς - ὠφελεῖν

124 21, 5. 129 22. 130 5. 136 16.
141 19s. — β 4 20, 23. 11 31. 40
19,26. 48 5. 49 35, 9. 51 27. 53 22.
57 22. 58 4. 62 19. 75 20, 28. 87 14,
33. 97 32. 98 21. 10010. 102 24. —
y 12 5. 13 31. 17 23. 21 20, 24. 23
24. 25 29. 28 26, 36. 31 4. 34 19.
36 24, 29. 43 9. 44 4. 4617. 49 33.
58 33. 64 26. 66 26. 70 33. 74 2.
7513,16. 82 8s. 8719. 93 5. 96 33.
100 18. 102 26. 104 24. 108 23. 114
17. — δ 6 6. 10 4. 1211. 1818.
23 13, 16. 28 23. 2916. 36 3. 3724.
46 11, 15. 47 28. 55 21. 64 8. 65 30.
68 24. 73 12. 78 24, 34. 79 23. 81
20. 8311. 85 20. 97 27. 10014. 104
23. 106 20. 125 32. 130 9. 132 5, 9.
133 19. — ε 6 17. 7 14. 14 32. 16
19. 17 7, 15. 26 29. 27 22. 29 15, 29.
34 7. 35 25, 32, 5. 37 34. 40 3. 42
23. 4932. 50 36. 61 11. 6415. 74 6.
78 11. 94 25. 96 32. 97 3. 109 27.
— ζ 6 20. 712. 1019. 1125. 12
29. 18 23. 24 20. 26 10. 34 3. 37 26.
61 28. 70 15. 77 20. 80 2. 85 28.
88 30 s. 90 26. 91 4. 93 32. — η
4 26.611.116. 1425. 25 20. 28 6.
34 19. 36 27. 42 29. 44 27 d. 48 25.
49 17. 62 7. 63 27. 6412. 75 7. 82
12. 83 29. 86 30. —- 9 5 33. 14 16.
20 32. 45 28, 3, 4. 46 22 d. 47 33.
54 6. 56 3, 12. 63 6. 66 2, 8. 68 2.
76 14, 23d. 79 21. 81 3. 84 9. 86
10,17s. 87 3. 90 6. 104 21. 108 15.

ὥστ’ α 416. 1217. — β 215. 6615.
76 6. 101 32. — y 23 27. 9212.-
ε1418.11613.-ζ34 33 s. — η
44 5, 19. 77 32. - 9 45 22. 73 10.
93 33.

ὠφελεῖ α 73 22. 8315. — β 87 27.
-γ5722-ζ852ο.

ω’ψελοῦμεν β 40 31.

‹affl-237 y 61 28. — ε 82 24. - ζ 16 2.

ὠφελῶσιν η 68 28.

ὠφελοίην ζ 92 18.

ὠφελοίη 9 23 32.

ὠφελεῖν β 51 8. 66 32. — ε 23 34,7.
-ζ 79 31. 87 9.-η 4230. 76 7.—

1‘} 65 24. 118 19.

