εἶμεν - ὅντες

50 2. 51 5. 52 19. 54 19, 29. 56 8.
58 10, 24. 59 6. 60 21. 6311. 66 4.
70 6, 10. 75 20. 76 9, 14, 16. 24 d,
27 d. 79 31. 80 16. 82 11. 83 30.
86 13. 87 17. 89 7. 90 26. 92 27,
30, 12 s, 1 d, 12 d, 13 d. 94 5. 95 4.
96 29. 97 29. 104 22. 106 30.

εἶμεν ε 77 22, 28. 79 16.

ὤν α 41 17. 57 32. 85 25. - β 80 5.
— y 26 4. 7033. —- 8 70 16. 7819.
8925. - ζ 8833. - 9 6121230.
31 18. 45 21. 47 30. 56 17.

ὢν α 9 5. 20 7. 8712. 127 5. 130 28.
132 29, 21. 136 15. — β 13 3, 5.
21 6. 55 31. 65 14. 80 4. 85 8. 102
24. - y 36 30. 44 2. 102 13. 111
14. - 8 5 29. 21 11. 27 7. 43 30.
59 16. 78 17,32. 79 20. 83 5. 1014.
— ε 9 8s. 43 29. 52 28. 59 24. 76 8.
- ζ 12 3.15 4, 9. 54 1, 4. 55 32,
9, 14. 59 30, 35, 12. 61 9s. 84 15.
92 17, 18. — η 1 10. 31 18. 33 2.
39 22. 44 24 d. 46 21. 81 22. 86 6.
— 9 17 4. 28 28. 29 22. 47 25. 50
16. 99 33. 106 11.

οὖσα α 49 16. 122 14. - β 8 18. 15
15. 18 34. 30 16. 32 6. — y 30 23.
46 9. 62 17. [84 2.] 89 14. - 8 13
30. 241. 39 29. 67 20. 711.- ε
103 1. - ζ 1 25, 27. 22 19. 59 5.
89 1.- η 28 21. 50 1. 73 20.

ὅν β 44 16. 4918. - y 22 211531.
— 812613. - ε3231.- η 4235.
59 7. 76 4.

ὂν α 2 22,12. 36 3134 1.- β 50
27. 519. - y 38 32. 47 13. 10210,
22. 114 22. — 8 3 1. 10 29,1.15
32: 17 30, 33. 20 2. 22 30. 29 21.
6223. — ε 412. 26 24. - η4410.
779s. — 9 6011. 665. 683. 961.

ὄντος α 9 22. 14 25. 95 33. 107 29.
- β 80 4. 101 31. 102 16. - y 12
11. 22 20. 26 4. 79 8. 102 19. - 8
2 22. 64.911. 1126. 67 14. 7211.
84 27. 93 3. 103 11. 124 15. - ε
8 27. 10 36. 29 13. 4310.- η 291.
34 22. 36 12 d. 50 9. 77 10 s. 79 22,
25. - 9 25 33. 32 26. 40 22. 4223.
61 31. 90 9. 94 15.

119

οὔσης α 2 19, 14. 73 32. 74 21, 22.
90 21. - β 18 14. 85 4. 89 29 s.
— y 33 29. 76 1. 89 12. 100 23.
105 33. 106 16. 112 30. - 8 10 31.
13 22. 29 9, 22. 35 32. 41 12. 76 25,
28. 83 37. 91 22. 10310. 108 15.
11012. 114 22. — 51133. 14 13.
41 21, 28. 56 32. 78 10. - ζ 4 33.
66 30. 69 22. 82 34. - η 33 30.
36 76. 44 32 d. 47 29. 51 23. 53 9.
62 10. 71 23. 73 19. — 9 44 4. 50
12, 21. 51 29.

ὄντι β 25 28. 9018. - 8 2 24. 1337.
28 15. 68 3. 93 5. 126 33. 129 12.
- ζ2829.- η3115. 8425.-
9 48 26. 73 23. 85 7. 92 10 8.

οὔσῃ [315 26. 87 31.—834.—s
1015. — η 29 31. —- 9 3119.
35 24.

ὄντα α 9 19. 10 28. 11 25. 20 1, 6,
16. 21 27. 25 10. 36 15. 57 6. 88 3.
113 10. 132 27, 28. 134 22, 26. 136
21. 140 27. — β 2928. 4532. 8017.
95 11. 97 28. 100 24. - y 27 18.
45 29. 52 25. - 8 8 16 d. 10 25.
27 6. 83 36. 104 27. 108 34. 126 34.
— ε 9 33.7516.105 28. — ζ38 2.
46 11. 60 25. - η 2 29. 4 23. 8 5.
14 22. 48 10 s. - 9 31 12. 42 20.
50 31, 33. 64 22. 68 6. 70 9. 8911.
92 2. 96 7.

οὖσαν α 2 7. 24 30. 25 3. 26 31. 38
26. 52 27. 6425. 6616. 73 8. 93 20.
- β 2 3,11. 15 8. 771. 85 9.100
30. — y 312.11112.— 8 711.
12 13. 25 27. 30 34. 43 13. 52 6.
78 34. 127 35. — ε 8 25. 35 11.
43 35. 75 23. — ζ 6 10. 16 12. 37
26. 62 36. 77 6. 92 10,11,24. 95 6.
- η 3620. — 9 115. 2415. 412.
62 19. 104 13. 107 5.

ὄντες α 7 27. 8 29, 11. 11 17, 18. 22
36. 24 29. 25 16, 19. 32 31. 38 13.
41 5. 55 10. 68 21. 73 27. 781.
84 2. 92 22. 117 24. 118 5. 14112.
-β36.416. 207. 3083123.
36 13. 37 27, 11. 39 26. 58 30. 65
33, 25 d, 3s. 72 1. 84 4. 88 18. 99
35. 100 21. — y 2 7. 9 15. 10 1, 3.

