376

β 17 21. 4417. 714. — γ 403611.
58 24, 7. — δ 3 4. 40 36. 41 12.
95 11. - ε 16 24. 31 31. 43 35.
60 20. 69 10. - ζ 55 8. 78 8. -
η 40 11. -— 9 47 28. 52 20. [9016].

ποτε α 13 27. 19 34. 23 7. 41 8. 47
31. 60 17. 68 25. 93 31. 120 5. 128
11, 132 33, 21. —- β 15 3. 48 13.
51 31. 54 14. 64 34. 89 3. 93 31.
102 15. —- γ 10 7. 11 28. 32 20.
52 8. 64 29. [84 9]. 95 5. 104 29.
105 31. — δ 1 29. 912. 10 9. 1829.
55 29. 57 4. 60 9. 78 23, 25. 95 4.
103 35. 109 27. - ε 41 30. 42 9.
98 13. — ζ 6 27. 30 32. 34 2. 38
7, 14. 82 37. 87 19. 89 28. 92 2. -
η 70 38. -—- θ 4517. 46 28,10. 62
24. 68 27. 73 8. 85 2, 8.

ποτ) γ 59 25.

πότερον α 80 31. —- ζ 38 24.

Ποτίδαια α 60186129. 64 32.

Ποτιδαίας α 57 3. 60 8. 65 11. 67 23.
85 18. 139 36. 140 6. — β 67 12.
- y 17 25. — ὁ 121 24. 129 36.
130 25. 135 4.

Ποτιδαίᾳ α 64 29. 119 25. - β 2 29.
31 29. 58 34.

Ποτίδαιαν α 58 22. 59 2. 61 33. 62 22.
63 1, 3. 66 16. 68 27. - β 13 30.
58 32, 12. 67 29. 70 20. 79 32. —
y 17 22, 26. - 6120 7. - ζ316.

Ποτιδαιᾶται α 58 15. 62 4. 6423.
-- β 70 34.

Ποτιδαιατῶν α 57 12. 62 29. 63 16.
66 21. —- ε 3013.

Ποτιδαιάταις α 60 17. 62 10. 63 6, 16.
71 12. 124 24.

Ποτιδαιάτας α 56 20. 57 28.

Ποτιδαιατικὰ α 118 31.

Ποτιδανίαν γ 96 24.

ποτοῦ ζ 100 5.

ποτόν β 49 6.

ποττώς ε 7717.

ποῦ 9 27 8.

πού α 37 3. - β 3713. — y 34 30.
—6472- {3736—27753.
— 9 4 20.

που α 18 22. 68 21. 69 25. 771. 95 2.
1214. 126 34. 132 32. 13428. 142 26.

ποτε —— πράσσοιμεν

—- β 17 23. 39 35. 6315. -·- γ56 2.
82 33, 23 d, 5 S. -· ὃ 4 19. 92 32,16.
—- ε 11 2. 1819, 25 S. 9113. 9918,
20. 100 24. — ζ 10 8. 12 35. 2217.
92 7. -- η [49 15]. 61 15. 68 16. 70
ss. 77 14, 22, 31, 12 s. -— 9 2714.
42 19. 69 25. 99 31.

πόδα γ 22 5.

πόδες γ 21 19. —— ε 10 19.

ποδῶν γ 68 23.

ποδὸν γ 97 3.

πόδας β 49 20 d. — y 21 18. 98 29.
-δ12619ί1.- &6412— 191714.

πρᾶγμα β 64 23. - y 49 2, — ε
38 6. - ζ 12 8. 27 20. 35 29. 53 25.
- θ’ 68 11. 72 9.

πράγματος α 128 25. — ε 4 21. ——-
θ 89 22.

πράγματα α 68 12. 74 2, 7, 28. 89 4.
110 21. 128 22. —- β 8 33. 40 15.
65 32, 27 d. — y 11 19. 30 27. 62
14. 72 18. 86 11. - δ 2 23. 2428.
76 3, 26. 12013. 132 7. -— ε 62 22.
80 5. — ζ 4420. 6218. -- η 274.
42 20. 48 9, 20, 27,9S. 49 16. 56 24.
- 9 2 16. 26 21, 45 26. 46 20 d.
48 13, 3, 13 d. 50 34. 55 21. 6313.
75 7, 17. 78 9. 81 3. 82 28. 85 1.
89 24. 92 24. 97 29. 106 30.

πράγματά γ 93 3.

nociyuocz' 9 24 25.

πραγμάτων α 1612. 73 12. 97 1. 129
15. 140 31. - y 4215. -·· δ 74 36.
- ε 46 23. — ζ 9 23. 247. 2722.
— η 75 25. -· θ 58 8. 65 22. 72 6,
85 23. 89 28. 92 33. 97 4, 8.

πράγμασι ε 26 5.

πράγμασιν γ 28 23. 82 28.

πράξεως y 114 8.

πρᾶξιν ζ 88 5d.

πραότητα δ 108 23.

Πρασιῶν η 18 5. - 9 95 20.

Πρασιὰς β 56 15. — ζ 105 9.

πράσσομεν ε 105 24.

πράσσετε (Imperat.) η 15 15.

πράσσουσι ε 89 35.

πράσσουσιν α 141 17. -— δ 114 2.

πράσσωσι α 71 34.

πράσσοιμεν δ 87 28.

