δυνηθέντες ——- δύο

δυνηθέντες ζ 64 21.

δυνησόμεθα δ 60 35.

δυνήσεσθαι η 36 10 d.

δύναμις α 151.4232. 118 7.12132.
-- β 41 4. 62 21. 97 22. -ζ 16 33.

δυνάμεως α 10 14. 17 22. 24 24. 39 5.
708.7333.1183.-β26. 74.
49 11.—y39 7. 951.—-‹51815.
73 21. 76 28. 83 35. 108 28. -— ε
95 29. 104 16. -— ζ 31 29. 46 12.
78 4. 102 13. -- η 28 2. 66 14. -
θ 17 9. 73 25.

δυνάμει α 9 13. 11 13. 18 11, 17. 25
19. 32 31. 55 10. 59 4. 6911. 77 6.
138 17. 144 1. - β 39 33. 89 8. -·
y 9 16. 56 29. 93 30. - δ 55 14.
62 17. -- ε 105 30. 109 24. 11117.
- ζ 10 8. 20 19. 313. 34 1511.
482. 866.-η21 19.-3220.

δύναμιν α 9 18. 10 22. 33 11. 35 22.
39 8. 45 3. 70 6. 72 33. 76 28. 82
24. 93 6. 126 30. - β 41 10. 43 19.
48 12. 64 32. 65 3,18. 71 6. 73 23.
—- y 3 18. 39 2. 54 28. 57 20. 82
25 d. 87 20. -— δ28 13. 4811. 60 1.
77 30. 118 26. 124 5, 8. - ε 4 17.
9 14. 14 9. 20 31. 44 18. 97 2. —
ζ 6 27, 30. 10 16. 11 11. 16 27. 17
23, 28. 21 28. 24 15, 19. 33 11. 47
33. 54 7. 76 21. 78 12. 82 10. 84 6.
89 20. 90 17. 92 24. - η 37 14.
42 17. 56 30. 77 13s. — θ 2 15.
5 6, 10. 27 27. 81 13.

δύναμίν ε 104 13.

δυνάμεις α 2 3. 10 24. - y 62 14.

δυναστεία y 6213.

δυναστείᾳ δ 78 24.

δυναστείαν δ 126 29.

δυναστείας ζ 38 12.

δυναστεύοντι ζ 89 29.

ἐδυνάστευσέ β 102 9d.

δυνάστης η 33 2.

δυνατός α 126 25.

δυνατὸς α 128 4. - β 15 5. 65 14.
- ε 21 8.

δυνατὴ y 46 9.

δυνατόν α 53 15. - β 28 5. 89 26 s.
- ε231,8,13. 4729,3. —9
37 27, 30.

109

δυνατὸν α 9 28. 22 9. - β 72 6. 97 5.
102 16. - y 42 18. 47 13. — ὃ 11
27. 66 21. 87 18. —- ζ 22 20. 71 8.
-η3626.-34ο 21.

δυνατὴν α 13 3. - η 56 29.

δυνατοὶ α 13 30. 89 22. 102 3. 1418.
- β 25 26. -- y 12 9. 28 24. 39 27.
-ε44,6.-ζ346. 869.—9
44 31. 48 12.

δυναταὶ η 60 25.

δυνατά ζ 92 34.

δυνατὰ γ 38 9. 86 10. — δ 65 7. -
ε 35 29. 89 31, 34. - θ 106 30.

δυνατῶν β 3 2. —- <551 22. -— η 74 8.
— θ 21 4.

δυνατοῖς y 47 4. - θ 21 1. 73 19.

δυνατούς α 24 26.

δυνατοὺς y 27 20. — θ 63 6.

δυνατώτατος α 127 5.139 21.

δυνατωτάτου β 2 9.

δυνατωτάτην β 11 10.

δυνατώτατοι α 2 11. - 9 47 5. 90 19.

δυνατώτατα α 14 12. -— ζ 16 17.

δυνατωτάτων θ 44 28.

δυνατωτάτοις α 115 19.

δυνατωτάτους β 68 33. - ζ 84 10. -
θ 47 33.

δυνατωτέρου α 76 22.

δυνατωτέρας α 13 11.

δυνατώτεροι α 8 9. 25 21. 122 23. -—
-γ1113.-3769,14.

δυνατωτέρους α 69 20.

δύο α 10 16. 27 28. 36 17. 74 5. 82
30. 93 10. 104 13. 134 1, 3. - β
2 28. 10 31. 25 5. 47 19. 6214. 65 3.
76 23. 79 27. 95 7. - y 6 10. 15
27. 21 16. 26 33. 42 12. 50 16. 51
31. 57 17. 77 14, 19. 87 19. 89 18.
90 37.112 16. -· ὃ 8 27.1611,12.
39 21. 43 11. 87 23. 96 32. 102 12.
113 11. 114 24. 122 13. 124 23. —-
ε 3 22. 4 35. 37 2. 49 2. 59 23. 71
13. 76 9. -- ζ 62 14. 93 4. 104 14.
- η 16 23. 23 18, 25. 24 9. 27 12.
28 28, 4. 33 6. 38 3,13. 41 31. 45 8.
50 15. 70 27 d. 87 19. - θ 26 9.
44 15. 61 7. 74 23. 87 3S. 91 21.

- 94 3. 95 20 d. 100 8. 102 15. 103 25.

106 20, 20.

