Ἀθηναῖοί-Ἀθηναίων 7

15, 21, 23. 52 25. 56 23. 59 13.
61 34. 62 17. 67 21. 73 13. 75 30.
77 21. 30 23. 33 3. 34 19, 21, 29.
111 5. 112 31, 34. 113 6. 114 13.
115 24, 34.

ζ 1 17. 6 10, 34. 7 20, 23. 3 35. 11
15. 16 22. 19 34. 20 3. 25 26. 26 2.
30 24. 33 1, 26. 34 2, 10 d. 35 25.
33 36. 40 13. 42 5. 43 17. 50 15.
51 33. 53 19. 61 11, 25, 11 s. 63 2,
5. 65 19, 24. 66 30. 67 13, 15. 63 1.
69 4. 70 24, 32. 71 34. 74 23. 7317.
30 22. 33 1, 9. 91 15, 17. 93 11.
94 16. 96 15. 97 31, 16. 93 31. 99
29. 100 32, 4. 101 25, 9. 103 15.
105 32.

2 32. 3 10. 4 2, 4, 3, 10. 5 7, 10.
6 26. 11 23. 16 21. 17 4, 16. 13 4.
19 19. 20 21. 22 5, 6. 25 3,10, 12.
17. 27 27, 11. 23 25. 32 13. 34 26,
15 d, 17 d. 37 23. 33 16. 40 5. 41 26.
42 9d. 43 7. 44 25, 11. 45 11. 43
24. 49 5. 50 2. 51 23. 52 23. 53 16,
26. 54 2. 55 7. 56 20. 57 15, 12 s.
59 12. 63 22. 65 24. 70 1, 2s‚ 10 s.
72 23. 73 27. 74 19. 77 3, 12 s. 73
30, 9, 13. 79 20, 26, 33, 3, 7. 3127.
33 5. 34 11.

3 4 14. 7 31. 3 22. 9 1. 10 11, 13,

21, 31. 16 25, 23. 17 14. 13 26. 19
10, 13. 23 3, 23. 24 30. 25 10, 23.
31, 1. 27 17. 33 16. 35 20. 33 33.
42 25. 43 2. 44 3. 45 30. 50 29.
56 20. 60 12, 20. 71 25. 79 25, 9.
92 36. 94 12. 95 21, 3, 12, 246.
97 24, 1. 102 30. 103 21. 104 31,
1, 14. 106 10. 107 33.

Ἀθηναῖοι β 73 21.

Ἀθηναίων α 1 2. 3 31. 10 20. 13 26.
20 4. 31 34. 49 26. 50 31. 54 15.
55 12. 53 19. 59 32. 62 9, 18, 30.
63 11, 17. 65 7. 67 27, 33, 3. 63
13, 19. 71 10. 72 25. 79 9. 32 26.
36 26. 39 16. 97 12. 100 2. 101 21.
102 3. 105 22. 107 1, 3, 7. 110 3.
111 14. 113 16. 114 22, 23, 25. 115
25. 113 3. 119 21. 121 32. 126 29,
13 d, 26d. 127 2. 131 11. 136 26.
137 9. 133 23. 139 4, 20.

β 1 19. 2 3. 3 31. 9 15. 11 15. 13 3.
15 22, 30. 19 24. 21 2. 22 17, 21.
23 9. 25 32. 27 33. 29 4. 31 27, 1.
3. 32 4. 43 3. 56 2, 6. 57 20. 53 5.
67 23, 29, 33, 17, 21 d. 69 31. 70 7,
72 31. 73 32. 79 17, 19. 30 3, 3 d.
33 35. 35 29. 36 3. 90 30. 91 511.
92 12. 93 22. 95 16. 10125. 10210.

y 1 25. 2 31, 9. 4 14, 21, 23. 5 31, 3.
13 22, 22. 16 11. 20 30, 32. 31 2.
32 13, 20. 36 23. 5019. 55 3. 62 7,
20. 63 31, 34, 3. 64 32. 63 16, 34.
69 2, 10. 70 19, 24. 71 3. 75 10.
77 11, 19. 30 17. 37 19. 39 13. 90
32, 34, 7. 94 13. 95 35, 5, 12. 97
15. 93 34, 1, 4. 100 19. 101 23.
102 12. 103 7. 105 4, 5. 107 33, 13.
114 4, 11. 115 32.

ὁ 1 26. 7 9. 3 6.123,9.1323.151.
16 14. 21 17. 25 5, 6, 7s, 19 s. 27
34. 23 10. 29 1. 33 15. 33 37, 17.
40 37. 42 3. 43 15, 13, 24, 26, 31.
44 26. 46 5, 12, 23. 47 29. 50 4.
51 20. 56 15. 57 17. 60 35. 64 25.
65 33, 36. 66 12, 23. 67 27. 63 23,
35, 2, 14. 69 26. 71 2, 4. 72 17, 23.
74 27, 35. 75 16. 76 35, 27. 77 5.
79 15, 16, 21. 30 25. 31 26. 36 27.
33 7. 39 15. 94 33. 96 22, 26, 30,
34, 3. 97 17. 99 27, 31. 101 21, 25.
32. 102 3. 103 5. 104 25. 105 3.
106 13, 23. 103 22, 23, 32. 110 33.
114 17. 115 22. 113 32 d. 119 20.
120 25, 7. 122 30. 123 1. 124 23.
129 7, 13. 132 23. 134 23.

ε2 23. 3 3,30. 434, 2. 3 22.93s.
10 29, 1411, 22 d. 11 6, 7, 9. 13 26.
14 9. 13 29, 10, 19, 27 s. 19 16. 22
26, 30. 23 5. 24 27. 25 2. 26 13.
23 32. 29 27. 30 3, 9, 15. 32 7. 35
11, 20, 30, 35. 36 13, 24. 39 14, 20.
40 2. 42 12. 44 12, 29. 47 26, 11.
43 20. 50 23. 52 23, 29. 55 30, 10.
61 27. 71 3. 72 2. 74 3. 75 26. 73
12. 30 6, 12. 32 1, 19, 23. 34 26.
36. 114 13. 115 30. 116 3.

ζ, 7 5, 14, 15. 3 31. 13 22. 15 36,12.
25 23, 30, 32. 27 13. 31 3. 32 26.
43 24. 46 7. 47 33. 52 3. 54 27.

