348

πάντ’ β 67 13.

πᾶσαν α 113 17.1141.140 15. — β
1916.4131,14. 57 27. 77 2. 807.
— y 68 21. 112 38. — 6 60 35. 61
18. 92 13. - ζ 2 30 d. 21 7. 87 29.
92 15. — η 22 31. 33 10. 43 26.
86 7. — 9 56 14.

πάντες α 10 34. 151. 101 26. 113 20.
14111. - β 817. 96. 52 10. 793.
92 13. 96 27. 101 24. - y 20 33.
23 17. 39 21. 85 22. 96 32. 101 1.
— ὁ 32 30, 33. 38 14. 42 4. 47 27.
118 30. 121 16. 122 33. 124 10. —
ε 11 32. 501. 6013. 61 2‚5. 6413.
68 35. — ζ 11 14. 18 32. 76 26.
79 34. 98 6. — η 44 16. 57 28. 58
16. 67 29. 68 17. 71 13. 75 16. 82
14. — 9 2 6. 7 31. 14 26. 6912.
75 16. 86 24. 89 6.

πᾶσαι α 116 3. - β 9 21. 49 28. —
y 17 23, 30. 10412,17 s. m 6 2313.
-ε714.-ζ1ο47. -η592,
601.— 9 100 9. 102 11.

πάντων α 26 27. 4114. 126 31. 1391.
— β 2 20. 13 36. 21 7. 39 29. 49
17, 22 d. 64 23. - y 11 26. 37 10.
45 34. 54 28. 57 20. 58 5. 65 7. 66
20, 2. 8133. 82 316. - ὃ 8 226.
9 7. 1124. 14 27. 27 26. 491. 52 2.
62 5, 23. 77 4. 78 28. 86 32. 89 24.
— ε 3812. 45 30.— ζ 18 26 d. 39 3.
46 17. —— η 14 17. 28 22. 7119,23.
80 12. — 9 45 27. 57 31. 68 24.
73 11. 74 33. 83 30. 96 17.

πασιῦν β 10 2. - y 45 15. — <558 9.
9115.-ε47 32,5. -ζ5ο 4.-
9 15 11. 51 30.

πᾶσι α 19 32. 75 9. — β 111. 3615.
37 30. 64 7. — y 56 15, 25. 64 27.
— 5· 18 17. 861. 92 6. 97 22. —
ε2928. -ζ8326.-η5ο26.
86 22.

πᾶσί 6 78 21. — 9 2 19.

πᾶσιν α 90 3. 124 5. - β 11 30. 64
3ο,3.976.-γ9412.-ε286.
-ζ 2019. 2326. 2413. 4329. 57 4.
65 15. — η 50 32. 69 9.

πάσαις γ 47 32. 77 12. —— ε 47 >22 d.
77 25.— {43 18.— η1331.-

πάντ’ - ἐπάθομεν

θ· 29 17. 43 3. 55 20. 60 16. 79 22.
100 3.

πάντας α 6 33. 10 35. 60 13. 79 10.
87 24. 9012. 91 15,17. 106 19. 121
27. 130 5. — β 15 9. 20 9. 39 36.
53 30. 60 3. 67 14, 19. 71 2. - γ
34 29. 63 5.1114. - δ 3111. 57 3.
1143.—6622.81. 6626.-ζ
53 22. 87 8. 99 22.- η 1 17 S. 3 28.
29 6, 14. 3216. 36411. 39 27. 43 23.
53 23. 73 13. - θ· 21 3. 73 7. 74
29. 75 11. 90 14.

πάσας α 100 6. - β84 9. 90 25. 101 1.
102 26. - y 104 21.- δ 16 6. 101
33. -— ε 77 29. - η 52 4. 60 32.
75 26. - θ 7 4. 27 13. 30 33.

Πασιτελίδας ε 3 6,10.

Πασιτελίδαν ε 3 18.

πασσέληνος η 501.

πασσυδὶ θ 1 6.

πάσχει ζ 78 2.

πάσχομεν y 56 13.

πάσχουσιν η 69 1.

πάσχοιεν δ 38 34.

πάσχειν α 38 14. 68 16. 8635. 121 12.
122 30. 124 30. 136 28. — y 40 33.
—- ε 23 3, 10. 47 31,5. — ζ 3312.
89 24. - η 11 10. 61 16.

πάσχων θ 66 3.

πάσχουσα α 34 31.

πάσχοντα ζ 77 25.

πάσχοντες α 77 16. —- β 40 25. -
y 67 18.

πασχόντων γ 39 36.

πάσχοντας β 48 16. 74 28.

πάσχοντάς β 11 2.

ε’πασχον β 21 7. 54 13. - y 66 29.
- η 71 6.

πέπονθε θ 48 4.

πεπόνθατε ζ 11 16.

πεπόνθασι y 68 5.

πεπονθέναι y 68 11. —— η 66 15.

πεπονθότας η 75 10.

ἐπεπόνθεσαν δ 34 34. - ζ 88 21.

πεπόνθεσαν η 71 19 d. ·

ἔπαθον α 96 28. - ζ 104 26. - η
77 24.

ἔπαθεν δ 96 19. — η 42 22.

ἐπάθομεν ὅ 18 15.

