ἡνέσχοπο - ἀντέστησαν 3 1

ἠνέσχοντο y 28 35.

ἀνασχετὸν α 118 9. - β 21 27.

ἀνεκτός θ 90 29.

ἀνεκτὸν η 5 22. — 3 52 19.

ἀνεκτοί η 87 17.

ἀνεκτοὶ β 35 30.

ἀνεκτὰ η, 77 24.

ἀνεψιὸς α 132 29.

ἀνήκεστον α 13218. — y 39 29 8.
-— 6 20 19.

οἷνηκέστου y 45 24.

ἀνηκέστοις ε 111 18.

οἷνηκουστεῖν α 84 1.

α’νήκουσιν y 45 19.

ἁνήρ ζ 64 32. - θ 6819.

σένὴρ α 79 14. 126 24. 132 21. 139 19.
—- β 25 30. 34 8. 60 34. 97 15.
103 16. — y 3 35. 29 16. 104 15,
18s. — 62111. 38 3. - ε 3 29.
9 32. 43 28. - ζ, 54 3. 72 21. —
θ 61 26. 68 13, 1. 90 17. 93 24.
99 33.

ἄνδράς α 126 26.

ἀνδρὸς α 129 25. 132 17. — β 2 9.
42 27. 65 23 6. 103 17. — y 20 1.
826.- 6766. 89 22.-ε329.
-ζ593,5.-θ50 29213.

ἀνδρί β 43 7.

ἀνδρὶ α 25 17. - β 35 23. 60 8. -
ε6033.- ζ 1310. 8517.—3
29 24. 93 24. 98 23.

ἄνδρα α 74 3, 9. 109 6, 12. 128 6.
132 26. — β 12 16. 29 9. 41 33.
97 18. — 6 50 6. 8115. - ζ 6430.
919.- 3 6 15. 119. 6132. 7417.
87 38.

ἄνδρες α 37 9. 531,10. 107 6. 11511.
120 27. 124 31. 142 3. 143 8. — β
2 30, 4. 11 5. 43 23. 46 13. 72 16.
732087 7.8922.-γ28. 98.
14 21. 22 23, 2d. 24 8, 17. 52 18.
65 5. 70 26. 98 3. - 6 10 18. 1410.
27 8. 39 19. 46 10. 56 6. 67 4. 92
27. 110 34. 126 18. - ε 9 3, 33.
10 30. 28 28. 37 2, 11. 59 23. 68 3.
76 2, 12. 78 11. - ζ 10 7. 34 21 d.
38 2. 50 9. 68 33. — η 31 9. 34 7.
61 11. 66 10. 71 21 d. 77 8s, 14s.
— 3 33 20. 34 5. 35 21. 43 12. 60 9.

ἀνδρῶν α 5 13. 10 30. 67 24. 69 28.
120 8. 129 19. - β 5 19. 6 18. 35
20. 43 30. 89 36. — y 30 19. 36 4,
8. 57 7. 62 14. 66 33. 76 2. -- 6
11 35. 14 8, 26. 17 29. 18 21. 2516.
41 6. 76 4. 108 11 s. 110 8. — ε
15 24. — ζ 5 4. 11 25. 12 31. 36 7.
64 33. 102 4. — η 68 11. 77 15 s,
83 6. — 3 1 30. 19 11. 25 23. 44
28. 54 7. 68 2. 98 16. 102 16.

ἀνδράσι y 58 10. 68 19. — 6 15 33.
16 10. 22 27. — η 68 18. - θ 39
31. 102 15.

ἀνδράσιν β 90 32. — 6 14 5. — ζ 9
23. - η 25 4. 41 33. 77 9s.

ἄνδρας α 53 31. 54 25. 66 16. 71 14.
8024. 9128. 108 26. 113 18. 11515.
13513. 143 3. - β 2 6. 5 32, 2,
4, 9. 625. 3323. 67 3. 8413. 90 30.
92 29. 100 7. 102 12. - y 3 34.
20 3. 23 9. 32 12, 17. 35 35. 50 7.
7028. 7513. 8132. — 6 15 3. 19 2.
21 6, 7, 19. 23 16. 27 25, 5. 30 6.
38 10. 39 30. 4120. 47 30, 34. 48 4.
50 13. 57 33. 60 5. 74 8. 76 13.
95 36. 108 12 s. 110 7. 117 13, 15.
132 8. — ε 17 31. 18 18. 21 1. 24
33. 27 23. 28 30. 42 6, 11. 63 2.
69 11. 77 18, 19. 84 19. 115 32. —
ζ 61 20. 68 4. 74 24. - η 21 16.
41 35. 43 32. 53 22. 83 31. 86 28.
- θ 7 1. 39 24. 47 33. 54 22. 67
19, 4, 4. 70 5. 71 28. 72 3. 73 6.
95 21 d.

Ἀνήριστος β 67 22.

α’νθείλσντο ζ 103 3. - 9 76 27.

ἀνθάπτεσθαι θ 97 8.

ἄνθήπτετο θ 50 12.

ἀνθεῖλκον 61412.

Ἀνθεμοῦντα β 9915. 100 3.

Ἀνθεστηριῶνι β 15 21.

ἤνθησαν α 19 35.

Ἀνθήνην ε 41 22.

οἷνθησσᾶσθαι 61916.

ἅνθεσταῖτα η 13 10.

ἀνθεστῶτας ζ 70 19.

ἅνθίστασαν c< 105 10.

ἀντέστησαν α 54 21. - 6115 17. 127
27. 134 2. —- ζ ’16 3. - η 45 10.

