272

43 14 s. 44 9. 52 33. 53 22. 57 34 s,
59 4. 66 33. 70 25. 71 7. 72 26.
77 8. 81 6. 82 8. 84 9. 86 17. —-
θ· 2 7, 12, 20. 5 9. 8 14. 18 21, 25,
28. 32 29. 37 18. 61 10. 79 19.

ξὺμμαχοί α 32 21. 8518. —- ε 61 11.
77 2, 4. 79 22.

ξύμμαχοι α 57 5·-[>'99 32.— 68311.

ξυμμάχων α 10 17. 18 20. 61 34. 62
19. 6317. 67 32. 7413. 75 34. 79 8.
82 23, 5. 83 17. 8834. 90 26. 94 30.
96 25. 97 34. 100 3, 12. 102 11.
104 10. 105 31. 107 31, 10. 110 4.
112 25. 113 9. 12213. 128 30. 143 4.
144 20. - β 120. 13 20, 25. 25 26.
62 13. 65 68. 67 17. 69 32. 83 29.
89 1. 100 5. - y 5 30. 10 34. 13 3.
37 5. 39 24 S. 56 37. 57 22. 62 27.
8613. 90 36, 7. 981. 10021. 103 1.
- ὁ 712. 2512. 30 1. 40 37. 42 27.
48 31. 5311. 74 31. 75 25. 77 1.

ξύμμαχοί - ξυμπαρέμεινεν

80 29. 81 6. 82 19. 86 28, 33, 9.
87 22, 24. 8916. 9115. 95 10. 97 3.
102 33. 109 14. 4111 8. 115 5. 119
18. - β 9 4.17 27. 65 11. 71 2, 5.
— y 6 7. 13 25, 10. 15 25. 19 22.
32 14. 37 2. 52 21. 54 17. 55 7. 67
21. 68 13. — (1113222 32. 50 5.
61 12. 64 22. 80 28. 85 5. 86 25, 26.
88 9. 102 7. 108 13, 18. 109 18.
114 4. 118 8,14.- ε 416. 9 28.
14 3. 17 13. 18 33, 33, 34, 35, 6, 9,
12, 32 s. 32 1. 35 18. 36 20, 22, 25.
38 3. 45 7, 14. 46 32, 2. 47 20, 21,
22, 23, 24. 54 26. 55 34. 58 18, 25.
61 1. 63 27. 64 7, 24. 65 7. 75 13,
15. 94 26. 111 22. — ζ 6 19, 26.
10 19. 11 16. 13 24. 18 24. 26 6.
47 34. 62 34. 80 8. 85 23. — η 4 12.
5 9. 17 2. 1814. 32 7. 73 14. 82 5.
86 4. — 3124,5,23‹1.619. 15
29. 32 7. 37 12, 14, 16, 21. 40 26.

82 33. 89 20. 126 25. 129 34. - ε
2 25. 5 34. 18 23 8, 27 S. 25 7. 30
4, 6, 14. 47 17, 9, 24 d. 48 28. 52
28, 30. 58 27. 59 18, 20. 60 2, 22.
61 36. 69 14. 73 7. 79 30. 82 15.
84 24. 109 26. 110 33. 114 17. —-

58 12, 17, 18, 22, 26. 65 11.
ξυνέμενέ η 80 26.
ξυνέμεινεν α 18 19. - δ 74 13. -- θ
73 4.
ξυνεμετρήθη β 44 15.
ξυνεμετρήσαντο y 20 6.
ξυμμέτρησιν y 20 13.
ξυνέμιξαν α 5016.
ξυμμῖξαι β 84 20 s. — y 110 29. - ε
9 29. 65 1. - θ 104 10.
ξυμμίξαντες α 49 10. - θ 25 25.
ξυνεμίχθησαν β 31 26.
ξυμμιγεισιῦν θ· 42 35.
ξυμμιγείσαις θ 103 17.
ξυμμίσγει η 26 8.
ξυνέμισγεν η 6 2.
ξυνέαισγον α 62 25.
ξύμμικτος β 98 27.
ξύμμικτον 6 166 14.
ξυμμίκτων ζ 5 22.
· ξυμμίκτοις δ 109 25. - ζ 17 29.
ξτμμίκτους y 61 32.
ξύμμοροι δ 9316.
ξυμπαραγενόμενοι ζ 92 22.
ξυμπαραγενομένων β 82 25.
ξυμπαρακομίσαι θ 4131.
ξυμπαρακομισθῆναι θ 39 8.
ξυμπαρέμεινεν ζ 89 29.

ζ 6 31. 22 10. 25 31, 32. 30 20, 25.
32 20. 43 22. 65 14. 68 3. 69 6, 9.
713,5,10. 7712,21. 86 22. 913οἆ.
— η 5 14. 16 27. 20 31. 26 19. 34
24. 37 23. 4210. 43 3. 45 12. 5316.
56 25, 2. 61 12, 21. 70 5. 78 25,10.
86 20. — θ 128. 3 30. 421. 1834.
22 19. 24 22. 25 10. 37 6, 19, 29.
58 6, 9. 14, 15, 29. 91 1.

ξυμμάχοις α 18 25. 53 12. 68 24. 73
7, 12. 76 15. 125 ll. — y 15 26.
38 35. 39 35 S. 4018, 48. 55 9. 90
31. 95 1. 97 13. 103 7. — δ 8126.
117 20. 118 24, 31, 24 d. 11912. -
ε 9 3s. 18 29, 30,1d. 29 28. 54 20.
61 35. 64 11. 69 18. 77 23, 24, 5,6.
79 27. -- ζ 6 14. 10 25. 88 32. -—
η 4213. 70 55. - θ 18 31, 33. 25
18. 58 31. 84 15.

ξυμμάχους α 19 28. 30 18. 31 2. 35
10. 40 30. 431‚6. 44 19. 56 21‚27.
62 14. 67 26. 68 17. 69 34. 77 33.

