αὐταῖς —— α ’τοὺς 6 3

66 30. 67 8. 69 16, 27, 27. 73 29,
4, 9, 11. 76 30, 28 6. 79 26, 21, 12.
86 23. 81 8. 83 18. 84 16. 85 23.
86 5. 87 14. 89 3, 11. 92 4. 93 21.
94 13. 95 24, 10. 96 2, 14. 98 19.
100 5. 162 1, 15. 103 27. 104 16.
109 16.

αὖταῖς α 35 16. 36 6. 146 16. - β
24 21. - 6 67 26. — ζ 37 24. 42 15.
- η 42 2. 43 28. 60 21. 71 21 d.
αὐτούς α 26 4. 56 19. 68 24. 71 6.
74 23. 82 31. 105 34. 107 33. 120 33.
122 25. 128 15. 132 17. - β 3 4.
53. 1132. 1336, 66. 27 26. 7314.
84 29. 909, 18. 9416. —y2233.
28 28. 39 32 44 27, 4. 63 9. 8220.
92 2. 9419. 10128. 110 32. — 6
825d 141. 219. 2226. 342. 387.
58 15. 60 5. 85 2. 92 29, 22. — ε
4 13, 22. 9 27. 29 21. 30 17. 35 3.
43 6. 49 12. 61 31. 65 27. 86 13.
98 13. 105 34. 108 18. - ζ 18 28.
19 6. 33 8. 50 1. 56 28. 58 20. 62
22. 76 22. 75 10. 85 33. 87 18. -
η 1 23, 2. 3 23. 6 26. 11 7. 18 29.
28 5. 31 20. 36 36,166. 49 21.
58 9. 597. 631. 777. 814. 83 24,
36. -993, 1618. 176. 4019.
71 15. 75 12. 772 ,86 33, 8 9325.
105 36.

αὐτοὺς α 3 24. 25 19. 26 9. 28 13.
33 26. 36 26, 22. 37 1. 40 12. 44
15, 23. 47 23. 49 27. 53 9. 54 29.
61 28. 68 9. 69 30, 22. 70 29d, 29 d.
72 35. 7616. 77 22. 79 10. 82 18, 4.
86 3. 87 15. 9629, 6, 3, 21. 91 27.
93 4. 95 36. 100 12. 102 2, 18. 103
28, 32. 107 4, 7. 9. 116 10. 120 8.
126 7, 18 d. 139 3. 143 6, 9.

β 226. 4 25, 3, 8s. 516. 17 24. 2119.
22 8, 22, 25. 25 14. 31 25. 43 17.
49 3, 23 6. 51 14. 52 32. 59 19, 21.
60 7. 65 10, 20 d. 67 32, 5. 68 23.
70 12. 71 4. 72 3, 75 10. 81 3, 10,
13‚15s. 8226. 83 36,6. 84 21. 85 8.
8719. 8811,19. 8946. 9013. 916.
92 23. 93 5. 94 27. 95 3. 98 24.

y 2 14. 10 33, 6. 13 21,31. 16 34. 22

1, 24. 24 34. 28 36. 37 7. 40 19,

26, 34. 52 1, 19. 54 26. 55 6. 56
14, 17. 57 8. 58 27, 30,9. 59 21, 9.
61 28. 62 6, 24. 63 32. 67 26. 68
6, 32. 70 36. 75 16, 25, 33. 82186.
[84 8.] 95 16. 9911. 102 26. 107 3.
111 13.

131. 2 10. 3 31. 5 28. 6 7. 911.
10 9,11. 15 34. 16 21. 17 36. 2110,
13. 27 28, 2. 29 13,17. 30 7. 34 29,
33. 37 19, 20,24. 38 4. 41 7, 20, 22.
42 7. 43 31. 4417. 46 13, 23. 47 33.
48 6, 9, 16, 21, 22. 54 29. 60 6, 9.
64 19, 26. 65 29. 71 35. 73 11. 80
27, 10. 85 21. 90 28. 95 8. 97 29.
99 24, 28. 113 15. 114 36. 115 16.
116 26. 11712. 118 3, 3. 126 5, 11,
13. 122 6.12319,36.12811.13011.

5324.51.71.831.930.1021d.

12 15. 18 3, 12. 22 26. 28 2. 30 33,
2, 7. 32 22, 10. 34 36. 35 7. 36 20.
37 3, 12, 21. 41 37. 44 13. 45 34,
4, 5. 46 20, 33, 13. 49 9,11. 5414.
60 1. 63 34. 65 19. 67 10, 16, 20.
73 10. 77 27. 82 8. 84 19, 29. 99 22.
103 9. 105 24, 2. 109 27. 112 32.
116 5, 6.

ζ2 3. 318. 431. 614,19.169. 17

8, 9, 15. 18 29. 31 35, 27. 33 16.
34 19, 34 s, 12 d. 35 27. 36 14. 37
34. 38 6, 27. 40 13. 44 8,12. 46 9.
47 30. 48 8. 49 21. 50 8. 54 34. 56
24, 33. 58 18. 59 36. 64 17, 27, 4.
65 19. 66 33. 67 29. 70 21. 73 17.
77 8,19. 7810,16. 86 18. 88 22, 46.
91 20, 22. 92 19. 96 26. 97 32. 166
32. 161 12, 17. 104 18. 105 29.

η128.223.520.67.810. 119.

21 4. 25 1, 3, 32 6. 27 28, 36. 28 28,
31. 29 22, 25, 28. 30 18 31 23, 31.
32 16. 33 13. 342. 36 6,17. 3724.
3.88 405. 4129. 4229. 4412, 18,
21. 4817, 26, 36, 3. 5114,16. 53
11,18 56 20 62 8. 68 22. 69 4.
76 27 6, 5s. 71 16 d. 73 12, 23, 26.
75 28 s. 7710,27. 78 26,10. 79 36.
81 15. 82 15.

θ 1 10,11. 2 10, 26. 10 15, 24. 1412.

1715. 2018. 23 26 6. 24 24. 28 27, 4.
35 14. 45 19, 30. 46 30, 10. 48 96,

