τῆς- τῷ 287

23, 29. 11 15. 12 3, 4, 5. 1316. 14
28,32. 15 14,15. 16 28,32,4. 1811.
21 30, 31, 3, 6. 23 30. 24 10,16.
26 8. 29 3. 30 33. 31 14,15,29,31,
32, 2s, 6s. 3210,15, 26, 26. 33 31,
35, 5, 20. 34 22. 36 2, 2. 37 18, 34.
38 6, 18, 22. 40 7, 9. 43 17. 44 4,
11,12,13, 21. 46 33, 8. 47 33. 48 8.
49 24. 5210. 54 8. 55 36, 3, 16.
57 35. 59 27. 60 29. 61 13, 3, 3, 5,
6, 10 s. 62 21, 35. 63 7. 64 18, 33.
65 16. 66 30, 6. 68 4, 7, 8, 15. 69
22, 3, 5, 10. 7013. 72 3. 7317.
74 22. 75 5. 76 1, 2. 77 16. 78 28,
28, 29, 4, 5,6. 80 24, 26. 82 34, 36, 5.
83 22, 27. 8410. 85 33. 86 13. 87 6.
88 13, 34s, 1d, 1d. 89 13, 31, 32.
90 13, 20, 27. 91 4, 5, 8, 17, 30 d.
92 4, 5, 25. 93 32, 8, 9. 94 16. 96
16, 21. 97 31, 33, 3, 8. 98 33, 8. 99
19, 23, 27, 29. 101 31, 33,2, 13.
102 3ο,9, 12. 103 20, 22, 24, 27.
104 5, 9. 105 31,9, 14.

125.218. 314, 25. 41, 15, 22, 30,
4d.511,13,18,24.89.1021.11
4,10. 13 32. 14 25. 16 22. 17 5,11.
19 23, 26, 28, 28, 30, 7, 17. 20 21.
21 14. 24 18. 25 16, 18, 19, 29d.
26 6, 10, 11, 12, 13, 16, 18. 27 29,
31, 32, 5, 7, 11. 2819, 20, 1, 2,10.
29 26, 29. 315,6,12‚13,16,29.
32 11. 33 30, 30, 31, 4. 34 17, 21,
26. 3524, 26, 29,1. 367, 25, 7d.
37 15, 17. 38 33, 7. 3917, 21. 40
7, 19. 4225, 1. 4311, 21s. 446,8,
33 d, 3s. 47 29. 48 8 s. 49 23, 28.
50 11, 12, 13. 51 14, 23. 53 9, 10.
54 30, 31, 31. 55 5, 9. 57 14, 22 s,
22 s, 23 s. 5811. 59 6. 6122. 62 33,

5, 9. 63 23, 25, 25, 28. 65 27. 66 4,

5, 6, 12, 14. 67 18, 21, 22, 5. 6814.

69 8, 9. 7013, 32d, 38, 10s. 7114,

15, 16, 21, 22, 23, 26, 23, 30, 31, 7.
72 24, 30. 73 9, 12, 21, 34, 2. 7524.
77 13,3,13s.7929.8010,18. 81
13. 8213. 832, 7. 8412,15. 855.

3119 24 20 27 33265419
- 629. 72. 95. 1024, 26. 1118.

13 2, 6. 14 11,19,24. 15 27, 30, 33.
1618, 23, 24, 27, 29. 176, 9. 19
10, 13. 2027. 237, 27d. 2432, 3,
6, 29. 2526. 267, 15, 16, 18. 27
24, 11, 19, 20, 20. 28 22, 32 30, 33.
33 13, 15, 16, 26, 27. 35 10,18,20.
36 33. 38 33, 2, 7, 15. 39 18, 32, 3,
6. 41 27, 6, 12, 14. 42 27, 36. 43 3,
3, 25. 44 31, 33, 1, 4, 9, 12, 13,13.
45 11. 46 22, 22, 26, 29,30‚ 2, 5,13.
48 8, 21. 49 25, 26. 50 28, 3, 8,11,
22. 51 29. 53 24, 30. 54 18, 25. 55
15. 56 34. 57 27, 30. 58 10, 10, 11,
17. 60 10, 15, 17, 18. 61 31. 62 12,
15, 22, 23. 63 28. 64 26. 65 16. 66 6.
70 3. 71 19. 72 5. 73 26. 74 32. 75
10, 12. 76 6, 15. 79 24, 26, 28, 32,
1, 3, 4, 9. 80 19, 31. 81 2, 9. 82 1,
1, 9. 85 25, 2. 86 14, 21,13. 8715.
88 5, 13. 89 15, 21, 12. 90 24, 28.
91 17, 20, 24, 7. 92 12, 25, 33, 2,
21 S. 95 25,1,5,10. 96 4. 9810, 14,
16. 99 4, 8, 11. 100 14, 15, 24, 25,
28, 29, 32, 32, 5. 101 13,16,19,22,
22, 24. 102 3, 11. 103 29. 104 32,
33. 105 34. 106 8, 13, 26, 26. 107 7.
108 13, 22, 23, 24, 27, 27, 6.

τᾶς ε 79 19.

τῷ α 5 25. 612, 18. 8 31, 34,11. 10
19, 3. 11 11, 20. 13 10, 10. 16 15.
18 8. 19 31. 20 13. 22 6. 28 6. 29
28. 30 19. 31 5. 32 20, 22. 33 15,
21, 24. 34 33, 33, 3. 38 14, 16, 16.
41 7. 42 32. 47 28. 49 13, 33. 50 13.
55 2, 11. 56 20. 57 33. 60 10. 62 6,
12, 23. 64 21. 67 25. 68 17. 70 12,
29 d. 71 2. 73 26, 33. 74 6, 19, 24.
76 24. 7711. 814,17. 87 30. 9123.
92 21, 22. 93 27, 14, 15. 95 10, 21,
23. 96 25. 98 15. 102 14,18. 105 5.
107 15. 115 9,19, 22. 116 6. 11713.
120 12, 22. 121 10, 11. 126 19, 27,
6, 20 d. 128 21, 22, 30. 129 20.
130 31. 132 27, 16. 134 24, 31. 136
28. 137 11, 26. 138 1, 16. 140 25.
141 16, 19 S. 142 8. 143 19.

β 2 26, 21. 3 30. 11 26, 1. 12 24, 30.
13 25 d. 15 29. 18 32, 6, 9. 21 28.
25 28, 31. 27 25. 29 8, 16. 31 33.

