ἅμ’ -- ἀμβλύνεσθαι 21

ε 1 17. 3 9. 4 23. 6 20. 9 1419 23,
3, 5. 11 5. 13 24. 14 4,19. 17 31‚6.
20 21. 21 12. 23 4, 11. 25 8. 28 3.
29 21. 33 21. 39 27. 40 32, 9. 44 26.
58 25. 69 7, 11. 73 8, 8. 80 9.
193 4.

ζ 6 12, 29, 3. 8 31. 15 8. 16 24, 33.
18 11,19. 27 22. 28 27. 30 26, 31.
31 13, 27. 411. 4210. 44 21. 59 31.
64 3. 65 24. 7614. 7111. 74 32.
78 29, 5. 80 14, 20. 83 18, 21. 88
24 s. 89 30. 90 22. 91 35,13. 9415,
30. 96 25. 99 18. 100 1. 101 32, 7.

η 4 29. 5 6, 8. 7 21.1216.14 31.
15 14. 16 32. 171. 18 6,15. 20 21,
33. 22 33, 4. 23 16. 26 16, 23. 28'
29. 29 22, 30, 3. 37 14,16,30. 38 4.
42 28. 44 11, 16. 4730. 48 4. 49
18, 3. 50 25. 51 13. 52 27. 57 6,
32 s. 68 12, 15. 70 28, 28, 32 d. 71
23, 27. 72 33. 73 19. 75 11, 15. 78

16. 79 24. 80 28. 81 1. 84 12, 14.
θ ῗ713ῗᾌ5. 2 10, 21. 5 16, 22. 7 29.

16 20. 19 4. 22 14,18. 2418. 27 23.
28 21. 40 16. 42 22. 44 30. 46 30.
47 24, 26. 50 7. 51 30. 53 31. 54
20, 24. 61 25, 7. 63 8,14. 65 10.
79 31. 80 22. 82 10. 85 30. 91 20.
92 24, 4. 100 25. 102 9. 105 29.
109 11.

ἅμ’ β 54 9. 94 18. - y 1718. 22 31.
— ζ 162 8.

άμαθέστατοί ζ 39 4.

ἀμαθέστερον α 84 33.

ἀμαθέστεροι y 37 21.

ἅμαθεῖς y 82 30d. — 8 41 15.

ἀμαθία β 40 20. — y 37 13.

ἀμαθίας β 62 32.

α’μαθία α 68 11. - 8 59 21. - η 36
28.

ἀμαθίαν α 142 6. -- y 42 23.

άμαθῶς α 140 31.

ἅμαξα δ 67 15,19.

ἁμάξῃ 3 67 9, 12.

ἅμαξαι α 93 10. — β 34 32.

ἁμάξαις ὃ 100 9.

ἁμάξας β 3 34. — 848 23. .- s 7233.

Ἁμαξιτὸν θ 101 26.

ἁμαρτάνει α 33 20.

ἁμαρτάνομεν δ 61 34.

ἁμαρτάνουσιν y 67 10.

ἁμαρτάνῃ α 42 23.

ἁμαρτάνωσιν ὃ 114 5.

ἁμαρτάνοι α 21 23.

ἁμαρτάνοιτε y 47 31.

ἁμαρτάνειν y 40 7. 42 30. 45 13. 54
20. 59 20.

ἁμαρτάνοντες α 92 24.

ἁμαρτανόντων α 69 28.

ἁμαρτάνοντας γ 98 31.

ἦμαρτάνομεν α 38 22.

ἡμαρτήκαμεν y 53 32.

ἡμαρτήκασι α 38 25.

ἧμαρτηκέναι θ 76 21.

ἧμαρτήκεσαν γ 69 8.

ἥμαρτεν y 62 19.

ἡμάρτομεν β 87 34.

ἁμάρτητε y 37 3.

ἁμάρτωσιν α 33 26.

ἁμάρτοι ζ 78 7.

ἁμαρτεῖν y 40 1. 65 2. - ε 7 15. —-
ζ 80 16. - θ 7125.

ἁμαρτὼν η 50 8.

ἁμαρτόντες α 39 1.

ἁμαρτόντων ζ 16 13.

ἁμαρτανομένων γ 67 33.

ημάρτηται y 56 27.

ημάρτητο η 18 11.

ἡμαρτήθη β 65 28 d.

ἁμαρτήσεσθαι y 20 9. — δ 55 31. -
ζ 92 34.

ἁμαρτησομένων α 84 8.

ἁμάρτημα β 65 29d. - ὃ 89 27.
-— η 5 17.

ἁμαρτήματα β 92 24. — δ 29 16. —
ε 26 27.

ἁμαρτημάτων α 39 7. —- β 53 31. -
γ 45 8.- δ 98 13.

ἁμαρτημασιν α 69 23.

ἁμαρτίας α 14415- y 56 26. ——
62914. 601. -ε913,

ἁμαρτία α 32 2. 78 33.

ἁμαρτίαν γ 46 7. - θ 24 28.

άμάρτυρον β 41 9.

αμαχεί α 143 29. —- 8 712.

άμαχεὶ ὃ 73 12. -η 14 27. - θ 1054.

ἀμβλύνεσθαι β 87 17.

