19, 22, 23, 25, 8, 12 5. 109 15. 110
11. 111 21,26. 112 29. 114 24, 3, 4.
115 10, 19. 116 26, 29, 35, 2. 117
13, 20. 118 21d, 216. 120 4,11, 13.
121 15, 17, 20, 21, 24. 122 7, 15.
123 23, 26, 35. 124 27. 125 35, 8.
126 19, 31, 32, 3, 6, 10, 12,15. 127
23, 24, 26, 32. 128 6, 20, 20. 129
30, 2, 3, 6. 130 18, 28, 34. 131 20.
132 6. 133 26. 134 33, 36, 1.

3 7,16,13,22. 4 3,5, 10. 5 2. 621.
7 8, 11, 13. 8 25, 27, 2. 9 [7], 10,
11, 32, 2, 3s, 85, 85. 10 16,17, 19,
23, 31, 33, 3, 7, 14 6,18 6,19 6, 36 6.
11 35, 4. 13 26. 14 30,5,12,20.
1525.1634, 36, 3, 8. 172, 3, 18.
211,10. 2224 26 18, 23, 25, 29,
2, 8. 28 29, 34, 1, 4, 6. 29 16, 17,
22. 3033, 36, 1, 12. 3226, 1, 2 33
27, 29. 3514, 21, 27, 6. 36 ’.19 37
33, 14, 16, 18. 38 26, 1. 39 15, 26.
40 33, 34, 2, 3. 42 13, 18, 21. 43
28, 34, 3, 3. 44 11, 17, 25. 45 301
4, 12. 46 26, 28, 31, 36, 9. 47246.
49 35, 16. 5031, 2, 4. 51 13. 52 31,
33. 538, 9. 5419 5616. 571. 58
14, 4. 59 22, 23. 60 11, 17, 21, 23.
61 34, 6, 9, 11, 12. 63 31. 64 8,15,
20. 65 12, 14. 66 22, 23, 26. 68 33.
69 6, 9, 15, 19. 72 18, 37. 73 23.
75 10, 17,18. 761. 80 9,14. 82 36,
4, 13, 15, 20. 83 30, 8. 84 16, 32.
86 13. 91 15. 96 32. 97 5. 99 22.
166 24. 103 4, 6, 10. 104 13. 105
25,25. 10817. 1101. 11111,21,29.
112 36. 114 17. 115 22, 32, 32.
ζ21,13, 23, 366,25. 316. 4 21.
5 28. 6 15, 17, 24, 24, 28, 32, 34,
1. 7 8, 23. 8 1, 2, 3, 6. 9 33. 10 7,
20. 11 31. 12 32,2,9. 13 19. 14 28.
15 4, 6, 7, 8, 11, 14. 16 11,14. 17
23, 25, 29, 5, 10, [12], 20. 18 29, 9,
23d, 256, 276, 296. 19 35,1. 26
15, 26. 21 31, 3. 22 8, 10, 13, 19.
2326, 28,3.2411, 1618 266,9.
27 17, 21. 28 32.29110,1130
31.3110,12,14, 19, 23, 24, 36, 32,
346, 45. 32 12, 13, 14 15, 25. 33

555555

τε

⁷7

415

31s, 3d. 35 31. 3611. 37 25, 31.
38 36, 8. 39 1. 40 18. 41 27, 1. 42
5, 8, 11. 44 6, 13,15. 45 24, 27, 30.
46 37, 3, 8, 9, 13, 21. 47 36. 48 3.
49 22, 28. 50 13, 19. 51 31. 52 1.
53 14. 54 17, 21. 55 35, 7. 57 5.
59 26, 36, 5, 9. 66 19, 22, 28, 32.
61 22, 27, 30, 32, 33, 125. 62 35.
63 5, 7, 12, 14. 65 11, 20, 23. 66
32, 35, 2, 3. 67 31. 68 4, 4, 8, 15.
69 33, 35, 2, 5, 7. 70 14, 31. 71 7,
33, 4, 7. 73 10, 10, 14. 74 24, 31.
75 34, 6, 13. 76 33, 34. 77 11. 78
32, 5, 5. 79 21. 80 4, 10,14,16,29.

86 9, 11, 14, 21. 87 10, 15. 88 25,
8, 11, 12, 245, 325, 345, 66, 86,
116. 89 17, 21. 96 9, 19. 91 35, 6,
10, 11, 14, 25. 92 4, 8, 14, 21, 22,
23, 25. 93 10, 12. 94 26, 23, 36, 32.
96 13, 15, 27, 29. 97 1,9,15,17, 23.
98 24, 1, 4. 99 25. 100 31, 4, 6, 22.
101 32, 7, 17,21, 23. 102 30, 7. 103
28, 33, 1. 105 30, 3, 14.

1 20, 23, 26, 1, 2, 8, 13, 17 s. 219,
24, 25, 27, 29, 6. 3 16, 16. 4 3, 4,
21,25,28, 36. 5 23. 6 31,12. 714,
19, 22, 27. 8 30, 1. 10 19. 11 29,
31, 8. 12 16, 21. 13 1,9. 14 16, 18,
18, 22. 15 5. 16 26, 28. 17 2, 10,
13, 14. 18 20, 27, 31, 2, 3, 13, 16.
19 2, 5. 20 22, 25, 2. 21 27, 28. 23
31. 24 21. 25 23, 26, 36, 32,12,13,
29 6, 31 d. 26 7, 13, 14. 27 8,9‚ 11,
14, 15, 15, 18. 28 19, 22, 10. 29 24,
32, 4, 11, 15. 30 18, 22, 26, 33. 31
12, 14,18,23,31, 1. 32 5, 8, 14.
33 21, 30, 6, 11. 34 23, 4, 14. 36 7,
12,27,4d,10d,11d,11d. 3714,
16, 26, 28. 38 8. 39 18. 46 7,16,22.
41 35, 2. 42 8,10,10,17, 24, 1, 76,

165, 235. 44 8, 9, 11, 12, 15, 246,
276, 296, 316. 45 9,12. 47 24,
26, 28, 29, 31, 2. 48 17, 27, 30, 35,

{6 1'1, 24, 28, 2, 4. 51 22, 24. 52 26,
2, 4. 53 18,19,20,27. 54 30, 2.

