[841,6.] 85 17, 25. 86 6. 89 10.
90 32. 91 14, 26. 92 16. 93 4. 96 30.
97 5. 98 30, 6, 10. 99 11,13. 101
31, 33. 102 5, 31, 31. 103 12. 104
21 9, 22 s. 105 1, 2, 11. 10613. 109
12, 18, 21. 110 26, 26. 111 5, 8, 8, 9.
112 26, 27, 32, 8. 113 30. 115 34.

1 28, 5. 2 10, 16. 3 9. 4 12, 13, 23.
8 1, 5, 9, 17 d, 21 d. 9 27, 31, 3,16.
11 22, 26, 29, 32. 13 34. 15 35, 3.
16 10. 17 32. 19 2, 14,15. 21 4, 6,
7, 13, 19. 22 32, 33. 23 16. 25 28,
32, 4s, 15 s. 26 20. 27 25, 27, 31, 5,
9. 28 19, 27. 29 19. 3032, 6. 3111.
32 25. 33 21. 35 19. 36 8, 8. 37 20.
38 35, 10, 12. 39 30. 40 32, 35, 3.
41 13, 20. 42 6, 9. 43 20. 44 10, 20,
23. 46 6,11, 18, 22. 47 28, 30, 4.
48 5. 50 5. 54 33. 5511. 57 2, 5, 5.
59 16,24. 60 5. 61 13,26. 62 4,12,
17. 63 30. 64 8, 11, 19. 65 33,1,2.
66 17, 23, 26. 67 21, 25. 68 34, 6,
10. 69 5. 7019,24,29. 7135. 72 31.
73 1, 2, 8. 74 30, 36, 3, 6, 8. 7523,
24, 26. 76 16. 77 31. 78 13. 79 18.
80 28,1,12. 81 27. 86 4. 87 20,29,
31, 32. 90 29. 91 16, 25, 25. 92 6,
8, 8, 31 s, 93 36, 11. 95 36. 96 23.
97 13, 17, 28. 98 32, 35, 3, 14,18,21.
99 26. 101 34, 35, 36, 37. 102 6.
103 31,3. 107 32. 108 13,18,139.
10918110 3, 4. 11124,27. 114
23, 27, 31. 115 21. 117 10,13, 15.
118 23, 27, 33, 2, 4, 5, 5, 8, 14,19,
3¹3, 59, 5 s. 120 27. 12125. 123 28.
124 13, 2οἷ, 24. 125 8, 10, 12, 15.
126 35. 127 25, 32. 128 4. 129 1, 8.
130 34, 9,10,12. 131 20. 132 29, 3.
133 21.

ε 3 16,17. 415,16,19,21. 5 34. 622.

3 16, 19, 29, 30, 1. 9 9, 19, 23, 27,
23. 10 11, 22, 27, 32, 3. 11 3. 1215.
13 29.14 3,15,21. 16 9, 23, 23.
17 31, 33, 13, 17, 19. 19 33, 33, 34,
35,6,19, 20s, 215, 32s. 20 25. 21
1, 5. 22 13, 23 23. 24 33, 33. 26 32.
27 13, 19, 24, 25. 29 29, 9. 29 11,
14, 15, 21, 30. 30 32, 2, 11, 14, 24.
31 3,10, 14. 32 22,24,36, 5. 34 34,3.

τοὺς

3()7

35 17, 22, 24, 26, 29, 30, 1, 2, 4, 5.
36 27. 37 19, 21. 33 23, 29, 30, 11.
39 19, 20. 40 36, 37. 41 17, 26, 2.
42 6, 6, 11,20, 23. 43 26, 31, 1. 44
14, 16, 21, 26. 45 34, 6, 13, 13. 46
34, 1, 5. 47 20,21,22, 23, 5s. 4323.
49 6. 51 15. 54 14, 26. 55 32, 33,
33, 34, 3, 12. 56 22, 26. 53 19, 24,
27. 59 10, 21. 60 32, 13. 61 30, 1.
64 6, 24. 65 4, 6, 7, 13, 20. 66 26.
67 10. 71 10, 16. 72 21, 22, 23,29,
31,3. 73 10,15,16,23. 74 35,35, 1.
75 12, 15, 22, 23. 76 4, 6, 14. 30
13, 16, 13, 19. 32 7, 7,16,19. 33 2,
5, 11. 34 17. 35 5. 91 16. 97 2. 93
14,15. 99 20, 20. 101 31. 103 1.
105 3. 103 17. 110 33. 111 26. 114
16. 116 5, 6, 6.

ζ 2 32d. 317. 4 27. 5 20. 6 22, 25,

4. 7 10,16, 24, 26. 9 32, 33. 11 23,
16. 12 35, 6. 13 13. 14 31. 16 36, 3.
17 15. 13 24, 3, 13. 24 6. 26 4, 6.
27 16. 30 29, 32. 31 23, 33 d. 33 14.
34 30, 30, Sd, 13 d. 36 33, 35. 33
11, 15, 15, 20, 27. 39 29, 32,33,34.
41 25, 23. 44 35, 15. 45 27, 23. 46
21. 47 34. 43 5, 5, 6. 50 17,19. 51
23. 53 21, 21. 54 34, 14, 13. 55 12.
56 24, 27, 29, 31. 57 13. 53 17, 17.
60 16, 1, 2, 3, 4. 61 20, 24, 25, 33,
34, 7. 62 33. 63 10. 64 23, 23, 24,
1, 7. 67 21, 23, 23, 30. 69 30. 70
19, 26. 7135,3. 7219. 7316. 74 26.
75 4, 3, 14, 20. 76 23, 31, 35, 36.
77 20, 20. 73 10. 79 22, 26, 30, 31.
30 12, 15, 13. 33 20,:31. 34 3, 9, 9,
12, 14. 35 20, 23, 25. 36 16. 33 24,
26, 2, 9, 10, 10, 33s, 6d, 7 d, 11 d.
91 10, 20, 24. 92 6, 7. 93 4, 12. 97
35, 3, 17. 93 27, 23, 4, 7. 100 3, 23.
101 21, 31. 102 3, 3. 103 16,17,21,
23, 35. 105 29, 33, 11.

113, 4, 13, 17s. 313, 21 49, 11,
32. 59, 9.,,.6133 33111013
13.172.1326,11,13,1.6191„2
9, 10. 202. 214, 7, 13, 17, 13. 23
33.2514, 16 272. 29 19, 19, 23, 5.
30 17, 21. 32 7, 9,15‚ 16. 33 24, 2,
4, 3,11, 12. 34 30. 3611, 64. 3727.

20*

