πολεμιωτάτων —

πολεμιωτάτων y 39 36. - ζ 92 1.-
η 68 11.

πολεμιώτεροι ζ 92 6.

πόλεμος α 1533. 2130. 237. 4420.
57 1. 58 30. 81 9,14. 83 14. 98 18.
10127. 102 33. 1158. 12216. 127 5.
1417. - βῙ 19.21Ο. 181. 54 9,
14. 59 15. 65 1. 72 21, 8. —- y 11
32. 13 2. 82 30. - ὃ 611. 62 8. —
ε52. 2436. 47 21d. 53 3. -ζ
34 8. 4131. 88 33. - η 14 28. 2817.

πόλεμός α 66 21.

πολέμου α 13 22. 18 2. 23 21, 2. 24
23, 26. 42 23. 53 1, 10. 55 13. 78
27, 5. 95 22. 97 2. 105 21. 112 23.
118 31,1. 120 11. 122 13. 124 2.
141 26. 142 23. 144 26. 146 14. —
β 2 12. 8 20. 13 22. 16 34. 21 22.
24 13. 27 27. 34 12. 47 17. 65 9.
67 20. -— γ 21. 315.1028. 13138.
17 20. 30 29. 86 33. 92 10. - δ 19
34, 8. 20 25. 41 16. 55 20. 64 25.
65 30. 81 22. 83 3. 85 33, 35. 92 20.
11817,23d,4s,7s. 133 23. - ε
14 32, 8. 17 33. 20 24. 26 35. 28 7.
29 13. 31 31, 1, 2. 41 29. 61 1. 86
11.11123. — ζ 621, 3. 8 9. 12 29.
1518. 269. 88228.- η 2 23. 7 22.
283.—.928‚23.313. 524.11
18. 14 27. 15 32. 18 29. 361. 4314.
58 26. 63 13. 77 2. 82 7. 94 14.

πολέμῳ α 2 10. 8 31. 22 6. 34 2. 55
11. 81 18. 97 1. 103 33. 115 9. 120
16. 140 4. —-— β 1325 d. 3133. 3428.
64 32. 65 7, 12 s. 68 16. 70 21. 72
26. 9510. 10318. - γ 12 35. 25 30.
52 8,21. 54 18. 551. 68 5,13. 88 4..
90 35. 92 35. 98 4. 116 21. - δ 21
16. 5124. 59 17. 611. 6612. 9811.
1164.135 11. - ε 17 8. 20 32. 26
20, 29,31. 39 31. 47 8. 5119. 56 34.
80 4. 81 35. 83 15. - ζ 3 17. 52.
6 19. 7 29. 17 10. 45 32. 70 16. 91
18. 93 14. 103 26. —— η 4 22. 18 30,
18. 28 7. 44 30. 56 8. 85 11. -- θ
6 27 8. 37 11, 16. 60 23.

πόλεμον α1 1. 11 19. 15 8. 18 23.
19 33. 23 28,13. 24 32. 25 21. 28 7.
29 20. 31 29, 7. 32 23. 33 19. 36 7.

Index Thucydidem.

ἐπολιόρκησαν 36 9
40 17. 41 9. 44 25. 57 7. 58 31. 67
30. 80 30. 82 21, 9. 85 21. 86 8.
87 25. 90 28. 99 36. 112 2. 118 12.
119 22, 24. 120 8, 12. 121 23. 123
15. 124 32. 125 18. 127 8. 128 22.
131 17. 139 3. 140 13. - β 8 16.
9 5, 25. 1317, 24 d. 17 20, 26. 201.
25 3. 29 33. 36 15, 18. 62 5. 65 23,
28, 5, 13. 75 9. 94 13. 95 14. 100
26. —- y 4 8. 5 27. 39 8. 4735. 68
32. 86 30, 12. 113 32. 114 22. 115 5.
— δ19. 8 12. 18 23. 23 7. 24 20.
40 31. 48 28. 60 4. 8124. 108138.
12117. —- ε 25 3, 15. 26 22, 26.
28 1. 31 34, 12. 36 28, 32. 44 20.
46 22. 47 33, 6. 5632. 67 18. 8430.
86 15. 114 15. - ζ 1 22. 6 16, 33.
9 24. 13 23. 34 10, 17 d. 36 12, 13.
37 29. 44 33. 71 8. 72 22. 73 15.
88 1, 32 8. - η 18 25, 27, 12. 2032.
21 10. 25 27. 27 30, 10. 28 8. 30 3.
31 22. 47 5. 56 30. 57 18 S. 73 10.
83 29. 87 27. - 9-2 11. 18 27. 24 7.
37 20. 46 20. 55 15. 58 30. 75 14.
84 19.

πόλεμόν οι 120 29.

πολέμων α 80 16. 109 4. 141 29. ·--
β 118, 21. 34 5. 3519. - ε 102 33.
— η 61 20.

πολέμοις α 118 7. - β 64 1. - y
9 10. - η 61 22.

πολέμους α 114. 78 31. 118 6. 1412.
-β3616, 4230. ·— {5418—
η 28 28.

πολεμοῦται α 36 9.

ἐπεπολέμωτο οι 57 31.

’ἐπολεμώθη α 57 32.

πολεμώσεσθε ε 98 12.

πολιορκεῖν α 39 32. - η118.

πολιορκοῦν β 67 30.

πολιορκοῦντες δ 29 7. - ζ 90 21.

πολιορκοῦντας α 29 4. 61 26.

ἐπολιόρκουν α 26 15. 29 35. 66 11.
68 27. 89 13. 105 25. 111 20. 112
28. 116 6. 126 8. —— β 58 12. —- δ
2620. - ε 615.114 20. -ζ 7 17.
-— θ 96 10. 98 15.

ἐπολιόρκει α 10916. 137 9. — η 9 16.

ἐπολιόρκησαν α 61 27. - β 100 33.

24

