336

38 15,16. 39 21. 72 28. 74 9. 76 24.
95 3. 98 37.118 31, 25 d. - ε 6 26.
22 22. 26 25. 28 33. 32 4. 35 22.
37 10. 42 16. 45 30. 47 32, 5, 25d.
51 13. 63 32. 74 31. 111 3. 113 3.
-ζ293, 4. 384. 4320, 24, 29.
6510 6721. 845. -η1417, 29.
2713. 43 29 57 26. 7515 30s. 865
-3622, 1823. 3713 455 46
16. 43 11d. 50 10. 5127. 5732. 66
29. 68 22. 69 22.
22. 93 27.

τούτοις α 5 28. 58 28. 65 5. 71 33.
77 23. 81 7. 121 12. 144 17. - β
9 7. 40 6. 89 32. 99 32. - y 64 19.
65 2. 97 4. 113 25. - 6 218. 16
25. 44 13. 69 10. 78 27. 87 18. -
ε 531. 1716. - ζ 44 33, 10. 45 26.
101 16. — η 62 6. 73 26. 35 16.
- 9 2 19. 43 25. 65 23. 76 21.
93 22.

ταύταις β 84 19. - y 18 4. — 6 63
29. 91 14. 114 24. 121 23. — ε 47
16ε.-ζ3113.- η5510.-3
43 24.

τούτονς α 18 22. 28 6. 40 21, 23. 80
30. 107 22. 126 25 d. 128 29. - β
25 30. 96 3. 10118. — y 2212. 34
17. 40 1s. 58 36. 8910. 94 31. 102

73 12. 74 33. 83

32. - 6 57 34. 80 5. 92 7. 93 11.
- ε 35 20. 67 11. 72 24. 9917.—
ζ 17 15. 13 316. 73 12. 10124.-
η 15 3. 19 8. 25 21. 58 26. 70 13s.
3217. 83 34. — 9 41 6. 44 5. 67
20, 4. 76 23 d. 108 12.

ταύτας α 51 1. 35 11. - y 9427. -
6 2 25. 16 23. 120 24. 12127. - ε
1311.-ζ9619.-η2331.-
9 8 21. 15 7. 17 3. 37 10. 38 31.
39 28. 41 11. 42 27. 59 3. 78 16.

οὕτω α 6 3317 22. 37 26. 45 3. 48 4.
51 9. 541. 55 11. 96 30. 110 20.
130 5. 131 15. — β 6 24. 11 27, 29.
12 30. 1524. 1918. 29 4. 70 5. 76 8.
77 19. 83 11. — y 42 36. 33 12.
93 24. - 6 3 13. 30 29. 32 24. 34
27. 64 8. 65 5. 71 5. 74 25. 75 25.
36 10. 88 10. — ε 9 30. 10 21 d.
36 22. 50 3. 55 2, 13. 58 3. 59 20.

τούτοις — ὀψέ

90 2. — ζ 9 22. 10 6. 36 33, 15.
47 31. 61 29. 64 25. 72 6. 88 31.
91 11, 19. - η 15 5. 28 15. 46 23.
87 22. —- θ 1 5. 48 11,19d. 71 12,
29. 72 9. 90 5. 99 6.

οὕτως α 10 29. 20 20. 22 5. 64 31.
75 31. 76 16. 81 16. 93 24. 110 4.
132 12. 138 1, 32. - β 4 108. 81.
13 5d. 35 2. 47 26. 49 35. 54 16.
93 32. 1015. — y 6 18. 17 31. 20
13. 24 17. 50 20. 68 31, 35. 81 14.
96 28. 104 24.111 1. 114 26. - ὃ
54 4. 611.135 6. — ε 1 21. 28 8.
38 28. 45 8. 4819, 27. 60 16. 6714.
76 7. 83 14. 96 31. 104 20. 105 31.
— ζ 2 22, 53. 18 29. 23 26. 24 8.
38 22. 4811. 49 28. 82 1,10. 89 26.
92 14. 102 5. - η 520. 8 6. 24 5.
34 20 d. 44 32. 66 2. 67 7. — θ 30 2.
46 14. 69 22. 79 3. 86 19 S. 95 9.
96 29.

ὀφείλημα β 40 23.

ὀφείλομεν δ 87 28.

ὀφείλων 6 19 11.

ὀφείλεται α 137 28.

ὀφειλομένην β 40 27.

ὀφειλομένων γ 81 8.

ὀφειληθείσας y 63 12.

ὀφθαλμῶν β 49 21, 216.

Ὀφιονέα y10017.
Ὀφιονέων y 96 33.
Όφιονεῦσι γ 94 30.
Ὀφιονέας γ 96 28.

ὀφλεῖν ε 101 31.
ὀφλόντων γ 70 30.

ὀχετοὺς ζ 100 4.
ὀχλος 6 28 20. -ζ 2022. 31 1. 63

10. — η 62 31. — 9 48 19. 7213.

ὀχλου α 49 17. 73 19. — y 87 22. -
ζ 57 14. - η 75 14. 84 13.

ὄχλῳ α 30 28. — η 3 5.

ὀχλον β 3313- y 109 19. — 6 56 4.
- ζ 64 23. 39 35. - η 62 26. 73
23. - 9 25 25. 36 3. 92 66.

ὀχλοι 6 126 16.

ὄχλοις ζ 17 29.

ὀχλώδους ζ 24 10.

ὀψέ α 1423. — y 1083. — η 8334.
—- 9 23 30.

