206

26,26,28,28,31,31, 1, 3, 7, 9,10, 10,
11, 12, 12, 14. 79 16,17,20,21,22,
23, 24, 24, 26, 27, 28, 32, 1, 2, 3, 4,
6, 8. 80 10, 12, 19, 19, 20, 20, 21,
22, 23, 23, 24, 24, 25, 26, 27, 28, 29,
22222 1 2 7 1 7
14, 16, 17, 19, 23, 26, 26, 28, 30, 1,
3, 3. 82 5, 6, 7, 8, 9, 10,12,14,15,
16, 17, 18, 20. 83 27, 32, 33, 34,1‚
1, 3, 3, 4. 84 9, 10, 10, 13, 15, 17,
20, 20, 25, 27, 29. 85 31, 32, 35,35,
1, 2, 4, 7, 10,11, 12, 14, 14,15,15.
86 17, 18, 19, 20, 22, 24, 27, 1,2, 4.
87 10, 11, 12, 12, 14, 16, 16,17,17,
18, 19, 22, 23, 28, 29, 30, 31, 32, 33,
33, 33.
91 4, 5, 8, 9, 9,11,12,13,13, 14,14,
20, 21, 22, 23, 23, 23, 26, 27, 27, 28,
30, 1, 2, 2. 2 7, 10, 15, 16, 19, 25,
27. 3 31, 33, 1, 2, 3, 3, 7, 7, 7, 8,
9, 9, 10, 10, 11,11. 4 14, 16, 18, 19.
5 23, 28, 30, 31, 32, 32, 3, 4, 6, 7,
7, 8, 11, 12, 12, 14, 16, 17, 22, 23 6,
26 6. 6 28, 32, 2, 5, 7, 8, 9, 10, 12,
16, 18, 19, 22, 23, 25, 26, 26. 7 30,
4, 5. 8 7, 10, 14, 17, 17, 21,23,26,
27. 9 2, 3, 7, 8, 9. 1011,12,13,16,
17, 20, 23, 25, 26, 28, 28, 29, 30,30,
31, 32. 11 1, 2, 3, 4, 4, 5, 7, 9,13,
14, 14, 17. 12 21, 23, 25,28, 29,30‚
31, 33. 13 1, 3, 4, 5. 14 9, 11, 11,
13, 15, 16, 17, 18, 19, 21, 21, 22, 25,
26. 15 28, 28, 29, 1, 1, 4, 7,13,14,
14. 16 17, 18, 19, 19,20,21,22,26,
26, 30. 17 32, 3, 7, 7, 7, 7, 10, 11,
12, 13, 14, 16, 18. 18 21,21,22,22,
23, 25, 25, 27, 28, 28, 29, 30,31,32,
33, 33‚34. 19 4, 4, 5, 7, 9, 10,12,
14, 15, 15, 16, 17 20 19, 21, 22, 23,
24, 27, 28, 30, 32, 32, 33 21 35, 2,
5, 5, 8 2214,17’,17,,1819,,2122,
23 23 26, 27, 28, 30, 31,32,5,7,8,
11, 12, 13, 14, 15, 16, 20, 21, 246,
28 6. 24 1, 3, 3, 5, 5, 6, 9, 10, 11,
12, 13, 13, 15, 18, 18, 19,20, 23,29,
56. 25 8, 8, 10, 11, 12, 12, 13, 15,
16, 17, 17, 18, 19, 20, 21, 22‚24,24,
29, 32, 2. 26 4, 5, 7, 8, 10, 19, 19,
19, 20, 22. 27 22, 29, 30, 2, 4, 4, 10,

καὶ

10, 14, 15, 16, 17‚19,20. 28 22, 23,
26, 28, 29, 30, 31, 1, 1, 4, 6, 7,7, 9,
12, 13. 29 16, 26. 30 30,31‚ 31,31,
32, 32, 32, 2, 2, 2, 3, 3, 4, 7, 8. 31
12,13,14,14,15,17,17,19‚20,22,
23, 23, 25, 26. 32 28, 29, 31, 32, 1,
2,5. 3311,11,12,1517,18,18,
22, 24, 24. 3430, 32, 1, 1, 45. 35
14, 20, 22, 23, 25, 25, 28. 36 32, 33,
4, 4, 5. 37 6, 7, 7, 8, 9, 20, 26, 27,
29. 38 34, 34, 1,2, 2, 4, 5, 7, 8, 13.
39 19, 21, 22, 24, 25, 27, 28,31, 35,
1, 5. 40 8, 12, 13,15,16,19,21,22,
23, 23, 25. 41 28, 28, 29, 31, 1, 2,
5, 11, 12, 14, 15, 15, 15, 16. 42 19,
20, 21, 21, 22, 25, 27, 28,29,31,35,
361434,6,1Ο,13,14,16,,1819,
20, 21, 21, 21, 22, 27. 44 29, 30, 30,
12„,345„„671012,13‚15. 45
18,20,21,23,23,26, 28, 2,2, 10,
10, 13, 13, 14, 18 s. 46 19, 22, 24,
26, 28, 30, 4, 6, 7, 12, 13, 18, 18,
196, 296, 216. 47 25, 30, 32, 1, 2,
4, 5. 48 6, 7, 9, 10, 13, 14, 16, 18,
19, 19, 23, 23, 24, 25, 27, 32, 1, 66,
146,156,166,166,176,186,206.
49 22, 23, 24, 26, 26. 50 29, 1, 3, 5,
7, 8, 10, 10, 11, 14, 15, 18, 22, 23,
23, 25. 51 25, 26, 30, 31,32, 32,33,
34, 1, 1, 4, 8. 52 10, 13, 20, 21. 53
27, 28, 30, 30, 32, 32, 33, 2, 5, 6,11,
13, 15. 54 20, 20, 21, 21, 23, 24, 25,
27,28, 1,3, 3, 4, 5. 55 9, 11, 13, 15,
18, 20, 23, 23, 25, 27, 28, 28, 29, 29.
56 30, 31, 1, 2, 5, 7, 9, 14,15,18,
18, 20. 5722, 24, 26, 32, 2. 584 4,
’’’’ ⁹
29, 31, 31. 593, 5, 5. 609,12, 12,
16, 17, 19, 21, 22,22. 61 28, 2, 3, 4,
4, 4, 5, 6, 7, 7, 8,10,10. 62 13,14,

5 2
28, 29, 31, 32, 1, 5,8, 10, 12, 13,
15. 64 18, 19, 22, 24, 25, 28,
30, 31, 1, 4, 5. 65 10, 10, 12, 13,
16, 17, 18, 19, 23, 24. 66 26,27,
29, 31, 32, 33, 2, 3, 3, 5, 6, 7,
12, 13, 14. 67 18, 25, 4, 7. 68 9,12,
14, 15,15, 18,18, 20, 24, 26, 30,2, 6,
7. 69 17, 18,18, 19, 19, 23, 24, 26, 28.

⁹
28,
14,
29,
15,
29,

