162

57 12, 14, 21. 58 25. 59 19, 19, 8.

62 27. 63 13. 64 26, 31, 33. 65 7,

12, 16. 67 26. 68 21, 32. 69 9. 70
21, 26, 2, 4, 5. 71 11. 72 17, 21.
73 26. 74 5, 8. 75 22, 23, 24,31, 33.
76 2, 7. 78 34. 79 1, 4. 80 11, 13.
81 26, 28, 31. 82 30, 2,18 11, 336,
55. 83 17. [84 35]. 85 12, 15, 19, 21,
24. 86 28, 30, 3, 9, 12. 88 2. 89 6.
91 13, 16, 18, 20‚23,28. 92 3. 93 3.
95 3, 4, 9, 17. 96 24, 26, 29. 98 31,
7, 7. 99 12. 10016. 101 26,27. 102
5, 23,24, 25. 103 11. 104 23,30,32,
3, 9. 105 29, 34, 3, 9. 106 17, 24.
107 30, 36, 5, 7, 9, 11. 108 24, 24,
34. 109 21. 111 11,12. 112 33, 38,
1, 7, 9. 113 10. 114 10, 14, 23, 24.
115 29, 31.

1 1. 2 12,14,17. 3 29, 30,33. 421.
5 33. 8 3, 12, 216. 9 9. 10 22. 12
4, 5, 6, 10, 13. 13 20, 20, 29, 32.
14 3, 8, 12, 23. 15 29, 31, 2. 16 7,
27. 17 30. 18 11, 21, 32. 19 33, 1.
22 31. 23 7, 13. 24 22, 1. 25 7,17,
18, 22, 35, 55, 7 5, 16 5, 17 5. 26 34,
36, 4. 27 30, 6. 28 11. 29 5,18. 30
3, 4. 32 28. 33 16. 35 18, 23, 33.
38 28, 10, 11. 41 8,11. 42 25, 30, 4.
43 26. 44 9, 22. 45 28, 31, 32. 46
5, 5, 13. 14. 47 31, 33. 48 4,17,28,
30. 50 6, 15. 51 21. 54 27, 32. 55
12, 30. 56 8, 8. 57 18, 22, 24, 30, 1.
58 9, 10, 15. 59 18. 60 3. 63 31.
64 26. 66 13. 67 35, 3, 12. 68 31,
4, 8, 20. 69 33. 71 8. 72 23. 73 24.
74 30, 32, 10. 75 18, 22, 24, 28, 29,
33. 76 1, 5, 10, 28. 77 31, 33, 5. 78
11, 13, 15, 5, 6, 7, 10 6. 7914. 80 7.
81 16,18,26. 82 30. 83 8,19. 8610.
89 16, 18. 91 15. 92 27, 13, 21. 93
2, 4, 6, 7. 94 31. 95 5, 8. 9618,35.
97 15. 100 7, 11,12,15, 18. 10133,
35. 102 7, 24, 24. 103 28. 104 15,
16. 106 27. 108 9, 24, 7, 8. 109 16,
21,22. 11311,12,13,15.11514,24.
116 30, 36. 11714. 118 26, 2, 7, 15,
17, 25 6. 119 23. 120 28, 30. 12125,
27. 122 31, 2,16. 123 32. 124 4,11,
12, 15. 125 3, 10, 11. 126 10. 127

34, 36. 128 10, 14, 21. 129 25, 27,
1, 13, 17. 130 18, 24, 28, 3, 6, 13.
131 20, 26. 132 2. 133 21. 134 33,1.
135 6.

8222, 26, 27‚„„,12.369132626.

435, 23, 23. 525, 3. 610, 27. 73, 3.
818 911.10 256, 276. 12 17,18.
16 14,21,23. 172. 2023, 27. 21
2,10. 2333, 5, 16, 17. 2515. 26
20, 27, 4. 27- 12, 14. 28 8. 29 19, 26.
30 34, 15, 24, 25. 31 28, 33, 9, 12.
32 26, 29, 36. 33 19. 341. 35 33.
36 23, 32. 37 3‚13‚19,23. 3810,
11. 3919, 28. 40 37, 2, 12. 41 19,
37, 1. 437. 4413, 20. 4532, 8. 46
29, 37. 47 26, 35, 14, 6s, 65, 65.
48 22. 49 36,5, 11. 50 35, 3. 51 14.
52 29, 33. 53 12. 54 15, 25, 27. 55
29, 4, 6, 7. 5617, 21, 25. 579. 58
15,24,26,31,1,3. 59116410,
12, 16, 18, 20, 24 65 28, 2, 20. 66
25, 27, 30. 67 18. 68 28. 69 17. 71
12. 72 33, 3. 73 24. 74 36. 75 18,
22. 7636, 36, 4, 9. 7930. 809. 81
29. 82 17, 21. 83 30, 4. 84 17, 20,
30, 31. 85 4. 96 33. 98 13. 99 23.
103 3. 105 23, 23, 28, 32. 108 19.
109 27. 110 32. 111 15, 29. 11413.
115 22. 116 2.

ζ 2 14,15,17, 23, 28 d. 4 20, 23. 5 25.

616, 33, 1. 75, 7, 9, 22. 834, 5,
14.920.1116123154,14.16
18. 1722, 27, 3, 19,.20 181„618,
20. 20 13. 216. 2610. 28 35. 30
20, 22, 25. 314, 5, 6, 22, 28, 346.
3219,22. 34 30, 33, 35, 9, 9,16,
19, 28, 26, 166. 35 28. 36 4. 41 25,
3. 4213. 43 18. 44 1, 10. 45 29.
46 34, 7, 16, 20. 47 33. 49 18. 50
36, 3, 5, 7,12‚ 15,-21. 51 27, 33, 34.
52 6,13. 5315. 5414,18. 5511,16.
57 2. 58 16, 21. 59 6, 10,11. 60 16,
22. 61 27, 28, 29, 3, 6, 10 s. 62 21,
28, 31, 33. 63 15. 65 9, 24, 26. 6631.
67 14, 26. 69 27. 70 23, 26, 30, 34.
71 7, 15. 72 17, 21, 36. 73 12, 13.
74 29, 31. 75 8, 17. 76 25. 77 24.
78 17. 80 3. 8211. 83 20. 85 29, 34.
86 16. 88 1, 13, 15, 17, 19, 21s, 23 s,

