22 d. 68 24, 24, 26, 28, 29, 32, 33,
2, 5, 7,9, 10, 12, 13, 17, 17, 20. 69
23, 25, 26, 26, 28, 30, 30, 31, 33.
70 3, 5, 8, 8, 13, 13, 13,14, 15, 16,
19, 20, 21. 71 23, 26, 29, 1, 3, 7,
11, 11. 72 18, 20, 21, 21, 22, 23, 25,
26, 29, 31, 32, 4, 5, 5, 6,19. 7312,
14, 15,17, 18. 74 27, 28, 32, 32, 34,
4, 6. 75 10, 17, 17, 17, 19, 20, 24,
27, 28, 29, 31, 32. 76 4, 5, 7, 11, 14,
15, 15, 16, 19, 21, 23, 26. 77 39, 3,
5, 7, 9, 9, 12, 13, 16, 17, 18, 19. 78
21, 24, 25, 28, 29, 29, 30, 33, 2. 79
5, 6, 8, 11, 13, 15,16, 17, 18, 19,
22, 24, 25, 26, 27, 29, 30, 31, 32, 33,
2, 3, 3, 4. 80 7, 8, 19,11,13,14,14,
16, 17, 21, 22, 22, 23, 24, 25, 29, 30,
30, 30, 1, 2, 3, 5, 86, 116. 8121,
24, 25, 26, 26, 27, 28, 29, 29, 39, 32,
2, 4, 6, 8, 8, 9,13,15s,19s. 82 24.
83 29, 34, 1, 3, 3, 7, 9, 10, 12, 14,
14, 14, 17, 18. 84 21,22,26,28,29,
31, 32, 34, 1, 2, 2, 4, 7, 9, 9, 11, 12,
14, 15, 16, 17,18,19. 85 22, 23, 23,
25, 26, 27, 32, 33, 2, 3, 10, 11, 12,
13. 86 18, 19, 20, 26, 27, 27, 28, 29,
1, 1, 3, 4, 5, 6. 87 10, 12, 13, 20, 24,
30, 32, 34, 1, 1, 4, 6. 88 9, 10, 12,
14, 16, 21. 89 25, 26, 39, 39, 32, 5,
6, 19, 13, 15, 18, 255, 285, 295,
295, 315. 906, 8, 11, 14,18,19,21,
22, 25, 27, 29, 31, 33, 34. 91 2, 6,
11914,16,16,29.9222,24,28,
39,3,5,5,6,8,,,,.9131417 93
1819, 20, 23, 25, 25, 27„„2225,
7, 7, 9. 94 12, 16, 17, 20, 20, 24, 24,
25, 26, 27, 31, 31, 2. 95 6, 10, 15,
16, 17, 18, 18. 96 21, 23, 24, 26, 27,
28, 29, 30, 31, 32, 32, 33, 34, 1, 3,
4, 5, 7, 7, 8. 97 13, 17, 19, 29, 23,
23, 24, 25, 25, 25, 26, 26, 28, 29, 34,
1, 2, 7. 98 9, 12, 16, 22, 24. 99 28,
31, 31, 31, 32, 35, 1, 4, 4. 4, 9, 9,
11, 13, 14, 15, 16, 16, 16, 17. 100
20, 21, 25, 25, 26, 26, 30,31,31,34,
1, 1, 2, 3, 7, 8. 101 13, 14, 15, 16,
18, 19, 19, 29, 21, 22, 23, 23, 23, 25,
26, 27, 27, 28, 29, 30, 32, 34,35,35.
102 9, 11, 12, 13, 18, 18, 18, 29,22,

καὶ

199

25, 25, 27, 27, 28, 29, 31, 32, 66,
86,196. 193 13,14,17,17,18.

y 1 20, 23, 24, 25, 28. 2 1, 2, 4, 4, 5,

6, 6, 8, 8, 11, 12, 13. 3 15, 16, 18,
18, 20, 22, 23, 28, 29, 30, 31, 34, 36,
1, 4. 4 5, 9, 14, 15, 16, 18, 29, 23.
5 27, 29, 29, 29, 30, 32, 35, 36, 1,
4, 5, 6. 6 9,11,12, 14,17, 17. 7 20,
21, 23, 27, 28, 29, 31, 32, 34, 34.
8 3, 5. 9 9, 10, 13, 15, 16, 16, 18.
10 21, 21, 24, 26, 27, 32, 2, 3, 4.
11 8, 12, 13, 14, 18, 22, 23, 26, 29,
30. 12 35, 3, 5, 9, 9, 11. 13 13, 14,
16, 17, 20, 25, 25, 27, 29, 33, 4, 9.
14 15, 15, 16, 21. 15 24, 26, 28,29‚
31, 31, 31, 33, 33. 16 2, 4,4, 4, 5, 8,
9, 10, 10, 13, 14, 16,17. 17 17, 19,
20, 21, 21, 23, 24, 24, 27, 29, 32,
18 35, 1, 2, 3, 3, 4, 5, 6, 8, 8, 11,
13,15,17,18, 18,18. 19 20, 21,22,
24, 24, 26, 27. 29 29, 39, 32, 33, 1,

27. 2231, 31, 32, 32, 2,,4 8,9,10,
14, 18, 29, 29, 27, 395, 16, 36. 23
5„,8910,11,12,14,15,19,22,
22, 24, 25, 28, 39. 24 1, 2, 4, 7, 7,
8. 25 21, 21, 23, 25, 27, 27, 28, 30.
26 33, 35, 4, [5], 6, 7, 11,12. 2714,
16, 21. 28 26, 28, 2, 3. 29 7,10,15.
30 16, 21, 22, 23, 25,27, 30. 31 33,
1, 2, 4. 32 8, 10, 16, 17, 17, 20. 33
23, 24, 25, 27, 28, 29, 31, 33, 1, 5,

24, 26, 27. 35 32, 32, 34, 35, 3. 36 4,
6,8,10,11,13,18, 19, 20, 22, 24, 25,
28, 29, 30. 37 33, 1, 2, 2, 4,6, 7, 19,
24, 25. 38 27, 28, 33, 33, 1, 12, 15,
18, 19, 23. 39 30, 31, 33, 34, 6, 11,
13, 15, 16, 17, 19, 20, 265, 395, 315,
345. 4ο 4, 4, 6, 7, 8, 19, 11,13,14,
15, 17, 21, 22, 23, 24, 27, 29, 33, 1 s.
41 6, 8. 42 12, 14, 18, 21, 22, 26,
26, 28, 35, 2, 3. 43 4, 4, 11, 15,17,
19, 22. 44 28, 28, 31, 33, 35. 45 7,
9, 13, 13, 14, 17, 19, 23, 26, 27, 29,
30, 32, 33, 34, 1. 46 6, 8,19,13,15,
16, 21, 24, 28. 47 30, 32, 34, 7, 7,
9, 12, 12. 48 14, 19. 49 25,27, 29,
31, 31,33,34,1,4, 5. 5010,10,17,19.

