ἡμέτερόν -- ἠπείρῳ

ἡμέτερόν (masc.) y 64 33.

ἡμετέρου y 11 12.

ἡμετέρας α 33 4. - y 38 35. 44 26.
— δ1811. 20 23. 95 4. —- ε 91 -9,
15.-ζ919. 213. 33 5. 68 9.
83 27. 86 13. 87 6. —— η 63 25.

ἡμετέρῳ α 129 20. - ὃ 10 5. - ζ
85 31. —- η 67 22.

ἡμετέρᾳ α 38 23. 43 3. - β 41 14.
719.- y 54 26. 58 3. 63 30. —
ζ 2ο 19. 83 25.

ἡμετέραν α 38 26. -— β 87 14. - y
56 14. 62 21. ·-— ζ 11 7. 20 14. 37
18, 35. 78 12. -- η 68 17.

ἡμέτερα α 32 20. 76 29. 143 23. — y
13 5. 58 30. - ὃ 92 15.

ἡμέτερ’ α 82 22.

ἡμετέρων α 144 20. — 3 126 22. —-
ζ 37 33.

ἡμετέροις α 68 24. - ζ 37 23.

ἡμετέραις ζ 90 20.

ἡμετέρους α 53 2. 86 28. - β 71 12.
-—- y 39 30.

ἡμίεργα η 2 7.

ἡμιθέου ε 16 20.

ἡμιθνῆτες β 52 5.

ἡμισυ α 8 33. 9314- β 13183.
78 27. - y 112 22. — <5 8316.-
ε 16 25. - ζ 6717, 18. —- η 80 27.
— θ 68 7.

ἡμίσεος β 78 27. —- ὃ 83 20.

ἡμισείας 3 104 29. — ε 20 31. - 9
8 20.

ἡμίσει ὅ 130 23.

ἡμισείᾳ ε 31 33. -— ζ 62 35.

ἡμίσεις y 20 2. —— δ 42 9. - θ 64
18, 21.

ἡμίσεα ὃ 16 13.

ἡμίσεσι δ 44 11.

ἡμίσείαίς θ 35 16.

ἡμιτέλεστα y 3 4.

ἦν α 44 24. 6810. 77 5. 84 28. 95 2.
129 14. 143 25. - β 5 5. 12 23.
34 30. 43 6. 74 5. - y 43 4. 44 26,
28. 46 8, 23. 66 2. - δ 20 30. 98
37, 37. — ε 23 5. 661. 10129.-
ζ 8 8. 13 20. 1814. 2210,17. 251.
33 23. 3813. 411. 79 24. - η4 20.
141. 2924. 363d. 48 83. ⁴4- 2927.

181

18 33. 27 14. 32 8. 33 14. 37 27.
58 17. 63 15. 69 17.

ἢν α 20 3. 28 11, 14. 32 16. 34 29.
37 8. 41 16,17. 45 1. 5818, 22.
62 13. 651. 70 20. 71 1. 81 14. 82
28, 29, 31. 86 33. 87 26. 93 22. 102
10. 103 24. 105 33. 118 11. 120 1.
126 21. 132 13, 24 d. 140 28. 143 4.
14412,19, 29. — β 5 25. 1313, 36.
24 16, 17, 23. 39 35. 54 14. 62 16,
24. 64 33. 7216. 7314. 80 11. 87 5.
8815. 919. 97 12. - y 3 29. 13
32, 12. 20 34. 31 2, 2. 3419. 40 3s.
46 15. 66 34. 67 34. 94 24. 102 28.
- 32 25. 3 6. 8 1. 9 6,16. 1025,
32. 13 31, 36. 15 1. 18 29. 19 7, 9.
41 8. 42 9. 59 22, 31. 63 1. 64 20.
83 4. 85 17. 92 29, 13, 20. 95 4.
107 31. - ε 416. 7 6. 9 24, 3s.
18 36, 10. 21 11. 22 21. 23 33, 1, 8,
12, 20. 30 4,17. 33 22. 35 20. 36 30.
39 22. 41 1. 44 20. 45 32, 35. 4629.
47 25, 29, 34, 35, 3, 7,10,15 d, 21 d.
53 9. 66 23. 80 7. 82 22. 91 9, 13.
109 23. 111 19. — ζ 11 22. 17 14.
18 8, 32 d. 23 23, 30. 25 33. 29 10.
33 15. 36 8. 41 29. 47 27,35. 48 12.
49 17, 20, 27. 52 8. 69 10. 72 31.
75 1. 79 34,35. 85 20,21,33. 9131.
92 5. 9630. — η 117. 1215. 1517.
18 33. 25 1s. 43 24. 48 16. 59 11.
60 26, 27. 61 14. 62 6. 71 23 d. 72
33. 77 3,11s. 84 14. — 9 12 23.
18 30, 31. 27 3. 29 19. 37 17, 21,
24. 39 29, 31. 45 16. 46 27, 10. 50
30. 53 15. 57 27. 58 15, 23, 24, 1.
67 27. 741. 76 25 d, 27 d. 8121,22.
90 1. 100 23, 11. 102 9. 106 30.

ἡνίκα η 73 30.

ἡνίοχον ε 50 35.

Ἠπείρου y 114 26.

ἤπειρος ζ 1 26.

ἠπείρου α 46 22. — β 69 3ο. - y 51
33, 35. 73 30. 76 7. — ὁ 24 33.
381,3. 5229. - η 3331.—3 14 11.
79 28. 100 29. 101 22, 24.

ἠπείρῳ α 5 10. 16 14. 46 13. 47 30.
54 18. 120 3. — y 50 17. 8516.—
3 14 27. 16 10. 23 14. 26 21. 30 4.

