Δάϊθος - δὲ

Λάϊθος ε 19 13. 24 25.

Δαϊμάχου y 201.

δαιμόνια β 64 27.

δαίμονας δ 97 28.

δάκρυσι η 75 7.

δάκρυα η 75 9.

Δαμάγητος ε 19 13. 24 24.

Δαμάγων γ 92 20.

Δαμότιμος δ 119 17.

Δαναοὺς α 3 30.

δάνεισμα α12130.

δαπανᾶν γ 4614. -- δ 3 7. - η
29 21.

δαπανῶντες α 141 1. — θ 45 34.

δαπανῶντας ζ 47 37. - η 47 6.

δαπανήσομεν α 121 11.

δαπάνη y 31 3.

δαπάνης α 33 13. 83 15. 99 34. - β
77 3. — ζ 1618. — θ 46 30. 10912.

δαπάνῃ α 129 23. - y 13 29. — θ
46 28.

δαπάνην y 46 10. -— θ 37 24.

δαπάναι η 28 15.

δαπάναις ζ 31 14.

δαπάνας ζ 15 11.

δάπανος ε 103 3.

Δαρδάνου θ 104 4.

Δαρεικὸν 9 28 8.

Δαρεῖος α 16 15.

Δαρείου α 14 17. - θ 37 9. 58 4.

Δαρείῳ ζ 59 36. - θ 5 14.

Δαρεῖον δ 102 10. - ζ 59 11. — θ
37 7, 15.

δᾳδὸς η 53 24.

Δασκυλῖτιν α 129 10.

Δάσκων ζ 5 1.

Δάσκωνι ζ 66 3.

δασὺ δ 29 18.

Δαυλία β 29 19.

Δαυλιας β 29 23.

Δαφνοῦντα θ 23 27 d. 3116.

δέ α 3 15,18. 518. 8 30. 1111. 209.
27 19. 28 3. 35 26. 37 8. 42 21. 49
10. 82 25. 87 13. 90 21. 91 6. 99
27. 10232. 103 24, 25. 1049. 107 6.
118 7. 120 5. 125 17. 126 21 d. 138

Δ.

83

34, 19. 141 18. 143 31. - β 3 28,
15 16. 21 17, 33. 24 16. 37 1. 39
28, 35. 42 27. 45 3. 49 18. 54 14.
64 5. 79 20. 85 29. 87 16, 5. 90 17.
32. 98 19. 9913. — y 3132. 38 18.
52 15. 53 29. 58 8. 62 12. 63 4. 68
30. 70 4. 81 7, 12. 82'20, 9. 87 17.
104 29. — 3 28 20. 31 18. 43 24·
46 22. 54 34. 57 32. 76 10. 83 9.
87 22. 103 8. 118 24 d. 125 12. 126
30. 127 30. — ε 18 36, 5 d. 20 24.
21 34. 22 20. 23 33, 20. 38 12. 47
21 d, 15 s. 65 34. 75 30. 77 21,29, 6.
79 25,27,30. 83 31. - ζ 10 8. 15 2.
23 4. 25 33. 33 10. 34 35. 35 26.
39 30. 54 12. 68 8. 76 5. 80 19. 85
33. 87 6. 92 32. — η 1 6. 3 12,27.
30 28. 34 33. 4813. 7418. 85 32, 9.
861. — θ 1 24. 18 31. 24 26. 32 4.
37 17, 24. 45 16. 56 34, 5. 58 15.
64 4. 66 32. 67 27. 87 20. 91 28.
92 2d. 94 17. 100 25.

δὲ α 1 7, 9,12. 2 27. 3 20, 22,27,31.
5 19, 24. 6 34,12,14. 7 19, 23. 8 1.
9 15, 22, 25, 5, 6. 10 12, 17, 19, 21,
25, 26, 28, 31, 33, 36. 11 17. 12 1,
2, 8,10. 13 11, 14,17,19, 24. 14 13.
15 29, 33, 1, 7, 8. 16 10, 15. 1716.
18 26, 4, 7, 18, 19, 24. 19 29, 30.
20 8, 12, 15. 21 22, 29, 32. 22 10,
13. 23 19, 21, 28, 29, 3, 9. 24 19,
21, 22, 25, 26, 28, 33, 1. 25 2, 8,
12, 15, 19, 22. 26 31, 33, 8, 12, 13.
27 20, 22, 23, 25, 27, 28, 29, 30, 30.
28 32, 6, 7, 8, 10, 13, 14, 16, [17].
29 18, 23, 25, 32, 3, 5. 30 6, 9, 10,
23. 31 32, 4, 8. 32 14, 14, 15, 17,
19,29, 1. 33 3,18,28. 34 30, 32,1.
35 8, 15, 18, 20, 25, 33. 36 1, 3, 20,
22. 3729. 3815, 24, 27. 395, 8.
40 23, 24, 29. 414, 12. 42 27. 43
33,.9 4411, 13, 22, 25. 4531,1,3,
4. 46 5, a,8,9,10,10,11,12‚15,16‚
17, 19. 47 23, 27, 29. 48 32,1, 2, 5,
6, 7. 49 12, 15, 25, 26, 33, 5. 50 9,
11, 19, 24, 25, 26, 29. 51 4, 7, 11,

6*

