252 μετέωρα- μὴ

μετέωρα γ 72 21. 89 15. - ὁ 44 8.
57 25. 112 2. 124 22.

μετεώρων δ 128 12.

μετεώροις γ 33 4.

μετεώρους α 48 35. 52 23. —- δ 14 2.
- θ 4219.

μετεωρότατα ὃ 32 36.

μετοικίας α 2 9.

μέτοικοι β 3120, 30. - γ 16 4.

μετοίκων α 143 15. —— β 13 10 d. --
ζ 28 23.

μετοίκους δ 90 29.

μετωνόμασται α 122 7.

μετόπισθεν γ10412.

μετοπωριναὶ η 8712.

μετόπωρον η 79 25. — θ 108 20.

μετόχους 9 9213d.

μετριάζομεν α 76 30.

μετρία 9 97 2.

μέτριον ὁ 81 18. 108 19.

μετρία α 6 6. - ὁ 30 8.

μετρίαν ὁ 105 7.

μέτριοί ε 111 26.

μέτρια ὃ 1915. — ε 11121. - θ
8418.

μετρίοις α 77 2. - ὃ 22 33.

μετριότητα α 38 24.

μετρίως β 35 25. 65 36. - y 4619.
- ὅ 1911.2Ο 24.

μετριώτατα ζ 88 28. - θ 24 4(1.

μετριώτεροι ζ, 89 33.

μέτρον y 2014. - θ 95 2.

μέτρῳ ζ 1 26.

μέτρα ὃ 118 15.

μετωπηδὸν β 90 24.

μέτωπον y 2123.
μέχρι α 5 25. 7 27. 13 25. 30 18.

49 29. 54 24. 71 11. 74 11. 76 23.
90 10. 109 17. 120 6. 137 14. — β
15 30. 16 34. 21 17. 22 19. 31 2.
35 30. 36 9. 46 11. 53 1. 55 27.
64 32. 72 9. 73 15. 96 22, 33, 5.
97 11. 99 3, 9. 101 19. — y 10 32.
19 25. 23 1. 33 1. 64 24. 30 15.
32 4s. 39 6. 9318.— 6 4 14. 16
20. 39 20. 41 7. 4615. 90 7. 92 23.
96 13, 21. 10312. 135 5. - ε114.
13 22. 26 17,35. 311. 32 33. 4713.
60 9. 64 12. 65 29. 73 23. 75 11.

112 37. —— ζ 32 18. 61 17. 86 17.
95 4. 96 21. 101 33. 103 20. - η
7 18. 19 30. 38 16. 41 28. 83 30, 34.
—- θ 24 16. 28 11. 42 29. 43 21.
58 20. 68 22. 87 7. 9615. 104 2, 4.

μή α 9 5. 23 7. 28 8. 32 14. 35 33.

40 23. 65 1. 32 30. 102 10. 126 21.
13117. — β 5 31. 3 33. 151. 715.
72 23. 9319- y 2 13. 3 29. 11
21, 23. 32 20. 33 16. 47 7. 71 14.
75 32. - 6 13 32. 14 14. 13 29.
55 29. 63 32. 30 31. 95 4. 104 33.
- ε 14 13,17. 16 22. 21 16. 22 21.
30 4. 34 4. 35 36. 6916. 10416.-
ζ 6 27. 34 2,14,16(1. 33 6, 14. 4014.
47 23, 35. 61 32. - η 11 7. 49 4.
6027. 71 23 d. - 9 4610. 53 3,15.
72 13. 33 23. 3931. 91 23, 2. 97 31.

μὴ α29. 10 8,10. 12 28. 1532. 1611.

17 21. 20 13. 22 13. 21 31. 25 11.
26 32, 13. 27 20. 29 30. 31 5. 32
16, 25, 1. 33 20, 24. 34 5, 6. 35 13.
36 1, 3, 14. 37 23, 5. 33 21. 39 4.
40 15, 16, 13, 21,25. 41 11. 42 20,
31. 43 2. 4414,21. 451,1,4. 49 5.
50 23, 33. 51 16. 52 29. 56 24, 25.
57 14. 53 16. 64 23. 70 13. 71 1, 2,
2,14,19,23. 72 4. 73 11, 21, 24, 23.
74 16, 25, 27. 75 31. 76 14, 19,25.
77 6, 7. 73 25, 2. 31 9, 13, 15. 32
20, 26, 1, 4, 7. 33 12, 17. 34 21, 2.
35 13. 36 3. 37 20. 33 2. 90 29, 9.
91 27, 31,1, 16. 95 2, 13, 20. 99 32.
10416. 1119.113 4, 5, 6119 25.
120 34, 1,4, 4, 7, 9. 121 11. 122 23.
123 11. 124 24, 29, 32, 3. 125 15.
123 13. 131 16. 132 31, 17, 25 d.
133 9. 134 19. 137 12. 139 3, 3, 13.
140 23, 11, 12. 141 22, 6, 9. 142 3.
143 14, 2, 5, 7. 144 13, 14, 19, 24, 4.

β 3 33, 4. 4 19. 5 11, 31. 8 2. 1117,

32. 12 20. 13 5, 7, 13, 13, 4d.· 17
14, 21. 13 11. 20 10. 21 19, 31. 22
10, 11, 14. 24 15, 13, 22. 32 6. 34
34, 9. 35 23. 37 28. 39 22, 2, 4, 4.
40 10, 12, 17, 23. 41 17. 42 21. 43
16, 32, 2. 4413, 23, 24. 45 2, 5.
43 14. 49 6. 51 17. 5319,30. 5410.
55 31. 60 30, 4,10,11. 61 25, 35, 2.

