364

πλεύσαντας α 142 30. - β 33 14. -
δ 27 8. -— ζ 10 4.

πλευσούμεθα ,α 143 26.

πλευσεῖσθε α 53 13.

πλεύσεσθαι ζ 104 15.

πλεύσεσθαί ὃ 28 25.

πλευσεῖσθαι θ l 20.

πλευσουμένους η 64 7.

πλευστέα ζ 25 29.

πληγαῖς θ 74 28.

πληγὰς ε 50 32.

πλῆθος α 1 12. 9 28. 1418. 20 5.
72 3. 90 27. 9430. 106 20. 125 13.
—— β 11 23. 6516. 78 30. 8810,15.
89 23, 26. 98 21. — y 16 14. 42 3.
43 11. 47 35. 62 16. 70 32, 36. 73
29. 78 22. 98 3. 113 15, 34. - δ 7
12. 10 34. 5515. 68 7. 78 23. 80 1.
84 27, 29. 85 21. 96 9. 10018. 105 4.
106 22. 112 1. 125 36. 126 22, 26.
-- ε 6 19. 8 25. 27 26. 30 4. 45 33.
5919. 61 10. 68 27, 30. 84 35. 85 1.
102 35. -- ζ 4 12. 20 15. 26 9. 31
36. 38 5. 40 9. 72 28. 8622. 104 25.
-η112.592τ.-997.4ο16.
81 4. 84 3, 7. 93 30. 104 19.

πλῆθός β 87 30.

πλήθους α 49 17, 2. — β 73 12. 100 8.
- y 6624. 82 356. - δ 15 34. 66
15. — ε 60 31,19. -— ζ 121. 26 3.
89 30. - η 61 24. - θ 105 27.

πλήθει α 213. 917. 5018. 814. 102 2.
121 26. 129 24. 142 6. - β 3 30.
11 16. 72 29. 97 2. 98 27. — y 37
26. 74 32. 94 17. —- δ 10 26, 5. 21
12. 22 27, 30. 32 3. 56 1. 94 24.
104 23.126 2. - ε 8 21. 41 1. -
ζ195.247. 60 2.-η12 25. 67
31. — θ 2213. 44 29. 48 22. 6817.
79 30. 92 28 S.

πλήθη ε 68 28.

πληθοὺσῃ θ 92 14.

Πλημύριον η 4 14. 31 19.

Πλημυρίου η 23 3. 24 17. 25 29 d. 32 3.
36 11 d.

Πλημυρίῳη 432. 22 32, 5. 2314. 246.

πλήν β 34 5.- y 9218— ζ 23 26.

- 56 7.
772.th 2 2. 18 28. 19 31. 33 8. 65 2.

πλεύσαντας -— πληγεὶς

95 11. 110 24. 114 26. —- β 9 7, 22.
1711. 2129. 916. 9213. - y 231.
5 28. 10 2. 16 3. 34 27. 50 12. 86
31. 94 13. 107 16. 108 35. —— (514
22. 23 11. 32 30, 34. 42 4. 44 21.
54 34. 97 26. 103 31. - ε 17 14.
28 32. 50 25. 61 3. 66 3. 68 2. 83
31. - ζ7 7. 20 16. 48 3. 54 20.
82 7. 88 22, 7. 98 3. 101 7. — η
2 3. 23 34. 28 26. 3215. 33 23. 351.
44 28. 57 28. 62 9. 83 5. 87 23. -
θ 13 6. 23 26 d. 40 15. 41 6. 45 5.
70 3. 92 9S. 95 24d.

πλήρους β 77 6.

πλήρεις α 2918. - ζ 32 8. - η 37 31.

πληροῦσι ζ 52 2.

πληροῦν α 35 13. - η 21 8. 31 31.
65 22. 72 3. - θ· 15 2, 14.

πληροῦντες α 141 32.

ἐπλήροῦν α 29 30. -— y 115 3. - δ
13 36. — ζ, 30 26. - η 7 27. 17 13.
2129. 37 30. 5117. - θ 95 3. 97 25.

πληρώσων ζ 20 23.

ἐπλήρωσαν α 70 21. — y 16 3. 8013.
81 28. - η 60 32.

πληρῶσαι ε 71 15. - η 60 26.

πληρώσας θ 108 17.

πληρώσαντες α 47 24. - γ 75 20. —-
7] 40 9. - 91512. 19 2.

πληρώσαντας η 72 32.

πληρούμενον ζ 52 4.

πληρούμεναι δ 1 8. 14 7.

πληρουμένων 9 95 7.

πληρουμένας y 77 10.

πεπληρωμένας θ 87 17.

ἐπεπλήρωντο α 29 34.

ἐπληρώθησαν y 17 32. — η 19 18.

πληρωθεῖσαι η 19 15.

πληρώματος η 14 15.

πληρώματα η 12 23. 13 1.

πληρωμάτων η 4 27. 12 21.

⁷ πληρώμασιν θ 95 22.

πλησίον α 57 13. 134 28. — β 41.
- ε 10 13d.

πλησιόχωροι δ 7918. 9212.

πλησιοχώρων β 68 17. - θ 79 5.

πεπληγμένοι θ 38 4.

πεπληγμένων δ 108 33.
πληγεὶς θ 92 13.

