306

42 9, 23, 11 d. 45 9. 46 23. 47 2.
48 18, 19. 49 14, 18, 25. 50 12. 51
12. 52 26. 5317,27. 5516. 60 21,7.
61 14, 19. 63 19. 64 14. 69 18. 70
24 d. 74 16. 77 11, 11. 85 12, 12.
87 8.—9117.36.4 17. 10 29.
11 34. 12 32. 16 16. 19 14. 2314,
15, 15. 24 31. 27 29, 5. 29 18. 31
22. 32 6. 34 30. 35 15, 16. 38 3,15.
40 11, 17. 42 26, 32. 43 2. 44 9.
55 21. 58 19, 19. 6016. 63 1. 65 9.
66 5. 79 22,25,33,7. 8015. 95 26, 4.
98 25. 100 3. 101 17. 103 17, 18.
104 18. 106 27. 108 13.

τούς α 20 17. 24 31. 26 34, 3, 7. 50
12. 56 23,26. 82 18. 10512. 109 13.
126 27 d. 144 3. - β 7017. 71 10.
82 23. 84 13. 103 15. — y 11 20.
18 10. 34 23. 42 14, 21. 51 27. 52
13. 65 13, 14. 72 15. 79 37. 81 26.
90 3. 109 23. — δ 12 36. 3ο 30.
44 9. 48 8. 57 29. 69 6. 75 22. 92
10, 24, 25. 96 22. 97 14. 98 16. 108
12s. 11011. 114 3. 125 8. - ε 9
27. 21 1. 33 29. 37 18. 40 3. 7323.
75 10. 80 14. 96 32. — ζ 2 23. 40
18. 49 28. 72 4. 74 24. 82 12. 88
24s, 611. 91 10. 94 20, 31. 96 13.
100 4, 6. - η 11. 38 8. 56 27. 64
3,7,9. 85 2.- 9118. 5 21. 618.
12 31. 25 23,31. 27 9. 28 3. 4812d.
76 7. 82 3. 85 30. 89 30. 90 25.
93 26.

τοὺς α 1 14. 3 28, 29. 4 6. 5 26. 6 5,
8. 7 22, 23. 9 14, 31. 10 35. 11 26.
12 7. 15 2. 17 21. 19 28. 23 9. 24
26,27. 26 8,11,13. 28 2, 11,13,15.
29 3, 5. 30 8, 17. 31 2. 32 10,11.
33 14, 21, 22. 34 30, 4. 35 23, 29.
36 2, 4. 37 3, 3. 38 12. 39 31. 40
26, 30, 31. 41 4,14. 42 31. 43 1.
44 13, 15,19. 45 28. 48 9. 49 3, 8.
50 11,19,21,21. 51 5. 53 2. 5514.
56 26. 57 28, 2. 60 13. 61 21, 24.
62 5, 13, 14, 17, 18, 20, 23. 63 1,
5, 13, 15. 65 12. 66 18. 67 26, 29,
5, 6. 68 9, 17, 23. 69 32, 33, 7, 17,
22. 70 30 d. 71 15. 72 28. 77 33, 2.
78 31,3, 4. 79 9,12. 8017,22. 816.

τούς - τοὺς

82 32. 84 7. 85 17. 86 26, 26, 28,
29, 33, 6, 8, 9, 10. 87 22, 24. 88 1.
89 10. 90 31, 32, 5, 12, 20. 91 3, 6,
15. 93 10, 17. 95 36, 3, 10, 22. 97
3, 4. 99 29. 100 12. 10127. 102 32.
103 22. 106 18, 19. 107 22, 31, 15.
108 23, 26. 109 14, 15. 111 17. 113
16, 16, 18. 115 5, 23, 24, 24, 24,25.
118 6, 13. 119 18. 120 27, 30, 34.
121 31, 10. 122 1. 124 27,28, 8. 126
19, 22, 30, 25 d. 127 8. 128 9, 33, 7.
130 6. 13114. 13211. 13427. 135 7.
136 29. 13913. 140 23, 27, 9. 1412.
143 14, 8. 144 30.

β 2 6. 3 23, 26, 28, 32. 4 19. 5 22,

29, 32, 2, 4, 9;· 6 12, 25, 28. 7 1.
8 29, 1. 10 2, 3. 11 17, 24. 12 31.
13 6,12,12, 32. 14 32. 18 14. 19 25.
20 32, 9, 12. 22 15, 15, 18. 25 29.
26 23. 27 31. 31 24. 34 5, 6. 37 26,
29. 39 28, 31. 40 16, 26. 42 30, 5.
43 13, 15, 18, 2. 44 10. 46 10. 49
19, 2111, 23 d. 5122. 521,14. 55 32.
56 18. 57 22, 23. 58 32, 3, 4. 5918.
60 32. 63 6. 65 19, 22, 11. 67 3,16,
21 d, 22 d. 68 23, 27, 33, 5, 10, 14.
70 3, 13. 71 2, 5, 11,13. 72 18. 73
18. 75 20, 20, 28. 76 6, 14, 19. 77
13. 78 29. 79 7,19,31, 33, 4, 4. 80
18. 81 16, 5, 17 s. 82 28. 83 4, 9.
84 13. 86 27, 4, 4. 87 18, 19, 26.
88 21. 89 2, 36, 4d. 90 25. 92 21,
29, 5. 94 14. 95 3, 6,18,19. 96 21,
23, 30. 101 15, 17, 25. 102 96.

y321,34. 611,13. 735. 99. 1022,

7. 1110,23,33. 1327,10. 1525,
25 1811.19 22. 21 16. 22 34. 23
5, 10. 241, 2. 2528. 2715,.20 28
33, 35. 29 8. 32 8, 9. 34 28. 35 34.
36 9, 10, 21, 24. 37 2, 15. 38 6. 39
30. 40 7, 8,13,15. 42 9,10, 21, 29,
31. 45 25. 4617,26. 47 3. 4818,21.
50 7, 14,14. 52 1,16,21. 5414,17,
21. 57 11, 17, 21. 58 25, 13. 59 20,
20, 27, 31, 11, 14. 61 22. 62 8, 20,
25. 63 29, 4, 5, 6, 7. 64 23. 67 21,
31, 35. 68 13. 70 28, 36. 71 13. 73
26, 27. 75 13, 14, 16, 22. 77 11,17.
79 36, 9. 81 5. 82 17, 18, 12, 18 d.

