ἥνπερ - ὅτι

ἥνπερ β 92 9. —- δ 118 9. 130 4. —
η 36 5.

οἵπερ α 3 30. 83 18. -· γ 22 31. 114
14. — δ 80 6. 94 27. 96 25. —· ε
16 34. 23 14. 36 17. — ζ 36 7. 61
10. 89 35. - η 25 26. 3416. 57 5d.
— 9 26 17. 48 13. 66 26. 76 23 d.

αἵπερ β4 21. 90 26. 915.— y 86 32.
—6929—227 12. 38 32.—g
105 32. - 9 54 2.

ἅπερ α 87 28. — β 13 16. 15 10. 59
23. 64 21. 72 23. 89 23 s. — y 5613.
— ὃ 64 5. 11711. 118 33. - ε 112
34.- ζ7816.-η4733. —9
6 33, 18. 53 33.

ὦνπερ α 143 24. —- ε 37 10.

οἷσπερ β 67 16. — ζ 13 18. - η 11
27. - 9 92 29.

τοῖσπερ ε 79 22.

αἷσπερ α 14 25. - β 86 20.

οὕσπερ y 64 24. — ζ 17 15.

ἅσπερ β 23 1.-341 12. 42 26. 4621.

ὀστᾶ α 126 28 d. 138 27. — β 34 29,
33. - ζ 71 5.

ὅστις α 35 33. 4015,16. 84 11. 137
11. — β 41 12. 61 1. 62 17. 64 8.
- γ 38 33. 42 15. 45 14,1. 48 20.
—6921.—- 8913.1612.--ζ
3 8. 3633. -η 6033. -9 6819.
90 29. 92 6d, 9d.

ἥτις α 35 11. - β 1023. — ε 27 21.

ὅτου α 237. - β 4810. — ε 18 6d.

ὅτῳ α 36 34. 87 17,19. 107 5. 132 26.
— y 109 6. — ὃ 8010.128 23. —
ε237.1035.-ζ64.1122. 15
15. 33 7. 44 20. 82 3. 86 1. - η
29 7. 44 26. - 9 43 14. 48 29. 63
12. 68 11. 86 15 s.

ὅντινα y 39 27 s.

ἥντινα y 43 21. 4611.-ζ 25 25. 68 9.

οἵτινες α 76 26. 91 28. — β 64 15.
- y 38 7. 39 27, 28, 29. 5715. 64
28. - ὁ 18 12,21. 22 22, 26. 120 6.
-ε11124.-3131.

αἵτινες ε 112 4. — ζ 42 14. 91 7.

οὕστινας ε 18 26 s.

ἅστινας β 48 11.

ᾑτινιὸὴ 9 87 30 d.

ὁτιοῦν 616 19. 23 5. — η 48 88.

327

ὁτουοῦν 9 27 3.

ω’στρακισμένος α 135 10.

ὠστρακισμένον 9 73 25.

Ὀτάγης 916 31.

ὅταν α 367. 6215. 121 24, 3. 14110.
142 22, 10. 144 23. — β 11 33. 43
21. 64 25.— y 39 28s. 561. 104 5.
— ὃ 527. 60 8. 6418. 77 8. 12614.
— ε926. 47203. 9813. — ζ 3 9.
79 25. 86 14. 93 7. — η 50 32. —
911 12. 86 18s. 90 3.

ὅτε α 8 3. 13 22. 25 22, 26. 39 3.
73 20,26. 7420. 919. — β 13 2211.
21 21. 39 21. 54 17. 56 6. 781. 81
29. 95 12. 98 14. 99 18. 102 32, 3.
- y 13 17. 3410. 43 21. 45 31. 54
29. 55 35, 5. 56 23, 24. 68 8. 96 31.
97 15. 104 1,6. 11313. -— ὁ 3434.
85 1. 91 20. 92 22. 116 32. 133 24.
— ε 5 35. 13 29. 16 28. 30 12. 41
30. 102 33. - ζ 31 35. 3812. 46 6.
86 26. - η 21 19. 27 6, 7. 56 33.
70 12. -9 76 7. 7812. 86 23. 108 30.

ὅτ’ α923.-γ2914.--ε496.-
ζ7421.- η1513. - 97321.
99 29.

ὅτι α 1 5. 10 7, 33. 20 7. 22 4. 2515.
27 17. 30 15. 32 14. 33 4. 35 27.
38 19. 42 30. 44 23. 50 13. 51 6.
54 30. 55 14. 57 32. 61 20. 66 16,
19. 67 27. 69 7. 74 1, 16. 81 3. 84
31. 86 31. 87 23. 90 6, 16. 9125, 5.
93 29. 97 6. 102 3, 13. 103 32. 114
23. 116 10. 120 1. 122 20. 126 20.
132 33, 28. 137 12, 22. 13912. 143
32. 143 11. 144 18, 22, 26, 29, 31.

β 2 10. 5 29. 6 20. 8 30. 12 27, 29.
13 5, 10. 21 6. 27 33. 43 21. 5115.
57 24. 64 24, 35. 65 25, 14. 67 12.
7017. 72 30. 7313. 74 30,1. 79 24.
80 11. 85 3. 88 10. 89 6, 17, 2d.
97 4.

y 2 10. 16 36. 22 7. 25 24. 29 11.
31 6. 33 4. 36 12. 37 34, 6, 11. 38
81, 1. 40 32. 46 7, 8, 29. 57 3. 58
35. 59 5. 61 31. 64 15. 67 9. 71 7.
78 31. 82 28 d, 11 s. 86 5. 88 34.
93 27. 97 1, 5. 102 28. 104 35, 19s.
113 27, 35.

