αὑτοῦ - ἐία

59 34, 3. 60 32. 61 2. 78 29. 92 1,
12. — η 3 22. 5 17. 66 12. 73 29.
—956,19. 61‚2. 931. 2312,
14, 18. 46 30. 47 26. 56 18. 57 29.
58 11. 81 13, 21, 23. 84 6. 85 28.
87 3. 88 11. 92 1. 99 4. 108 2.

αὑτοῦ α 36 2. 62 10. 122 17. 133 3.
143 20. — β 13 7. 16 7. 34 30. 98
11. — y 7519. - 634 7. 6213.
70 24. 128 1. 132 2. ψ ε 8 20. -
ζ5036. 784,7,13.ῄη87.-
9 50 30. 85 30, 31.

ἑαυτῆς α 5019. — y 6217.— ζ72 3.

αὑτῆς α 10 26. - ζ 40 13, 17.

ἑαυτῷ α 90 9. 126 33. — β 84 30. —
63636.-ζ163.-η85 35.-
917 7. 45 4. 48 206. 50 2. 92 3d.

αὑτῷ α 69 21. — β 85 3. 87 16. —
y 17 26. 30 30. - η 64 19.

αὑτῇ ε 41 21.

ἑαυτόν β 92 3. — η 69 5. - 9 50 10.

ἑαυτὸν α 90 7. 111 6. 127 6. 131 23.
141 12. — β 33 13. 60 34. 87 2.
95 9. — 6 78 14. 81 18. 108 19. —
ζ 9 29. 161. 78 26. - η 44 28.
78 19. 85 33. 86 32. — 9 46 16.
47 2. 66 16. 67 5. 68 13, 24.

αὑτόν ζ 60 28.

αὑτὸν α 4015. 12219. 130 4. 132 27 6.
137 30. — β 11 20. 101 32. — y
45 35. - 6 27 30. 83 11. 114 28.
1203- ε1612. - §7725—
9 55 23. 81 14, 16. 85 9.

ἑαυτήν α 33 13.

ἑαυτὴν ζ 26 8. - η 68 11.

αὑτὴν β 7712.- 671 1. -ζ18 256.
38 11. — η 28 1.

ἑαυτῶν α 217. 3 21. 8 7. 15 3. 1717.
18 24. 25 14. 26 30. 56 21. 60 11.
61 21, 33 64 26. 66 16,19. 91 13.
107 30108 27 113 8.- β 7 4.
11 66 52 15. 7019. 75 24. 79 6.
835 9010 16. 9228, 6. —y18
14. 28 30. 3428. 37 20. 65 11. 68
10. 78 32. 109 12, 22. 112 26, 35.
114 23. — 612 13. 29 21. 35 20.
37 20. 42 26. 43 25. 44 10, 20. 57 2.
61 10. 72 31. 83 9. 97 13, 28. 9832.
99 23, 29. 100 11. 114 21. 118 13.

111

129 32. - ε 16 21. 17 13. 18 27,
4, 14. 54 15. 56 19. 59 11. 60 30.
63 30. 65 13. 66 30. 71 15. 84 21,
22. 11612. — ζ 6 13. 33 20. 50 16.
53 29. 62 35. 65 21. 71 35. 76 2.
91 15. 101 20. — η 23 4. 31 25.
32 11. 36 20, 2. 37 13. 41 28. 42 9.
50 25. 53 7. 57 8. 69 22. 79 17, 9.
-9629, 810. 1118. 45 31. 5823.
69 21. 72 12.

αὑτῶν α 2 20. 17 21. 50 12. 62 17.
82 28. 100 11. 104 10. 112 25. 115
24. 120 6. 121 9. 141 1. 144 23.-—
— β 15 9. 27 29. 68 17. 70 17. 79
5s. 8118,2.— y 55. 1114. 6019.
61 24. 65 12. 83 20. 92 16. - 6 8
17 6. 29 15. 42 9. 61 35. 62 20. 73
18. 92 32 s. 118 32. — ε 18 27. 49
36, 16. 59 22. 64 12. 71 32. 74 35.
77 4. 79 20, 24. - ζ 12 33. 13 21.
80 23. 102 32. — η 67 30. - 9 76 31.

ἑαυτοῖς δ 25 34. - θ 3 7. 48 12.
58 24.
αὑτοῖς y 56 31. 62 22. — 6 34 14.

124 13. - ε 49 6. — η 44 276.

ἑαυτούς θ 76 10.

ἑαυτοὺς α 13 6. 31 34. 62 28. 86 27.
117 16. 138 32. - β 68 7. - y 67
20. 78 24. 108 30. - 6 38 6. — ζ
63 12. 88 36. 100 23. - η 44 32 6.
—- 8 46 1.

αὑτούς y 78 21. — <5 51 21.

αὑτοὺς β 100 9.- y 39 2. - 6110 7.
134 32. -ζ 13 21. 1001. —- 9 4814.

αὑτά β 99 33.

ἐῶ y 48 16.

ἐῶμεν α 122 1.

ἐῶσι α 52 30. - ζ 48 13.

ἐῶσιν β 69 28.

ἕᾶτεα869.
ἐᾶνα35 32. 70 30d. 8219. -β71

13.-γ4819.-- «516 10. -ε478,
5620. — η 62 8. —9 46 23. 5617.
63 10.

ἐῶντος α 133 ’7.

ἐῶντες β 21 33.

ἐώντων ε 41 23.

{Aa α 127 7. - ζ 72 23. — η 48 21.
-- θ 46 18.

