νῆές - ναύτας

31 21. 34 25, 32. 35 31. 37 22. 41
28, 31. 58 29. 60 1. 64 16. 70 29.
72 34. 77 14 S. 87 33. — θ 6 15.
76. 1015. 1111. 13 2. 1418. 1917.
2019. 22 21, 23. 23 27. 26 8. 27 12.
29 26. 30 30. 31 21. 38 15. 39 21,
34, 3. 41 28. 43 10. 58 21, 22, 28,
29. 7812. 80 24. 87 7. 9122. 92 25.
94 3, 7. 95 18. 99 30,1,10. 100 21,
8, 9. 101 14. 104 3, 4.

νῆές γ 13 30. 17 30. -· ζ 45 26. -
η 2 24.

νεῶν α 10 30, 33. 29 23. 3130. 41 7.
48 3, 8. 49 17, 20, 1. 50 10,14,18,
27. 52 27. 57 12. 60 9. 74 3. 94 28.
99 24, 33. 110 2. 116 29, 31. - β
78. 1728. 56 34,2, 4. 57 21. 6931.
80 27. 83 15. 84 31, 8, 17. 85 25.
87 30. 8811,15,18. 89 26, 238.
90 31. 91 18. 92 16. 93 7. 102 10.
- y 2 5. 410,11. 725.13 32.15
29. 1614. 1814. 26 9. 8130. 8919.
90 36, 2. 91 20. 95 13. 102 17. 103
10. 115 28, 9,11. - ὃ 5 32. 8 35.
10 3, 8. 11 28. 12 13. 13 20. 14 2,
13, 19. 23 7. 25 15 S. 26 28. 32 30.
43 27. 50 4. 10131. 105 35. - ε
3 14. -- ζ, 31 5. 37 23, 32. 43 26.
50 12, 14. 64 21. 85 24. 91 7. 104
26. - η 1 27, 3. 12 20. 13 29. 16
31. 17 9. 23 34. 34 20, 35. 36 9.
38 11. 40 23. 62 26, 33,1, 7. 67 31.
70 3, 15, 31 d. 71 6, 20 d. 72 25,33.
-θ36, 625. 821. 96.1030.
11 16. 12 22. 13 5,6. 14 20. 1511.
16 20. 17 l. 22 21. 23 4, 8, 12, 20,
22. 24 8, 3d. 27 25. 32 31, 2. 35

· 16, 27. 42 21, 30, 36. 43 6. 51 30.
55 25. 57 29. 61 6. 79 10. 80 32.
916. 95 20 d. 96 31, 7. 10128. 102
12. 103 23. 104 6. 105 27. 107 8.
109 16.

ναυσί α 9 35. 30 24. -- β 95 18. —-
γ1332.·-δ928.-ζ22 13.-
θ 42 26.

ναυσὶ α 10 34. 26 3, 10. 27 24, 26.
29 21. 36 20. 46 7. 741. 80 27. 81
8, 9. 89 6. 93 18, 23. 94 30. 100 9.
10410. 107 34. 112 24. 115 13. 116

261

33,11. 11718-β 25 24,25. 3313.
8011. 89 27 s. — y 7 28. 15 31.
29 5. 69 10. 75 11. 7717. 814.
8827. 9130. — 5 2 25. 5 33. 913.
10 32. 12 17. 24 18. 25 29. 42 26.
53 10. 54 25. 60 2. 116 29. 129 31,
36.— ε 435. 714.-ζ812. 3113.
37 24. 94 22. 104 11. 105 12. - η
1217. 21 12. 23 23. 25 3, 33 d. 26 8.
34 27. 39 20. 41 3. 46 19. 47 3.
48 18. 50 23. 51 12. 57 31. 58 22.
60 7. 70 25. 74 16. — 9 10 18, 29.
1232. 1422. 212. 23 29,15. 2511.
29 18. 34 32. 39 35. 43 3. 44 2.
5211. 5727. 5819. 79 22,26. 8017.
90 3. 95 4. 99 8. 100 3. 104 18.

ναυσίν α 18 18. 80 32. 105 20. — β

31 23. 56 6. 92 14. 101 14. -κ y
1616. 8513. 9414. 112 4. 115 35, 8.
-6451.-ζ4729.-η3416.
37 1642 11 d. 61 15. - 9 23 25.
35 12. 40 11. 55 21. 101 18.

ναυσὶν α 5 12. 30 11. 49 27. 52 26.

64 33. 73 32. 89 7. 105 17. 116 28,
2. 142 31, 4. - β 30 8. 56 3. 58 8.
66 14. 80 18. 81 16. 86 19, 27. 89
18. 94 21. - γ 261. 98 8. 107 29.
109 7.114 9.1151. —— δ 8 28,10.
11 16. 24 27. 25 3, 26, 93. 42 25.
46 5. 75 18. 76 1. 77 33. 8916‚20.
104 31. — ε 8417, 21. — ζ 7 20.
64 18. 91 35. 97 1. 105 32. - η 2
19. 18 5. 20 27. 2419. 26 23. 36 4,
20. 40 16. 49 18, 25. 52 26, 28. 53
17, 27. 55 16. 60 21. 64 14. 69 18.
70 25d. — 9117. 417.1016. 16
16. 17 13, 15. 19 14. 20 31. 22 15.
24 31. 30 5, 7. 32 7. 34 31. 40 23.
44 9. 60 16. 62 16. 79 1, 8, 10. 80
15, 34. 100 16, 5. 102 30. 108 13.

ναύσταθμον y 616. —— ζ 49 31.
ναύτῃ ζ 31 16.
ναῦται β 871. - η 429. 72 3. - θ

45 32. 84 3, 8.

ναυτῶν α14314.- β93 25. -ζ 31 20.

- η 1 13. 132. 1416. 6315. 70 9.

ναύταις η 1 3. 63 17. — 9 84 6.

ναύτας (5931. - η 39 28. - η 40 24.
— 9 17 1. 41 8.

