248

38 31, 13, 15. 42 22, 32, 34. 43 4,
26. 44 2, 9, 11, 14. 45 24, 33, 8. 46
4, 8. 47 24, 32. 48 9, 19, 25, 15 d.
50 4. 51 34. 52 9, 11, 21. 54 17, 1.
55 11. 56 30, 6. 59 3. 60 20. 6219.
64 17, 26, 2. 67 18, 26, 26. 68 9, 15.
69 12, 14. 70 32. 71 16, 26, 30. 73
34. 74 22. 75 4. 76 23, 26, 21. 78 9.
79 2. 80 23, 26. 82 4,13. 85 10.
86 18,2,6, 12, 258. 876,.9 8813.
89 27, 3. 9027. 911. 9211,16‚25S,
13d.9316. 9416. 9515,21d. 96
19, 20. 97 26. 98 9,24.10019. 102
7, 11, 14. 104 1, 5, 5, 7, 10,14. 106
10, 19.

Μένανδρος η 43 26. 69 20.

Μένανδρον η 16 24.

Μενδαῖοι ὃ 123 23. 129 15, 16.

ιΜενδαίων ὃ 7 10. 123 33.

ΛἨενὸαίοις δ 130 27, 29.

Μενδαίους ὃ 129 1. 130 10.

ιἎὲνδη δ 123 18.

Μένδης δ 121 24. 124 27.

Μένδῃ δ 131 23.

Dstvd'nv ὃ 129 26, 30. 130 6,15.

Μενδήσιον α 110 31.

Μενεδαῖος y 100 25.109 4.

Μενεδαίῳ y 109 16.

Msve'xwme ζ 5 1.

Μενεκράτης ὃ 11919.

Μενίππου θ 13 5.

μέντοι α 3 25. 66 21. 7131. 7434.
90 22. 92 24. 11120. 126 29 d. 127 2.
132 8. 142 29. - β 13 11. 19 16.
22 13, 22. 47 26. 5611. 65 28. 83 5.
- y 3 20. 10 30. 1131. 13 24. 551.
62 7. 86 34. 89 20. 93 28,1. 1118.
113 35. - ὅ 51 21. 72 29. 781.
132 5. 134 34. 135 8. —— ε 25 13.
35 36. 36 29. 43 31. 50 2. 52 26.
60 26. 68 29. 73 26. 80 12. 88 23.
- ζ 9 21. 25 28. 32 23. 386. 608.
72 25. -η1430, 4513. -θ-68.
3810. 66 27. 6811,17.
10, 16. 86 20, 7.

μένομεν ζ 77 17.

μένουσιν ε 10 30. - θ 86 28.

μένειν α 27 22. 28 16. 6215. — y 33
31. 97 2. — 610510. 118 32. —

75 5. 84
87 17.106 12, 18

Μένανδρος - μεσημβρίαν

ε 10 32‚15d. 73 29. -ζ 18 14.-
η 47 33. 49 31. - θ 72 14.

μένων y 109 6.

μένοντος ε 9 21.

μένοντες β 58 11. 89 27 s. — y 22 25.
— 612424. - ε 3527.- ζ34
30 s..— θ 30 7. 78 14. 96 11.

μενόντων α 65 4. — ὃ 10 28. 12 10.

μένοντας δ 118 2.

ἔμενον δ 14 28. -— η 49 6.- 9 7131.

ε’μενέ y 96 26. - ε 10 14 d.

ε’μενεν ὃ 26 22.

μενοῦμεν α 71 21.

μενεῖν β 84 25. - δ 76 26.

ἔμειναν β 57 26. - y 75 14. — δ6 8.

μείνειαν ε 40 5.

μεῖναι β 20 31. —- δ 10 25. 100 15.
-ζ3423.-η506.

μεῖναί ὃ 10 9.

μείνας β 10135. - ε 65 8. - θ 9913.

μείναντες ζ 74 27. - θ 28 22.

μείναντας θ 71 32.

μενετοί α 142 23.

Μένων β 22 29.

Μεροπίδα θ 411.

μέρος α 23 31,1. 73 21. 74 23104
14. 106 14. 127 5. 142 28. 143 27.
-- β 12 31. 15 18. 20 7. 29 15. 64
24. 67 4. 69 33. 78 22. 101 16. -
y 3 19. 7 33. 49 34. 54 32. 89 12.
94 31. 103 9. 110 30. 114 2. - δ
13 18. 18 24. 26 29. 30 24. 31 18.
36 36. 56 9. 73 21. 83 20. 127 30.
- ε 29 12. 32 30. 4916. 55 10. 64
14. -· ζ 2216. 39 31. 62 20. 9919.
102 31. - η 3 27. 4 31. 115. 2713.
30 28, 1. 43 5. 53 10. 56 6. 58 12.
79 29. 8018. 85 9. - θ· 30 5. 46 6.
71 27. 99 11. 105 3.

μέρους β 37 31. - ζ98 3. - η 5120.

μέρει α 1 9. 11 20. - ὃ 1122. 98 7.
-ζ228.622ι.-η-ιο26.-9
86 25. 93 27. 105 32.

μέρη β 10 32. 47 19. 96 24. — γ 92
34. — ζ 39 35. 42 9. 62 14.

μερῶν α 104 13. - β 62 14.

μέρεσιν γ 15 28.

μεσημβρίᾳ ζ100 7.
μεσημβρίαν β 28 6.

