120

23 23. 28 24, 34. 34 17. 37 23. 38
14. 53 7. 54 25. 56 20. 59 24, 32,
10, 13. 65 10, 15. 82 306. 83 17.
88 30. 93 31. 94 9. 95 18. 103 3.
108 20, 27, 32. — 6 6 34. 27 22.
31 14. 36 14. 41 14, 15. 43 22. 47
30. 63 35. 72 11. 73 6. 75 17. 78
30, 9. 85 20. 87 15. 94 24, 27. 1031.
104 17. 110 34. 120 7. 122 10. —
ε 22 18. 28 8. 32 29. 33 27. 34 2,5.
38 34. 40 11. 48 22. 57 1. 75 20.
80 18. 84 28. 89 30. 96 33. 97 6.
9918.103 6. —- ζ 1 20. 2 5. 6 16.

οῧσαι - ἧν

69 18. 70 1. 111 7. 122 25. — β 3
23 29. 11 12 6. 12 17. 31 25. 4920.
56 7, 19. 62 15. 68 1. 86 6. 90 22.
102 15. - y 18 11. 46 18. 50 8.
55 37. 57 8. 66 23. 79 6. 81 27.
91 15. — 6 3 9. 10 6. 30 30. 3430.
54 3. 64 16. 65 34. 70 29. 92 5. -
ε 1 16. 4 16. 5 2. 33 20. 35 30.
106 10. — ζ 16 9. 23 33. 4416.
46 3. 50 17. 58 18. 641. 67 23, 29.
78 14.,79 27. 80 3, 8, 16. 82 13.
84 5. 85 27. 88 25, 100 7. — η 21
15. 5515. 8115. 8710. — 9 2510.

17 8. 18 28. 24 17. 70 25. 74 26.
79 27. 82 2. 83 18. 84 11. 88 4.-
η 1 1. 5 23. 42 28. 44 20. 48 32.
57 19, 26, 28, 29, 14 s, 34 s. 58 9.
61 20. 63 23, 28. 67 17. 69 11. 73
32. 78 11. - 9 2 6,23. 513. 397.
40 15. 45 31,9. 66 6. 73 19. 74 32.
77 5. 90 14. 96 19. 102 1.

οὖσαι οι 216. 2934. — β 9 18. 8433.
93 29. - y 43 23. 76 4. 105 6. —
61625.-ζ886.-η1423.-
9 26 10. 43 9. 54 2. 61 3.

ὄντων ιι 2 23. 7 20. 2810. 35 21. 73
30. 75 7. 85 19. 9019. 135 13. 143

26 14. 40 26. 48 14 6. 50 14. 67 6.
86 27 s. 92 13 d.

οὔσας β 9227. -- y 3835. — ις 1327.
- η 12 25. 3124— 9 4117. 81
24. 96 12.

ἦν οι112.2 3. 9 7.10 8.117,23.
12 2. 14 13. 15 28. 18· 32. 221. 38
22. 47 28. 49 14, 22. 50 29. 51 16.
55 3. 60 16. 62 11. 64 21. 66 22.
93 11. 96 28, 31, 33. 97 7. 99 29.
100 17. 103 25. 10617. 122 22. 124
26. 125 14, 15. 126 23, 24. 132 12.
134 17, 18. 136 3. 137 10. 138 8.
143 16. 146 18.

β 3 30, 2. 4 18, 30, 31. 5 17, 106.
8 21. 9 8, 25. 10 33. 1219. 13[34],
146, 186. 15 15. 16 5. 17 12, 14.
20 16. 21 18. 34 33. 47 32. 49 23,
33. 51 3, 12. 52 7. 53 25. 56 2. 61
19. 64 21,29. 65 12,13, 29 6. 67 29.
68 32. 73 17. 75 26. 77 13, 15. 78
24 2. 80 23. 81 19 s. 86 20, 26. 92 6.
93 23, 30, 7. 97 16, 29, 32. 98 10,
22. 99 18. 100 22, 22. 102 4.

y 6 16. 84. 9 18. 10 6. 20 31. 21 15,
20, 29. 22 18, 20. 25 22. 26 34.
34 26, 30. 36 19, 25. 40 26. 51 34.
52 7. 53 6. 55 6, 9. 56 29. 63 1, 4.
68 25. 70 24. 77 16. 82 22 d. 8316.

14, 6. — β 13 2. 23 34. 379. 4421.
47 22. 56 34. 80 12. — y 2 12. 21
27. 67 32. 92 1. 112 34. — 6 2022.
27 23. 33 25. 68 16. 72 18. 80 29.
123 26. 124 19. 125 33. 131 22. —
ε 1328. 2715. 43 25. 68 31. 109 28.
- ζ 1129. 7630. 829. 88 96,116.
- η 25 246, 1s. 75 30. — 9 523.
48 1. 52 16. 53 7. 84 31. 85 23. 89
25. 108 25.

οὐσῶν ιι 50 14. 60 10. - β 15 26.-
y 8216— 9 96 31.

οὖσι α 53 12. 77 3. 81 8. 124 25. —
[2²34.— y9424.— 67832.-
ε 64 11. - ζ 10 25. 4417. 82 3.
88 32. — η 57 8, 20 s. 81 12.

οὖσιν α 44 23. 12514. — β 80 21.—
6 42 33. 61 29. 89 14. - ε 69 21.
-η7311.-96926.

οὔσαις 6 1116— η 52 27. — 9 35 17.
79 23. 95 27.

ὄντας ιι 33 23. 35 10, 20. 39 2. 6617.

85 15. 88 29. 93 30. 97 7, 10, 16.
99 14. 101 27. 102 19. 104 29, 35,
6, 19 8, 25 s. 108 26. 111 9.

ὁ 1 5. 8 8. 9 32. 11 21. 26 23, 24, 33.
28 15. 31 20, 22. 32 9. 33 13. 34 7.
35 25. 36 34. 38 18. 39 24. 43 17,
21,24. 44 13. 48 29. 5010. 52 35, 4.

