422 τις -τινα

ὁ 3 7. 4 18. 5 28. 13 19. 15 32, 34. 92 19, lld. 94 8. 99 5,11. 108 4.
16 18. 17 29, 35, 5. 20 19. 21 18. 100 11, 13.
22 23, 28, 30. 26 35. 27 28, 2. 28 τινός ε 79 29.
10, 32. 30 24, 8. 31 19, 21. 32 2. τινὸς α 24 23. 136 30. 137 20. - β
34 3, 16. 36 36. 37 25. 38 33, 36. 33 23. -— y 18 7. 45 25. [8410]-

41 7,17. 46 11,19,22. 48 29. 50 11. ὃ 19 4. 20 24. 87 29. 130 2. - ε
51 21. 52 27. 55 17, 26, 31. 56 9. 20 26. 116 12. - ζ 2 21. 16 8. 60
58 13. 59 22, 25. 62 7, 14. 63 28. 24. 98 3. - η 51 20. —— θ 66 32.
69 26, 36, 10. 76 23. 78 3. 80 31. 92 14.

83 5, 9. 85 9. 98 12, 16. 104 32. τινος α 90 21. 10215. — ὁ 30 27. 40
109 26. 114 5, 8. 118 24 d, 4s, 7s. 36. 130 29. - η 60 28.
12011. 12126. 124 28. 126 36. 127 τοῦ y 85 23.
30. 130 20. 132 34. 133 16. του α 70 20. 106 15. - β 43 24. -
ε 4 10. 7 3. 112. 1219. 13 28. 1413. ε 35 31. 104 18. — ζ 8 13. 16 16.
1616. 18 36, 37, 308, 56. 20 29. 34 5.- η 18 7. 21 28. 77 14, 4.-
23 20, 22. 26 33, 3 7. 29 12, 20, 24. 9 106 17.
30 3, 4, 10, 21. 34 4, 8. 41 36. 45 τινι α 49 5. — y 59 25. — ζ 56 21.
34, 15. 46 21, 27, 33. 47 27,1‚15s, τινὶ α 1 9. — β 37 27. 39 36. 40 10.
16 s. 50 1. 59 28. 62 14. 63 34. 65 62 33. 102 26. - y 4 13. 42 17.—
35, 11. 66 1, 2. 74 6 7610. 77 6. 6 6217.9811. 116 34. 126 29. —
80 4. 83 31. 84 33. 87 18. 90 5. e 51 12. -ζ 1 22, 24. 2 29. 1717.
109 25. 1113,12. 116 7. 3123. — η 6911. 7830. - 9 3 30.
ζ 4 21. 8 8,12. 9 20,28. 10 5. 11 12, 105 32.
21. 12 29, 4- 17 33, 4- 18 33, 14, τινι α 14118. - β 8721. — y99 13.

26 d. 25 33,1. 27 18. 28 34. 29 3, 4. -—- ὃ 14 14. 92 2. 120 32. 126 9.
331. 34 5 d. 35 27. 36 3. 38 14.12817.- ε 7927. — ζ54 12. 68 8.
40 14. 41 1, 2. 44 18. 46 6. 47 35. — θ 66 8.

50 13. 51 24. 52 10. 58 20, 22. 61 τῷ δ 62 7. -— ζ 13 12.

17. 64 29. 67 20. 69 12. 76 24. 77 τῳ α 9 1. 99 24. 12226. - β 11 16.

22. 82 6. 83 31. 85 18,18. 87 6. 3731. 43 7. 518. - y 9 18. 1129.
88 16. 89 16, 3. 90 9, 26. 92 32. 12 5. 45 3.- ὃ 62 7. 64 6. 92 33.
94 21. 96 30· 102 31. - ε 20 29. 38 27. 39 25. 68 29.

η1 6,24.327.46, 21.85. 1020. &18.—§1635 234. 2421. 3310.
115.13 31. 141. 1514. 18 5. 20 78 25. 80 7. - η 4410,15.6115.

31, 2. 21 10, 23. 26 11, 14. 29 24. 75 5. 7721. 81 3.ρ 92454. 6728.
30 28, 1. 33 22. 36 8. 38 2, 6, 9. τινά y 25 22. — η 69 6. 70 7s. 75 3.
44 31, 6. 48 13, 15, 19. 49 4. 50 3. τινὰ α 25 6. 31 3. 69 11. 71 16. -
53 10. 55 13. 57 12. 63 19. 64 6, β 40 31. 41 19. — y 31 35. 40 28.
17. 67 1. 69 6. 71 30, 23 d. 75 16. 45 32. 56 29. 104 25. 116 16. - ὁ
76 7. 77 33. 78 1, 2. 79 29. 81 27. 34 27. 62 13. 6414. 8631. 126 3, 6.
82 20. 84 13. 85 32, 36, 9. 86 3. 13318. — ε 531. 4120. — ζ1020.
87 21, 33. 31 37 d. 47 36. 51 26. 53 26. 68 3.
9 1 9, 29. 4 20. 8 13. 9 8. 14 24. 18 76 37. 80 24. 84 6. 86 3. 88 34 s.
24. 20 29. 23 32. 2426. 2516. 32 8. 93 34. 101 22. — η 23 21. 32 13.
33 14. 37 17, 19. 43 10, 13. 48 19, 60 25. 75 31.
28. 50 32, 4. 53 15. 55 25. 56 12. τινα α 13 7. 23 7. 37 2. 40 30. 43 1.

58 30. 61 6. 63 15. 65 19. 66 28,3. 8018. 82 24. 95 12. 117 23. 132 22.
67 22. 68 19. 71 15, 27. 76 16, 24 d. 14114. —- β 524. 72. 1121. 1924.
81 21. 845. 86 3188. 8931. 9129. 2118. 39 21. 8529. 87 16. 99 8. -

