τιμωρούμενοι - τι

τιμωρούμενοι α 121 10.

τιμωρουμένοις α 53 3.

ἐτιμωρεῖτο y 82 27 d.

ἐτιμωροῦντο α 132 26.

τετιμωρήμεθα η 77 22.

τετιμωρημένοι y 67 6.

ἐτετιμώρηντο ζ 60 7.

τιμωρήσεσθε γ 58 32.

τιμωρήσονται α 56 18.

ἐτιμωρησάμεθα γ 56 15.

τιμωρήσασθαι y 67 17.

τιμωρήσασθαί α 141 14. - δ 63 2.

τιμωρητὲα α 86 4.

τιμωρία ὁ 62 20.

τιμωρίας β 74 8. - y 20 31. 47 13.
82 38. -· θ 82 1.

τιμωρίᾳ α 38 27. 69 24. - y 63 30.
-ε907.1121.-ζ7635.-η
68 13.

τιμωρίαν α 25 3, 6, 13. 58 18. 124 24.
-β423, 531. —y 3832. 67 24.
[84 29.] - 3 25 35. -ζ 89 27. 93 34.

τιμωριῶν y 82 1.

τιμωρίαις [y 84 8.] —- ὃ 62 16.

τιμωρὸς ὁ 86 29.

τιμωροί δ 2 21.

τίς α 67 32. — y ll1 10. - (547 2.
- η 1020. 38 9. 6417. —- θ 9211d.

τις α 2 22. 6 17. 10 9. 15 33. 21 23.
22 12. 27 19. 33 19. 40 13. 42 19,
22. 4418. 65 10. 70 2911. 80 21.
81 3. 84 29. 90 14,19. 103 24. 122
16. - β 219. 4 20. 8 33. 111011.
22 16. 24 16. 39 22. 42 33. 43 16.
44 18. 48 13. 49 18, 17 d. 51 12.
53 18. 63 10. 64 5. 87 8, 3, 5. 89
20. 93 5. - γ 213. 425.13 2,11.
21 16. 22 16. 23 15. 30 26, 29. 34
30. 35 35. 36 19. 43 4. 45 24. 468.
55 7. 67 7, 1. 71 14. 82 9. [8410.]
87 17. 89 20. 93 35. 10413. 111 7.
11317. -- ὃ 10 7. 13 36. 18 23.
19 7. 23 16. 43 24. 46 15. 48 7. 55
29. 56 1. 59 20. 61 32. 62 11, 14.
6816,21. 69 9. 71 6. 85 12. 86 31.
93 9. 103 8. 126 37. - ε 325. 911,
18. 10 33. 1418. 18 23 S. 20 24. 26
22, 31. 38 12. 65 30. 69 17. 77 30.
79 30. 103 5. 105 3. 109 24. 115 27.

421

-ζ1131, 121. 13 12, 20. 16 6.
18 35. 20 13. 25 23. 27 18. 31 27,
30, 346, 1s. 32 16. 38 20. 39 28.
48 11. 55 33. 58 24. 61 15. 65 21.
78 1, 12. 79 24. 89 23, 25, 2. 91 4,
19. 93 3. - η 7 21. 11 7. 18 26, 3.
25 20. 28 30. 33 10. 38 13. 39 27.
42 19, 1. 44 31. 48 29. 49 3. 5ο 32.
66 2. 67 31. 70 13. 73 31. 75 30, 3,
11, 16. 81 2. 82 9. 8417.— 92 7.
118. 37 25, 27. 53 8. 5815‚17.
66 32, 12. 67 27, 27. 69 17. 80 33.
83 28. 84 1. 86 15 s. 89 9. 91 28.
92 5. 94 5.

τι α 128 5.132 32. - 3 87 22. — 9
69 25.

τι α 5 18. 9 6.10 8, 27. 17 21. 29 9,
13. 23 1. 28 3. 29 6. 34 4. 35 24.
37 8. 38 22. 39 30. 40 31. 44 24.
45 3. 49 18. 53 14. 63 8. 65 1. 67
33. 68 10. 69 4. 70 12, 17, 27. 72 3.
73 22. 76 25, 30. 77 5. 82 29, 1,10.
83 20. 87 19. 90 20. 91 6, 16. 102
10. 103 25. 10614. 107 6,13. 118 7.
122 27. 126 21, 33. 129 14, 23. 132
12, 16,18,25d, 266. 133 30. 136
20, 26. 138 9. 140 28, 14, 16. 141
20,11,16,19s. 142 28,5‚10. 143 27.

β 4 5, 9s. 5 11,27, 5. 619. 827,31.
11 18, 2. 1216‚23. 13 33. 151.
17 12, 14. 18 15. 22 11. 24 17, 22.
34 30. 35 27, 29, 32. 36 17. 37 1, 5.
43 6. 44 24. 45 3. 48 14. 49 18, 1,
11. 50 26, 27. 51 2, 7, 20, 30. 52 8.
53 27, 4. 54 23. 60 30, 13. 64 24,
26, 5. 65 18, 19 d, 20 d. 69 33. 70
14. 72 6. 74 28, 5. 75 17, 32. 78 22.
86 3. 87 13. 88 15. 89 29, 33, 7,11.
94 26. 97 5. 98 19. 99 13. 101 16.

y 5 36. 7 33. 11 16, 18, 21, 26. 12 5,
8. 1613. 2219,28,16. 26 6, 9.
28 27, 1. 30 28. 37 3. 38 18, 21. 39
36. 40 30. 42 16, 19, 1, 3. 43 14.
44 29. 45 20, 35,2. 52 20,22. 53 4.
54 17, 27. 5510. 56 37. 57 8. 58 26.
60 17. 63 34. 6624. 67 9,18 68 5,
12, 30 69 11. 75 20, 32. 79 37. 81
10. 82 23,13,20‹1,9s. 85 23. 8720.
8913, 21. 9735. 1039 11030. 11317

