ἀλλ’ - ἀλλόκοτον 1 7

69 9. 73 26. 76 20. 78 13, 18. 8410.
87 11, 16. 89 32, 7. 91 5. 9415.
96 18. 103 23.

ἀλλ’ α 22 8, 11. 24 2. 25 12. 29 18.
34 33. 35 23, 29. 37 24, 6. 38 12,
16. 3932. 40 15. 58 20. 66 22. 68
16. 69 35,18. 711, 19. 72 31. 73 11.
74 15. 75 32, 7. 76 21. 80 32. 84 8.
90 10. 93 30. 111 12, 20. 115 17.
118 10. 123 20. 127 8. 130 2. 132
14. 137 5. 143 8. 144 16, 25.

β 3 5. 8 16. 1133. 15 2. 17 24. 20 9.
21 27,5. 2416. 29 19. 37 28. 40 14,
28. 43 28, 4. 44 19. 45 33. 47 28.
49 20, 33, 9. 52 2. 56 19. 63 17.
65 18. 70 1. 74 27,29. 81 11. 8332.
89 23 s. 90 16. 97 4. 100 23.

y 2 1. 5 34. 10 31. 13 33. 16 1. 22
26. 23 27. 28 35. 37 8. 42 32. 45 7,
21. 46 22. 53 36. 55 11. 58 32. 59
24. 63 2. 64 15, 18. 65 9, 16. 67

, 25, 32, 34. 71 9. 102 23. 104 19,
23, 1, 11. 107 18. 113 16, 24.

3 10 3. 17 33. 18 25. 19 9,12. 21 16.
27 24. 2816. 32 3. 33 21. 44 3.
57 23. 60 34. 61 36. 62 18. 64 11.
68 22. 71 2. 72 31. 76 20. 85 16.
98 34, 9. 104 19. 114 30, 6. 120 2.

ε 4 22. 7 7. 15 27. 17 10. 27 16. 32
12. 40 10. 41 24. 43 4. 44 13. 49
12. 55 5. 5921. 60 33. 6835. 70 26.
72 4. 73 22. 80 8. 91 13. 102 33.
109 23. 111 8. 113 7.

ζ 10 13. 11 26. 1316. 16 4, 14. 17 25.
18 28, 1, 28 d. 21 6. 25 25. 29 7.
34 1, 35s. 36 9. 38 3, 24. 39 3.
40 6. 44 18. 48 3. 50 2. 53 30. 54
1 14. 58 17. 61 4. 76 27. 77 5. 78
20. 79 32, 35. 84 10. 85 21. 87 16.
92 9, 13. 99 28. 102 6.

η 1 20. 3 21. 517. 14 21. 15 8. 1622.
21 14. 25 5. 28 32. 40 14. 42 24.
43 18. 47 33. 48 29. 49 27,1. 5030.
51 15. 57 14, 31 s. 61 19. 69 14.
71 12. 77 13. 84 28.

9 2 8. 8 10. 10 20, 22. 25 26. 28 29.
29 22. 41 9. 43 18. 48 26. 56 8,19.
66 1. 68 16. 69 16. 70 31. 72 6.

Iudex ThucydideuS.

75 20. 76 5, 19. 86 19, 22, 27, 29,
28 s. 90 2. 95 6. 96 16. 101 18. 102
11.

ἠλλάξαντο 9 82 2.

ἀλλήλων α 3 35, 1. 20 4. 33 25.
4418. 519. 105 4. -- β 70 5. 81 28.
86 22. —- y 2118. 53 8. 82 2s. 114
19. — <5 78 34. 97 23. 125 6. — ε
27 22. 39 16, 25. 46 30. 80 4. — ζ
7 13. 18 22. 20 12. 69 34. 86 20. -
η 34 6. 38 1, 13. 39 21. 40 12. 57
13. 70 2511- 9 66 6. 84 11.

ἀλλήλοις α 2 19. 18 24. 24 22. 30 25.
44 23. 49 16, 8. 50 16. 73 30. 140 2.
β 5118. 52 3. 65 1s. 86 29. 4- γ
75 13. 77 15. 83 15. 86 30. - 614
20. 29 22. 44 33. 58 10. 66 16. 104
17. - ε 17 7. 35 15. 36 14. 38 26.
48 26. — ζ 70 14. 98 35. - η317.
22 12. 3431. 36 5d. 44 30 d. 84 19.
85 30. 87 15. —- 9 38 8. 60 19. 63
32, 7. 66 10. 77 1.

ἀλλήλαις α 93 10. - β 102 28.

ἀλλήλους α 1 2. 5 12, 24. 6 31. 7 26.
8 2. 13 29. 15 7. 18 21. 481. 6615.
93 13. 118 33. 141 30. 146 16. —
β 1 21. 3 33. 29 25. 37 3. 65 24 d.
84 2. - y 9 14. 10 24. 12 35. 37 1.
75 15. 811. 85 12. 90 30. - 319 1.
22 23. 25 19s. 34 27. 47 1. 58 8.
59 30. 61 35. 62 25. 84 25. 93 4.
96 28. 118 3s. - ε 18 36. 25 13.

- 32 3. 35 13, 9. 60 5. 64 21. 78 10.

86 11. - ζ 31 34, 26. 35 24. 41 25.
76 36. ’77 21. 88 33. 103 35. — η
25 2341. 44 32. 70 11. - θ 33 18.
37 19. 57 1. 83 23. 92 15 d.

ἀλλήλας β 84 26. - y 49 24. — η
23 30.

ἄλληλα y 22 3.

ἄλλοθεν y 82 256. 97 14. - δ 28
28. — θ· 32 32.

ἄλλοθέν α 22 2. 35 16.

ἄλλοθι α 16 10.

ἄλλοθί α ’Π 1. 126 34. — ε 1819, 25 S.

ἄλλοιότεροι 610612.

ἠλλοίωντο β 59 15.

ἀλλόκοτον y 49 2.

2

