μεσημβρινὰ - μετὰ

μεσημβρινὰ ζ 2 24.
μεσόγαιαν ζ 88 5.

μεσογείας η 80 32.

μεσόγειαν α 100 15. 120 34. — β 102 9.
— y 95 17.

μέσος ζ 54 3.

μέσον α 10 5. 48 7. — β 8124. 8311.
- y 78 23. — ὁ 3117.12511.—-
ε 9 25. 10 4. -—— ζ 18 23d. 6716.
- η 52 33. 701.·-θ 10413. 105 23.

μέσου y 80 15. — δ 20 19. 9613,21.
124 15. 133 24. — ε 26 21. 64 23.
-ζ101 31,-975 5.

μέσῳ α 6217. - ὃ 83 6. - ε 5913.
72 36. - θ 104 17. 105 25.

μέσῃ β 91 14.

μέσοι ὁ 93 17.

μέσα γ 82108. — ζ 2 28d.

μέσων y 21 25. - θ 101 28.

μεσοῦντος ε 57 36. - ζ 30 19.

μεσοῦσι ε 20 28.

Μεσσαπίου η 331.

Μεσσαπίους y 101 34.

Μεσσήνη 3 1 26. - ε 5 31.

Μεσσήνης 6 24 20, 30, 32. 25 11. —
ε 5 28.

Μεσσήνῃ 6 24 18. 25 8, 22. — ζ 74
24. — η 1 30.

Μεσσήνην y 90 6. - ὃ 1 25, 7. 25
18, 5s, 7s. — ζ 5 22. 50 36. 74 20.

Μεσσήνιος γ 98 27.

Μεσσηνίᾳ ὃ 3 3.

Μεσσήνιοι α 101 26. - β 9 16. 25 12.
— γ 90 33, 7. 97 35. 108 27. - δ
25 25, 10 s. 41 10. - η 57 17 s.

Μεσσηνίων α 101 25. - β 90 20. 102
11. - y 75 11. 88 36. 90 37,1. 94
22. 95 34. 107 32, 13. — δ 9 34,1.
32 32. 3634. — ε 529. - η3112.

Μεσσηνίοις y 95 12. — ὁ 1 2. 25 1.

Μεσσηνίους γ 81 26. 107 19. 112 27.
— δ 39. 25 32,168. - ε 35 36,5.
56 22. — ζ 48 7.

Μεσσηνίδος δ 4112.

μέσως β 60 15.

μετά ζ 105 3.

μετὰ α 6 11. 10 2. 12 27, 33. 14 17.
18 29, 4, 20, 26 s. 19 34. 23 2, 5.
24 27. 26 10. 28 33. 30 6,16. 3127.

249

32 17, 1. 36 8. 40 10. 50 27. 5515.
56 16. 57 29. 58 17, 24. 59 6. 61 1.
62 4. 63 14. 65 10. 66 21. 69 31.
70 24. 87 31. 89 15. 90 30. 93 25.
94 28. 9819. 1001. 105 22, 31. 108
21,28. 10912. 11113. 1121. 113 5.
114 21, 29. 117 20, 21. 118 29. 120
22. 126 13, 26 d. 128 27, 31, 5. 134
20. 13512. 136 2. 137 20. 138 3,14.
143 20.

β 2 29. 626. 10 26. 15 5. 16 3. 19 18.
24 22. 25 32. 28 6. 32 9. 34 10. 39
29, 2. 41 1, 9. 43 7, 8. 49 26, 29,
31. 59 13. 62 27. 63 16. 67 8, 210.
68 29, 12. 71 33, 8. 73 12. 77 29.
79 25. 8011,2, 6d. 8127,1. 84 20s.
85 31, 11. 92 11. 94 31. 97 3. 102 33.

y 2 30, 11. 54. 86. 17 25, 29. 2210,
12. 24 3. 26 8. 30 25. 37 13, 14.
38 12, 13. 39 29, 36, 23. 41 5. 42
13, 14, 26. 45 34. 51 21. 54 30. 56
32. 6219. 6312. 64 31. 66 24. 68 7.
76 2, 3. 78 25. 82 16 d, 6s. 86 13.
90 32, 36, 6. 94 31. 95 1. 102 13, 26.
103 1, 10, 13. 104 28. 105 1. 107
1, 12. 108 28. 109 15. 113 13, 16.
114 2, 7, 17, 18, 23. '115 29. 11618.

ὁ 2 24. 5 32. 9 2, 3. 25 10, 16, 7s,
11s,11s, 18s. 27 34. 34 8. 35 24.
38 27. 42 24. 46 6, 8. 48 31. 5013.
52 33. 54 4. 651. 66 22. 671. 68 2.
73 33. 76 2. 78 20. 81 23. 83 35,
1, 19. 84 25. 85 1. 95 10. 100 34.
101 21, 28. 104 24. 107 30, 7. 109
17. 111 20. 113 7. 114 17. 124 18,
22. 127 29. 130 10.

ε223. 42. 528. 628. 732927.
10 11, 29 d. 11 31, 12, 13. 14 31, 5.
15 27. 16 24. 21 10. 24 32. 25 1,2‚
14. 26 4, 8. 29 26. 30 12‚20. 32 11.
34 32, 33, 34, 36. 35 14. 36 21. 38 3.
39 15. 43 9. 50 3. 52 21. 54 20.
58 27. 60 32, 21. 61 27. 6213. 6711.
69 13, 19. 70 23, 27. 78 9. 81 24.
82 23. 83 4. 102 36. 107 14. 109 26.

ζ 1 18. 3 7, 16. 4 2, 6. 5 31, 32, 34.
6 31. 715. 811. 1018. 117,13.
13 24. 14 31. 25 27. 26 5. 28 26.
29 8. 30 19. 31 34, 6, 7. 34 15, 22,

