53 36. 71 3. 32 23 d. 33 20. 92 14.
- 616 33. 261. 25 8. 32 11. 33
13. 34 9. 541. 5929. 31 17. 12121.
13618. — ε 8 25. 9 7. 33 27. 40
34, 1. 43 3. 49 16. 53 14. 65 14.
105 25. - ζ 12 32. 18 23 6. 26 15.
29 16. 61 32. 65 20. 88 25. 92 8.
94 23. 1617.-η 2 29. 1418. 36 7.
49 30. 6611. 6716. 69 5. — 3 217.
4 13. 9 7. 23 5. 76 276. 83 27. 39
23. 90 9.

τὸ α16,7,7.2 7. 321,32. 5 16, 23.
6 35, 2, 6, 10, 11, 17. 9 24, 28, 33.
16 15, 21, 27, 5. 1111. 12 3. 13
27, 1, 2. 15 9. 17 17, 13, 13. 20 5,
13. 21 24, 26, 28. 22 13, 14,15, 13.
23 19,23,11, 11. 24 33. 25 4, 9,11,
13, 25. 26 15. 27 26. 29 27. 30 14,
21, 25. 31 6. 32 19, 25. 36 2, 3, 5,
7, 16, 16, 16. 37 29, 30, 3, 4. 3932,
33, 3. 41 16, 15. 42 23, 31, 33. 43
2, 4. 46 21. 48 2, 2, 5, 7, 9. 49 15,
21, 26, 4. 51 14. 53 7, 15. 56 17,
22, 24. 57 13. 59 5. 62 11, 21, 26,
27, 23, 30. 63 32, 12. 64 19, 20, 31.
68 8, 27. 69 8, 26, 27. 70 7,17,23,
'26, 27. 71 3. 72 1, 1, 3. 73 26. 74
13, 19, 26, 23. 75 2. 76 11, 31. 77 6,
13, 14, 17, 19. 79 11. 31 3, 10. 33
14, 18. 84 26, 22, 23, 31, 31. 8716,
19. 39 16. 90 23, 25, 27, 31,16, 15,
20. 91 34, 3, 17. 93 5, 3, 13. 95 1.
96 26, 33. 97 34, 7. 93 21. 99 33,
34. 100 17. 101 31, 31. 102 5, 7, 8.
103 29, 3. 104 14. 105 35, 12. 106
20. 107 24, 6, 14. 103 25, 32, 32.
109 5, 13. 110 31. 114 32. 118 5, 6.
120 6, 15. 121 34, 1, 3. 122 17, 6.
123 11. 124 23, 29, 32, 7. 125 12.
126 23, 23, 16, 24 6, 24 6, 29 6. 127
3ο, 5. 128 16, 14, 16, 23, 7. 131 9,
19, 21. 1321, 5, 3, 14. 13414,16,
17, 19,1. 136 30. 137 9.133⁷ 17.
139 2, 6, 13. 1403, 11,14. 141 30,
4,5, 12, 263. 142 24,34,4,9. 143
30. 145 9.

β 3 3. 4 24, 25, 36, 3, 5. 5 15,15, 20.
9 3. 10 33. 11 15, 20, 23, 24,27,23.

1213,23,31. 13 19, 24, 26, 86,

τὸ

281

136, 146, 166, 186, 236. 14 31.
15 14,15,18,19,19,26, 25. 16 33, 5.
17 8, 13, 15, 17, 20. 19 23, 26. 20
32, 3, 11. 21 17, 19, 23. 22 3, 24.
25 32, 34. 27 33. 29 21, 21, 24, 26.
30 13. 31 13. 34 3. 35 25. 37 23,
30, 31, 3. 33 15. 39 24, 26, 2. 40 9.
41 2, 12. 42 6, 3, 9, 9, 10. 43 1, 1,
1, 1. 44 12, 23, 29, 30. 45 1, 2. 46
10. 47 19, 23. 43 33, 4, 12. 49 16,
32, 7, 166. 56 24, 33. 51 1, 8, 13,
26. 52 33, 13. 53 13, 23, 24, 27, 29.
54 16. 55 26. 56 16. 57 23. 59 14,
24, 25. 60 34. 61 25, 29, 30. 62 12.
63 15. 64 30, 3, 11, 12, 12. 65 27,
5, 16, 17, 216, 226, 3s. 67 4, 6.
63 25,23, 13. 69 23. 70 21. 72 23, 2.
74 2. 75 16, 22, 23, 27, 30, 31, 33.
76 1, 4, 3, 10,10,11‚ 13, 18, 27. 77
36, 5. 73 [22], 24, 27, 30. 30 21, 23,
10 6. 81 33, 3, 12, 17 s. 33 29. 34
27, 13. 35 23. 36 13, 19, 20, 21, 22,
31. 37 9, 14, 15, 27, 23, 29,29,32,1.
3310. 39 23, 24, 26, 31, 31, 6, 9,
11, 26 s. 90 27. 9117. 92 29,10, 10,
10,17. 93 13, 23, 25, 6, 6. 941.
96 3. 97 12, 31. 93 15, 21, 22, 23.
99 35, 3, 17. 100 6,11. 10126. 102
7, 31.

y 1 26..3 33. 4 13, 21. 5 31. 6 0,15.

3 5. 9 3. 11 12,15. 12 36, 3, 12.
13 33, 13 s. 14 21. 16 1, 2. 17 31.
13 12. 20 7, 14. 21 14, 13, 23, 24,
23. 22 35, 13, 19, 20, 26, 16, 26.
23 16, 29, 31. 24 33, 6, 16. 25 22.
27 21. 23 26, 3. 29 12, 14, 15. 30
19, 20, 23, 23, 29. 31 5. 33 30. 34
7, 20, 29. 35 2. 36 20, 25. 37 1, 2,
15, 13. 33 2, 3, 10,11. 39 6,18,18,
32 s. 40 3, 13, 14, 22, 35. 42 13,13,
3. 4311. 44 32, 32, 34, 1. 45 10,
17, 31. 46 10, 13, 14, 16. 47 35,12,
12. 4319. 49 4. 5129,32,33. 53 31.
54 16, 17, 31. 56 12, 19, 20, 37, 2.
53 30. 59 25. 60 20. 61 23, 29, 34.
62 16. 63 1. 64 31. 65 11. 66 22.
63 4, 11, 30. 69 3. 70 36. 71 9. 73
29. 75 24, 31. 73 22. 79 1,3. 3131.
32 16, 29, 4, 5, 6, 7, 14, 156, 24 6,

