370

πολιορκήσαντες θ 103 18.

πολιορκοῦνται α 27 17.

πολιορκοῖντο ζ 34 30 s.

πολιορκεῖσθαι α 28 13. - y 52 2. —
δ 24 25. — θ 98 23.

πολιορκουμένης ιι 67 23.

πολιορκουμένην β 58 33. — ε 2 26.

πολιορκούμενοι α 101 18, 28. 12613.
-β701.-δ297.13123.-ε
116 11.

πολιορκουμένων ζ 103 32.

πολιορκουμένοις α 124 25. - η 50 16.
·- θ’ ,40 11.

πολιορκουμένους ε 18 21 s. - η 28 31.

ἐπολιορκεῖτο α 64 32.

ἐπολιορκοῦντο β 78 32. — γ 20 28.
36 7. —— θ 56 31.

ἐπολιορκήθησαν δ 39 20.

πολιορκήσεται 7 109 6.

πολιορκία β 78 3.

πολιορκίας α 102 4. -— β 77 3. — ε
1115. — 91419.

πολιορκίᾳ α 11 21. 98 14, 20. - y
4612. — θ 6130.

πολιορκίαν β 70 11. 78 1. — y 19 20.
— δ 26 36.

Πόλιν y 1014.

πόλις α 10 12. 2414,21. 37 33. 4615.
73 7,15. 91 5. 98 21. 132 26. — β
S 31. 15 15,31. 17 24. 214. 46 11.
60 1. 65 34. 68 32. 79 11. — y 37
12. 38 4. 40 11. 42 27. 4510. 46 8.
62 10, 17. 74 3. 80 12. 92 11. ——
δ 42 1. 71 1. 102 9. 103 4. 107 3.

, 108 10. 120 25. 12318. —- ε 47 13,
1611, 19 d. 67 18. 79 30. - ζ 3 13.

4 4. 26 8. 38 9. 4012. 4127. 5315. .

5419. 608. 6121. 6222. 891. 911.
— η 28 23, 23. 64 16. 75 27. 77 28,
14s. — 3114219616. 2419.
67 22. 76 31, 17, 20.

πόλεως α 10 18, 22. 55 10. 62 7. 70
16. 71 32. 93 33, 21. 103 1. 104 7.
105 1. 126 4. 143 1. —- β 4 16,29.
5 21. 10 32. 11 19. 1312. 15 18.
1710. 20 7. 2127. 2215. 31 24, 27.
34 4, 8. 38 16. 41 4, 17. 42 20. 43
19. 58 1. 63 5. 65 35. 70 11,18.
75 21. 76 3. 77 7, 15. 81 7. 97 10.

πολιορκήσαντες —— πόλει

- y 1 27. 3 27. 4 22. 6 10,11. 22
30 s. 24 12. 29 8. 31 35. 34 8, 15.
38 24. 43 7. 47 35. 53 27. 72 22.
89 12. 91 21. 93 25. 97 9. 98 4.
100 22. 105 32. 106 25. 110 26. 112
15. 113 15, 26, 28, 35. — ὁ 25 1.
28 26. 44 15. 45 29. 46 6. 48 24.
59 16. 66 28. 69 4, 12. 73 35, 11.
77 30. 95 8102 21. 110 2,12. 111
19. 112 2. 113 13. 114 16, 28, 31.
122 6. 129 5. 13117.— ε2 29. 7 10.
18 34 s. 59 15. 63 3. 83 34. 91 17.
112 35. — ζ 4 30,11. 9 29. 12 5.
14 28, 32. 22 19. 31 3, 15, 31, 32,
3s. 33 35, 5. 38 6. 40 7, 9. 44 12.
47 33. 64 18. 66 6. 69 22. 89 31.
96 16, 21. 97 3. 99 23. 101 31. 102
30. — η 4 1, 15. 10 21. 19 26, 30.
37 17. 58 32. 77 13s. — 9 5 4.15
30. 16 29. 38 2, 7. 44 4. 50 3. 66 6.
67 24. 72 5. 73 26. 86 21,13. 917.
92 22 s. 95 1. ’

πόλεώς y 94 20. - δ 18 19. 106 19.
-ε410.1112ο.-ζ38.-9
95 22.

πόλει ιι 24 28, 28. 6424. 65 9. 71 3,7.
8312. 9013. 105 8. 115 18. 12512.
126 30 d. 134 12. 144 28, 31. — β
6 13. 13 25. 15 10. 17 19. 24 18.
43 13. 44 22. 53 17. 57 22, 24. 60
12. 63 17. 64 28. 65 7, 13, 28 d. 72
32. 73 20. 76 17. 79 15. — y 18 1.
22 21. 35 33. 39 23. 44 29. 77 9.
82 4 s. [84 36] 85 18, 25. 113 31.
- δ 2 19, 22. 17 9. 42 32. 61 17.
65 2. 66 11. 68 6. 70 29. 74 34, 4.
75 23. 87 1. 94 27. 103 5. 104 14.
11125. 112 30. 130 21, 26, 6. — ε
2 4. 10 15, 18. 11 33. 16 2. 184d.
23 20. 43 29. 47 11 s. 51 12,14.
59 23. 60 21. 62 21. 79 30. 82 6,
14, 16. 87 19. 116 4. - ζ4 2. 10
20. 1634. 23 3. 24 22. 27 12. 30 28.
36 35. 39 3. 45 30. 47 37. 4915,27.
50 2, 7. 51 25. 61 22. 64 34, 2. 75
34. 85 17. 86 13. — η 29 31, 14.
30 28. 39 24. 47 3. 68 20. 75 12. -
9 5 10. 31 19. 40 15. 53 4. 54 2.
64 30. 76 10. 96 13. 98 20.

