254

43 13. 44 32. 45 28, 32, 13. 46 19,
27, 10, 11. 47 27. 48 10, 19, 31. 50
30. 53 27,1,9,11,13. 5419. 55 20.
56 4, 8, 10, 16. 57 26, 27, 30. 58 12.
60 11. 63 7,13. 66 28, 3. 68 6. 69
14, 16, 16. 71 15. 72 14. 73 6, 8.
74 32, 1. 75 6. 76 13. 81 22. 89 1.
90 1. 91 3. 92 29,9s,23s,96, 106,
12d. 100 17, 21. 101 17. 104 22.
108 16. 109 10.
μηδαμοῦ α 3511

μηδὲ y 9 18.
μηδὲ α 332 33 25 709. 7414. 78 3.

129 23, 24. 139 4. 140 29.141 22.
-β423, 637, 7 657. 67226.
7113.7225.1024. - y 37 11. 40
5, 35. 5932. 6710. - 6274. 329
61 32. 64 9. 73 4. 118 7. 126 27.
132 5. - ε 16 6. 38 27. 47 23, 10.
72 24. 80 8. 98 15. 103 7. -ζ 11
20. 12 5. 88 29. — η 6 32. 15 8.
59 7. 68 21. 77 10. — 9 3711,12,
14, 15, 16, 16. 46 20. 58 13, 14.

μηδ’ α 39 5. 42 30. 74 13. 85 13. 140
13. - β 49 1. 51 30. 71 4. 69 25.
93 6. — y 42 34, 36. 46 26. — 6
17 36. 92 27. — ε 49 33. 65 6. -
ζ 13 13. 69 26. - η 26 32. 42 29.
56 19. 66 13. - 9 2 17. 93 29.

μηδεὶς α 69 26. 86 5. 14010. - y
13 35. - 61018. 85 37. - {384 3.

μηδεμία y 9 17.

μηδὲν α 5817.— β 93 9. — 918 27.

μηδὲν α 17 24. 32 15. 70 5. 72 29.
126 20 d. 14113. 142 11. — β 618.
36 17. 40 13. 42 22. 43 15. 73 24.
— y 11 9. 3419. 3710. 3915,29s.
43 8.5130.7114.8211.— 616
14, 15. 38 5. 51 22. 65 6. 74 4. 126
26. -— ε 14 32. 35 24. 63 32. -ζ
14 34. 18 22. 4129. 7819. — η 6 7.
4214.—- 9 8611. 89 18. ·

μηδενός 6 67 14.

μηδενὸς δ 10 30. ’- ε 69 14.

μηδενί ε 46 27. —9 37 17. 58 13,
15.

μηδενὶ α 63 11. - β 12 25. - 6 61
19. 95 2. - ε 46 30. - η 12 18.
- 9 37 11. 93 29.

μηδαμοῦ - Μηθύμνης

μηδεμιᾷ β 24 22. — 8 18 35. 47 24, 33.
- 9 97 30.

μηδένα α 35 32. 90 25. 130 5137 13.
-β6925, 714. 7429. 7511. 84
10. 8817. —- γ 23 7. 28 31. -· δ
87 19. 100 14. 108 2. — η 17 5.
82 13. - θ 97 30.

μηδεμίαν β 13 14. - 9 67 2.

μηδέποτε α 70 9. 103 23.

μηδετέρων α 35 9. - ε 1810. 94
26. - θ 2 6.

μηδετέροις y 64 26. -— 8 28 33. 98 12.
112 3. - ζ 60 7. 66 34.

μηδετέρους β 72 26. - y 71 9. — δ
11810. - ε 14 33. 42 10. - θ 87 20.

μηδετέρωσε 611810.
μηδίσαι γ 62 4, 6.

μηδίσαντες y 34 15. 64 14.

μηδισάντων y 34 27.

Μηδικόν α 2319.

Μηδικὸν (acc. masc.) α 90 28.

Μηδικοῦ α 95 22. 97 2. - y 10 28.

Μηδικὴν θ· 43 22.

Μηδικά α 97 6. — β 16 3. 21 30.

Μηδικὰ α 41 8. 69 31. 73 18. -· β
13 33. - ζ 62 4.

Μηδικῶν α 14 16. 18 23. 97 8. 142 2.
— θ 24 16.

Μηδικὰς α 130 32.

μηδισμὸς α 95 14.

μηδισμοῦ α 135 6.

μηδισμὸν y 62 27. 64 33.

Μῆδος y 62 19.

Μήδου α 7715.- y 10 31, 34. 62 15.
— ζ 33 26. 76 35. 62 15.

Μήδῳ α 74 24. 102 18. — y 63 35.
— ζ 76 3. 83 20.

Μῆδον α 69 15. 77 20. 92 23. - y

. 5422. 687.- ε 8927. -ζ1716,
77 15.

Μῆδοι α 89 5. 128 27.130 33.- ‚962 24.

Μήδων α 16 6, 12. 69 13. 93 26. 94
32. 98 13. 104 15. 132 34, 3. - β
71 33. 74 3. -— γ 57 15. 58 3,16.
-ζ5912.-η2116.

Μήδους α 66 29. 100 3. 144 33. - ζ
4 19 d.

Μηθίμνης γ 2 31. 5 28. - 9 23 7.
101 24.

