Συρακοσία - σφαλῇ

Συρακοσία θ 35 13.

Συρακόσιον ζ 78 26. - η 25 24.

Συρακοσίου ζ 78 32. 82 35. — θ 26 6.
29 21.

Συρακοσίας ζ 52 10.

Συρακόσιοι γ 86 30. 103 5, 8. 115 35.
-δ127. 2417. 252,22.-ζ6
24. 11 4. 41 3. 52 12. 63 2. 67 22.
69 20, 2. 70 29. 72 18. 73 9. 75 33.
80 17. 82 13. 88 36. 91 34. 94 19.
96 12. 97 14. 99 14, 28. 100 2. 101
29,15,24. 192 5. 103 26. - η 2 26.
4 33. 7 27. 21 27. 23 26. 24 5, 19.
25 23, 2, 8,15, 23d, 27d. 33 27.
36 3, 15. 37 13. 38 3, 5. 39 17. 40
2, 9, 16. 41 26, 34. 42 26, 12 d. 43
13 S. 44 8. 45 8. 4616. 50 21. 519.
52 33. 53 21. 54 30. 56 18. 58 31.
59 4. 66 33. 70 24,12 S. 71 6. 7225.
74 11. 78 27, 5. 79 29, 1, 9. 80 16.
81 6, 31. 82 7. 83 22, 28, 32, 4. 84
9, 23. 86 17. 87 8. - θ· 28 31. 78
19. 96 21. 104 6. 105 29, 5.

Συρακόσιοί ζ 91 14.

Συρακόσιαι θ 61 3.

Συρακοσίων y 86 2, 6. 88 1. 90 35.
103 2, 3. — ὁ 1 24. 25 12, 16. ——
8417. -ζ 429. 530,33,3,4.
17 12. 35 23. 48 5. 50 9. 51 28. 52
11. 63 13. 64 24, 28, 31. 65 9, 26.
66 33, 7. 70 21, 23, 25. 74 23. 88
4‚11‚14,23s. 94 21, 24. 96 22.
97 3. 98 35, 7. 100 19. 101 1, 3,10.
102 11. — η 2 33. 311, 31. 4 19,
30. 5 13, 14. 6 8. 7 23. 18 21. 21
15, 25. 22 33, 8. 23 22, 27, 32, 2.
31 19. 33 25. 37 21, 23, 32. 39 23.
40 22. 41 28, 31. 42 34, 9(1. 43 30,
31, 2, 4,12. 44 6s. 48 2. 52 26.
5316. 571, 8, 6d. 69 29. 70 5.
73 1. 77 5. 78 25, 10. 80 2. 81 15.
86 33. - θ 26 8. 45 5. 84 2. 85 5.
106 21.

Συρακοσίοις γ 86 31. -— δ 25 24. 65
32.-ε47.-ζ632. 2024.45
24. 65 15. 71 2. 84 5. 86 4. 87 17.
88 23, 27. 93 1. 97 18. 98 32. 100
30. 103 16. - η 4 32. 6 32. 7 18.
36 8d. 4212. 50 9. 55 5. 57 7. 588.

407

64 10. 65 22. 70 30, 4S. 83 27. 85
34. — θ 84 15.

Συρακοσίους ε 4 4. - ζ6 18. 18 13,
67 2-1. 85 29. 88 24, 6 d. 97 8. 100 6.
103 21. - η 318. 5 9. 1126. 21
7, 21. 47 5. 53 9. 57 16, 14 S. 7313.
81 24.

Συράκουσαι ζ 20 21. - η 2 8.

Συράκουσαί ζ 37 28. 104 8. — η 1 19.

Συρακουσῶν ε 4 10. - ζ 4 2. 5 26,
34. 48 4. 49 33. 75 16. — η 32 3.
- θ 85 3.

Συρακούσαις ζ 48 11. 50 17. 71 16.
— η 42 23. 48 19. 49 14.

Συρακούσας ε 4 8. — ζ 310,16. 5 31.
32 22. 49 14. 5011. 52 4. 63 2. 65
23. 78 2. 88 9d. — η1183. 2 21.
215. 25 6. 28 32. 3217. 42 5. 50 8.
57 12.

συστασιάσων δ 86 33.

συστραφέντες ε 10 17 (1.

συχνοὶ ὁ 106 14.

συχναῖς η 85 13.

συχνοὺς β 52 13.

σφαγὰς δ 4817.

σφάγια ζ 69 35.

ἔσφαζον η 84 27.

ἔσφαξεν β 92 3.

Σφακτηρία δ 8 3.

σφαλερώτατον δ 62 23.

σφάλλουσι y 37 20.

σφάλλειν α 122 6.

σφαλοῦσί η 67 29.

ἔσφηλεν β 87 13.

ἔσφηλανζ 15 19.

σφήλας ε 16 10.

σφήλαντες ζ 11 22.

σφαλλώμεθα α 140 29.

σφάλλωνται ζ 23 30. 75 1. - θ 32 8.
76 27 d.

σφάλλοιντο ε 110 32.

σφαλλέσθω ὃ 62 15.

σφάλλεσθαι β 87 18.

σφαλλομένην β 60 33.

σφαλλόμενοι η 55 15. 66 14.

σφαλλομένους β 87 34.

ἕσφαλτο η 47 34.

ἐσφάλησαν β 65 10 s. — 8 24 27.

σφαλῇ θ 92 11 d.

