ἔκ — ἑκάστῳ

161 2. 102 9. 103 22, 24. 104 16.
105 1, 12.

η 1 16, 2, 11. 218. 314. 4 20, 22.
5 24. 6 3. 9 16. 13 29. 15 6, 16.
16 26. 17 11. 18 6. 20 28, 31. 22 1,
2, 10. 23 20, 34. 2516. 26 6, 16. 27
29, 10. 28 19, 20, 32, 9. 29 26. 31
6, 12, 16, 33. 32 3. 34 26. 36 7, 17.
37 17, 21. 40 15. 42 19 25. 4315s.
48 29. 49 29. 50 12, 31. 55 13, 14.
57 25, 15 s, 17 s, 17 s. 58 23. 62 29.
6610. 68 24, 27. 71 14‚22. 74 8. 75 9.
76 4. 77 8, 9. 79 30. 86 28.

9 1 23, 23, 25. 2 4,19. 3 30. 5 27,19.
8 24. 10 15. 11 11, 18. 14 24. 16
18, 27. 17 1, 1,3, 12. 18 23. 20 24,
27. 23 25, 29, 7. 24 4, 5, 5, 6, 8.
25 7. 26 9. 27 11, 20. 28 21, 5. 32
33, 2. 33 17, 20, 26. 34 31. 35 10,
20, 26. 36 33. 37 13. 38 33, 1, 14.
39 18, 2. 41 27, 6, 10, 12, 13. 42
20, 35. 43 2. 44 33, 5, 9, 12, 13, 13.
45 22, 30, 32. 46 13, 19 d. 47 29.
48 8, 29. 50 8. 51 1. 53 24, 26. 55
15, 19. 58 17. 60 16. 61 31. 62 12,
15. 63 14. 65 20. 66 29, 32. 67 2.
68 10, 12. 71 17, 19. 74 28. 75 12,
18, 21. 76 8. 79 25, 32, 33, 1. 8019,
31. 82 3. 85 25, 3. 86 14, 28 s. 88 9.
89 15, 5, 7. 90 17,24,28. 91 16, 17,
20, 22. 9212,2‚18s‚ 4d. 93 27.
95 29, 5‚6‚ 10. 97 4. 98 16, 16. 100
14, 15, 24, 29, 32, 5, 7. 101 13, 16.
103 29. 104 33. 107 7. 108 23, 27, 6.

ἔκ ά 31 30. 58 19. 110 32. 137 19.
144 31. - β 44 22. 8022. 81 16, 7.
102 11. — y 69 2109 7. — 611
20. 28 28. 31 13, 20. 48 9. 52 30.
69 34. 100 33. — ζ 52 1. 98 24. —-
η 11 29. 25 13. 33 30. 60 31. 78 2.
87 16. —- 9 24 4. 40 13. 56 30.
100 28.

ἐξ α 2 4. 12 29, 33. 23 7. 55 12. 64
28. 75 1. 84 7. 89 15. 112 33. 115
11. 120 30. 137 19. 141 13. — β
7 5. 11 21. 15 13. 27 26. 32 7. 33
22. 36 21. 48 1. 49 24. 61 28. 65
17, 27 d. 77 18. 78 25. 84 13. 91 19.
97 14. 98 15. 99 1, 13. — y 3 34.

125

25 21. 32 11. 37 7, 8. 38 20. 40 9.
85 16. 95 15. 100 22. 114 13. — 6
129. 2 24. 3 11. 8 11. 931. 2912.
33 16. 35 27. 42 2. 62 24. 63 1.
76 12. 77 33. 78 7. 98 35. 103 26.
108 6. 126 31. — ε 9 21. 18 33 s.
20 30. 26 31. 54 17. 63 23. 64 20.
65 33, 10. 72 18. 77 20, 21. 80 14,
17. 86 14. 89 31. — ζ 2 16. 3 6.
16 20. 17 10. 21 7. 34 5. 36 8, 9.
44 2. 4613. 50 20. 62 30, 32. 68 13.
83 29. 96 29. — η 9 17. 18 5. 19
10. 2326. 2616. 27 7. 40 24. 4412.
48 29. 58 14. 60 4. 67 3. 73 31. -
914.1510.23 24d. 24 2d. 3522.
48 14 6. 9214. 96 3. 10317. 10912.

ἑκὰς α 69 17. 80 25. — 9 9415.
104 13.

ἑκασταχόθεν η 20 30. 216.

ἑκασταχόσε δ 5515. - θ 510.

ἑκασταχοῦ y 8216. — ε 20 25.

ἕκαστος ά 77 23. 141 12, 17. — β
16 7. 2134. 34 30,33. 35 32. 3731.
46 15. 48 9. 5211. 60 2. 6533, 256.
70 16. 87 2. 90 25. — y 38 16. 45
34. - 6 1414. 6334. 80 6,10. 95 8.
128 3.-ε121.681.-ζ1733.
31 28. 41 27. 69 3. 97 10. — η 27
31. 44 28. 70 14. 75 16. 77 33. -
9 1 13. 69 23. 82 29. 89 7,12. 101
15.

ἕκαστός β 17 23. - 6 34 3. 63 28.
— ζ 2 2. 69 24.

ἑκάστη y 45 24.

ἕκαστον α 3614. 56 24. 122 24. 133 4.
141 27. — β 3 35. 24 21. 31 1. 41
32. 60 32. 93 25. — γ 58 4. 6812.
70 18. - 6 66 13. 69 7. 73 21. -
ε 49 2. 71 35. 85 6. -ζ 15 15.-
η 67 24. 69 3. 70 30d. 75 2. - 9
28 7. 53 3. 67 5. 73 5.

ἕκαστόν ὃ 4 18.

ἑκάστου α 22 9. 48 4. — β 35 4. -
γ5916. -62222, -ζ3122,
86 15. - η 67 19.

ἑκάστης β 10 32. 11 19. 3432. 75 21.
— 6 98 37. - ε 18 33s.4718d.

ἑκάστῳ α 97 5. - β 8 33. 43 33. 50
26. 51 2. 61 26. - 61612. 39 26.

