278 ξυνθέμενοι- ὁ

ξυσταδὸν η 8130.
ξύστασιν η 71 16.
ξυστάσεις β 21 32.
ξυστελλόμενοι θ 4 20.
ξυστρατεύειν β 12 32. - γ1122.
956.-ζ46 1.61 1.-η33 11.
35 21.
ξυστρατεύοντες γ 95 19.
ξυνεστράτευον α 99 28. — y 101 1. -
8576.-ζ2912.4326.--η57
21, 3 d.
ξυνεστράτευσέ β 29 3.
ξυνεστρατεύσαμεν y 10 3.
ξυνεστρατεύσατε ε 89 30.
ξυνεστράτευσαν η 57 19. 87 24.
ξυστρατεῦσαι y 90 6.
ξυστρατεύσαντες ε 81 29.
ξυστρατεύεσθαι η 20 34.
ξυστρατευόμενοι η 61 21.
ξυστρατευομένων ε 60 34.
ξυστρατευομένους η 42 7 d.
ξυνεστρατεύοντο β 56 5. 80 61].
ξυστράτηγοι β 58 30.
ξυστρατηγῶν y 109 15.
ξυστρεφόμενοι η 30 26.
ξυνεστρέφοντό β 4 9.
ξυνεστραμμένον β 4 30.
ξυστραφῶσιν η 43 22 s.
ξυστραφέντες δ 68 17. — ζ 77 12. 91
33.-η329.-9544.

ξυνθέμενοι α 115 18. - y 114 22. -
ζ 65 12. 93 7.

ξυντομωτάτην η 42 4.

ξυντομώτατα β 97 12, 14.

ξυνδραμόντος ζ 57 14.

ξυντρίψωσιν δ 11 23.

ξυντρόφων β 50 27.

ξυνετύγχανὲ η 70 25 d.

ξυντυχόντα γ 59 9.

ξυντυχία α 33 3.

ξυντυχίας ε 11 11. - η 57 14.

ξυντυχίᾳ γ 112 3.

ξυντυχίαν ζ 54 33.

§nvn-xlm γ 45 23.

ξυντυχιῶν γ 82 27.

ξυνωμοσίας ζ 61 13. — θ 54 2.

ξυνωμοσίᾳ ζ 27 22. 66 17. - 9 69 15.

ξυνωμοσίαν γ 6-1 20. - ε 83 9. - θ
48 16.

ξυνωμοσίαι θ 81 15.

ξυνωμόται θ 73 22.

ξυνωμοτῶν ζ 57 3.

ξυνώμοτον β 74 2.

ξυρράξουσι θ 96 2.

ξυνερρώγει α 66 22.

ξυσκευάσαιντο η 74 S.

ξυσκήνων η 75 4.

ξυνεσκόταζε α 517.

ξυνεσκόταζεν η 73 30.

ξυνεσαίσαμεν α 74 23.

Ο.

ὃ α 10 11. 18 7. 21 30. 23 27, 28. 29. 136 14, 21, 22, 1. 137 15, 17.

24 26. 25 7.' 29 24, 24, 25, 25, 26, 32.
32 32. 34 6. 43 5. 44 20. 45 31, 32,
32. 46 12. 47 23. 50 23. 51 12, 13.
57 30. 53 30. 60 14. 61 29. 62 13.
63 31, 13. 65 3. 69 34, 35, 14. 70 2.
73 24. 79 13. 819,14. 33 14. 35 23.
37 13. 39 3. 96 3, 16. 91 30, 33, 34.
93 33,1. 94 27. 96 31. 162 33. 104 5.
109 10. 110 27. 111 5. 114 23. 113
15. 122 13, 19. 123 13. 126 23, 29,
14, 15, 26 d. 127 5. 123 16, 35. 129
16. 136 23. 131 13. 132 19. 134 29,

138 1, 8. 139 19. 141 7. 145 6.

β 1 19. 2 1, 1, 10, 19. 5 16. 6 21,22,

24. 10 33. 12 14, 25, 29. 13 3, 18d.
13 36, 6, 12, 13. 19 22. 20 5, 15.
21 13. 23 3, 3, 4. 25 36. 26 26. 23 5.
29 13, 13, 13, 19, 20,31,5, 6. 31 31.
33 11, 15, 16, 17. 34 1, 13. 40 26,
27. 42 26. 43 3. 44 14. 47 16, 20.
49 26. 52 2. 53 29, 30, 3. 59 15,21.
61 20, 21. 64 4, 4. 65 19, 24, 1, 2,
5, 23 d. 67 5. 63 36. 69 32. 71 25,
31. 72 27, 3, 3. 73 16. 74 33. 79 9.

