απ’ - ἀφ’ 41

104 7, 12. 110 22. 112 29. 114 22.
116 3, 8. 119 20. 121 28, 29. 126
23 d. 127 2. 128 10, 12, 17, 24. 129
21. 132 34, 6. 133 30. 136 29. 138 7.
14018. 141 24, 33, 33. 142 2. 143 25.
144 33. 146 15.

β 4 13. 10 32. 13 21, 25. 15 33, 27.
22 14, 28. 24 14, 16. 25 2. 34 15.
36 5, 20. 37 31. 414. 4610. 58 5,9.
62 32,1, 46. 63 5. 64 27. 65 20,5s.
68 27,3,14. 69 29,31. 71 32. 74 29.
76 11, 22, 23. 77 31, 4,7, 12. 80 12,
10 d. 83 31, 9. 84 18. 86 3. 87 12.
89 26. 90 23, 34. 91 4. 92 22, 11.
93 33. 97 16,16, 18. 100 5. 102 10,
10 d.

y 4 23. 6 9. 10 31, 32. 1111, 30. 13 3.
16 2. 20 30. 22 17, 36 s. 23 8, 10,
17. 24 31, 9. 26 9. 27 14. 33 22,28.
36 6, 15. 37 23. 38 9, 11. 40 31.
42 32. 43 8. 46 21, 22. 51 26, 30.
57 9. 64 17. 67 26. 74 33. 80 17.
81 11. 82 20 d, 27 d. [84 33]. 89 11.
90 2. 91 20, 23. 92 33. 94 8. 95 8.
97 14. 103 3, 10. 104 19. 105 32.
112 18, 22, 7. 113 10,15,19,26,28.
114 8.

ὁ 8 35, 22 d. 9 29. 10 3. 14 19, 27.
1816. 19 9. 2116. 2517,15s. 26 3.
30 23, 28. 34 8. 38 2. 39 20. 42 34.
43 27. 49 1. 58 9. 61 35. 66 28.
67 17. 68 13. 69 31, 12. 74 26. 75
25. 78 7. 81 22. 85 35. 87 25. 90
31, 8. 91 15. 96 16. 98 15. 100 6.
101 21. 102 21. 104 21. 105 34, 6.
107 35. 108 11s. 10919. 114 5. 115
13. 118 5, 6. 120 27. 123 24. 12418.
126 27. 128 10, 20. 130 30, 1, 6.

ε 3 13. 6 5. 8 17, 27. 9 3,15. 10 14.
11 11. 17 1, 4. 20 26. 22 29. 26 33.
27 11. 34 31. 35 2. 36 13. 37 15.
38 25, 7. 44 17. 55 30. 60 24. 65 5,
19. 66 24, 26. 71 11, 13. 73 18. 75
12. 89 34. 101 30. 103 2. 104 14.
111 4. 112 1. 113 8.

ζ 2 5, 14, 21. 4 2, 7, 10, 12, 14, 15.

- 523, 24. 12 28,3. 17 34. 19 4. 20 25.
21 3. 23 2. 26 8. 28 23. 31 6s. 33
7, 20. 34 34 s, 14 d. 36 6. 45 25.

47 35. 48 5. 50 14. 54 8. 61 19, 5.
63 7. 64 2. 68 8. 73 17. 75 17. 7634.
80 4. 91 28 d, 30 d. 99 23. 101 25,
31, 4, 26. 162 36, 12. 163 19, 27.

, 164 4. ’

η 4 1. 16 19. 12 14. 13 9. 17 5. 18 22.
19 27, 7, 17. 216. 22 33. 25 34,15.
27 33. 29 33. 30 30. 33 30, 36 9d.
37 15, 19, 27. 38 4. 40 19. 41 30.
42 7, 13 (1, 43 16, 25, 11. 44 23, 33 d.
50 11, 13. 57 20, 24. 58 1360 24.
62 1, 7. 63 13, 20. 69 21. 70 9, 12,
21, 31 d. 71 28, 13. 73 18. 74 17.
75 24, 24s. 77 24. 79 21. 80 24.
85 8. 87 1.

9 1 18. 225. 5 20. 64,5. 7 2132,
6. 16 23. 17 6. 18 32, 34. 23 12, 26,
21. 24 7, 16. 25 26. 26 4. 27 24,19.
30 32. 33 16. 35 26. 39 34. 42 27.
44 28, 31. 46 8, 9, 12, 14. 47 4. 48
24. 51 27, 6. 56 35. 60 18. 64 27, 7.
66 27. 69 25. 71 16. 761. 77 3.
79 20, 7. 818,18. 82 8. 86 14, 22 s.
89 15, 9. 91 29. 92 15, 21, 25, 26 s.
93 23, 30. 94 4, 9,14. 95 6. 99 7, 8.
104 2, 3. 105 26, 28. 107 2. 10813,

ἀπ’ α 17 20. 21 33. 2334. 25 6. 31 3.
51 2. 68 10. 90 1. 99 32. 105 34, 4.
109 8. 112 26. 115 3. 124 1. 126
24d. — β 15 22. 183. 1918. 2917.
37 32. 49 19. 56 14. 65 25. 77 13.
81 28. 86 22. - y 2 31. 13 34. 21
·17, 18. 29 10. 31 32. 33 25. 46 16.
4816. 6420. 69 3. 93 29. — δ 52 6.
53 20. 62 13. 69 33. 92 34 s. 105 2.
115 11. 126 25. 126 12. 128 4. -
ε 64 17. - ζ 2 7, 15. 46 11. 55 7.
61 14. 64 33. 76 23. 77 16. 86 20.
89 29. - η 141. 2110. 2924. 34 6.
36 11. 38 13. 50 20. 57 23, 28. 77
25. 79 9. 86 3. - 9 19 8. 35 17.
43 26. 45 21. 48 20 d. 68 2. 84 11.
87 29. 96 11. 99 6. >-

(ἐφ’ α 3 21. 6 5. 12 31,3. 14 23. 18 2.
23 12. 24 18. 37 27. 39 7. 46 19.
69 24. 81 10. 12217. 124 3. 125 10.
— β 8 25. 13 28. 39 24. 48 10,13.
51 15. 65 11s. 73 21. 102 7d. —

