166

ἔσχατοι β 96 33. - y 96 33. -— 643
19. — ε 67 21.

ἔσχατα y 106 20. 115 29. - ὃ 96 18.
-* θ 95 7.

ἐσχάτοιςδ 30 26.

ἔσω β 7615. 90 8, 10. 1001.— y
21 23. -- ὁ 109 19.

ἑταιρίας γ 8211.

εταιρικοῦ y 8215d.— 9 48 23.

ἑταίρων η 7329. 75 3. -— θ 48 30.

εταίροις θ 65 12.

εταίρους ζ 30 30. — θ 92 3.

Ἐτεόνικον θ 2314.

ἕτερος β 5115.— y 98 5. - 6 43
11. — ε 7510- η6417.

ἑτέρα η’41 33. 70 8.

ἕτερον β 513. 86 21. - ὃ 104 26. -’-
852 34.-η 247. 8018.-θ86
148. 90 9.104 6.

ετερόν ε 116 7.

ετέρου α 138 9.- β 51 15. 62 15.
-δ38, 2834. 6121. 672. -ζ
331.100 1214—7764 17

ἑτέρας β 69 26. - 68 20. —— η 2915.
63 2. — θ 7 2.1511.19 2. 4323.
102 15.

ἑτέρῳ α 26 3. -— β 512.

ἑτέραν α 71 16. 137 6. - γ 8919. —
δ2519.-85832.-ζ3728.
9913.-η26.-9115.

ἑτέρων ζ 46 5.

ἕτεροι β 64 7. - y 2213. —- 662 17.
67 3. -- ε 3611. - η 1622. 3413.

ἕτεραι γ 17 22.

ἕτερα α 23 23. 67 2. — η 14 29. 42
11 d. 59 7.

ἑτέρων α 40 14, 26. 76 27. 84 26. 85
16. - β 15 33. 35 31. 6015. 64 7.
67 22d. 72 25. — y 37 34. -— ὁ
441. 48 29. 92 15. 126 26. - ε 5 30.
48 21. 97 6. ’108 21. —- ζ 9 26. 16
22. 18 4. 44 17. 75 18. —- η 33 24.
44 26. — θ 85 4.

ἑτέροις α 37 5. - β 4012.—- γ 38 5.
56 23. 73 29. ἡ δ 6817. — ζ 22 20.

ἑτέραις y 77 15.

ἑτέρους α 28 9. 33 5. -— β 37 27.
6314. -γ6417.- (18731.-
ζ103.-η7723.-θ4625,

ἔσχατοι- ἔτι

ἔταις ε 79 2.

ἐτησίῳ β 80 32.

ἐτησίους ε 11 36.

ἔτι α 111. 2 13. 3 27. 5 19. 6 33,14.
7 27. 81. 9 20. 12 27. 13 12. 14 15.
20 15. 42 25. 49 14, 7. 66 22. 69 4.
70 15. 74 20, 21, 26. 75 4. 78 2.
80 29, 1. 81 11. 82 33. 93 28, 9.
102 13. 107 v29. 120 28, 18. 122 23.
126 1, 29 d. 132 29. 133 29. 134 25.
137 26. 138 16.

β121.2 28,11. 3 2. 4 23. 5 10,26.
8 24. 13 1, 26, 34. 15 13, 22, 27, 30.
18 11, 14. 30 8. 31 27. 36 10, 13.
40 6. 42 33, 1. 43 5. 44 20. 49 11.
51 31. 56 33. 58 33. 59 23. 61 27.
63 10. 64 25. 65 23, 4, 6s. 67 11.
74 29. 75 11. 80 17, 4. 81 4, 5. 99
4, 15. Δ

y 10 35. 11 9,13,25. 13 17, 4. 1419.
17 19. 20 28. 26 4. 27 17, 19. 3217.
33 24. 36 7. 421. 46 9. 47 8. 58 36.
62 15. 63 3. 67 6. 70 35, 6. 81 10.
82 10, 3s. 102 13. 112 21, 30.

6 5 29. 6 3. 8 26. 14 7. 20 22. 26 20,
4 28 24 29 8. 32 26. 35 21. 38 32.
48 28 57 17. 60 36. 67 19. 70 25.
84 27 87 22. 90 11. 91 19. 92 29.
96 126 98 20 100 15. 110 35.117
7, 16. 123 29.

ε 2 26. 9 19. 10 27 d. 13 26. 14 32,1.
21 13. 29 13. 32 35. 40 4. 43 29.
46 20. 49 11, 13. 55 13. 60 10, 15,
18.›6132. 7129,7‚15. 72 24. 75 20.
83 35. 84 18. 85 5. 100 26. 102 36.
103 5, 8. 111 12,15.

ζ 2 8, 20, 286. 6 26, 31. 9 21.1015,
23, 27. 11 3, 22. 12 2. 17 25,11.
19 4. 23 32. 31 10, 35 d. 38 4. 39 3.
41 23. 4915,20. 54 28. 59 7. 60 22.
63 9. 64 34. 79 31. 85 34. 86 25, 26.
87 30. 91 34, 9. 92 10. 93 29. 99 28.
102 5, 12. 103 3-3.

‚71202 25, 4. 6 13. 7 22,24. 116.
12 14, 25. 131. 14 24. 2417. 25 27.
34 19. 40 21. 42 29. 44 3, 5. 45 13.
46 21. 47 33,1. 48 15, 22, 3, 5, 6, 7.
49 31. 50 9, 29, 5. 55 9,17. 56 21,
29. 57 17, 18, 19 s. 59 12. 60 17.

