τὸ - τοῦ

75 35, 7, 13. 76 30. 77 19, 24. 79
21, 28. 80 5, 7. 82 36, 11, 17. 83
30, 31, 34. 84 4. 85 29. 86 2, 2, 22.
87 7, 11. 88 23, 26, 13, 28 5. 89 28,
5. 91 28, 29. 92 13. 93 33. 96 20,
23. 97 2. 98 1. 99 9,13,17. 10011,
14, 14, 15, 17, 17, 22. 101 29, 34,
4, 8, 10, 17, 26 5. 102 28, 33, 6. 104
7, 22, 25. 105 30, 6.

2 32, 33, 4. 3 11, 20, 27, 28, 29.
4 2, 5, 12, 14,16. 5 6,16,17. 6 28,
7. 7 17. 8 11. 917. 11 2, 7. 1219,
20, 24. 13 7. 14 2. 15 3. 18 30, 10,
11. 19 24, 25, 29, 29, 8, 18. 20 25.
21 20, 22, 23. 22 30, 3. 23 17, 19,
22, 31, 4. 24 7, 16, 17. 25 2 5. 26
5, 12, 18, 21. 27 29, 32, 13. 28 30.
29 8, 9. 30 25. 31 19. 33 27, 5. 34
25, 28, 4. 35 31, 36, 17, 26, 26, 26,
28, 2, 2, 46. 37 23. 38 6. 40 7. 42
22, 34, 10 6. 43 29,31, 5,9,11,18s.
44 28, 4, 5, 12, 15, 17, 18, 21, 1s,
3s. 45 10. 47 30, 1. 48 13. 49 15.
50 26. 52 30, 33. 53 21, 28. 55 13.
5619,26. 57 14, 27, 3, 115,165,
33 5, 56. 58 12, 21, 23. 59 6, 9. 60
19, 7. 61 22. 62 32, 33, 8. 6316,25,
26, 26, 31. 64 6, 16. 66 13. 67 18,
25, 28, 1, 2, 3. 68 14, 16, 22, 23,28.
69 11, 19, 22. 24. 70 1, 9, 18, 20.
71 21, 23, 27, 31, 12,15 6, 22 6. 72 4.
73 30, 1. 74 5, 10. 75 6, 7, 17, 23s,
26 s. 76 3. 77 5, 85. 78 17, 20, 21,
21, 27, 13. 79 20, 33, 5, 9. 80 11,
18, 19, 25, 26, 27. 81 16, 18, 19, 22,
31. 82 15. 83 24, 2. 84 27. 85 6, 7,
7. 86 24, 35. 87 10, 11, 11, 16, 32.
9 1 32,2. 216,25,26. 3 31,12. 5 276.
6 22. 8 18. 9 3, 4. 10 18,19. 1134.
12 29. 16 25, 28, 29. 17 8, 10. 20
29. 24 19, 21. 25 27. 28 24, 2, 11,
13. 32 30. 35 18. 36 31, 32. 37 27,
30. 40 16,26. 4130,33. 43 4. 4411.
46 23, 4, 5, 14. 47 3, 5. 48 20, 15 6.
49 22. 5016,18,19,19. 513. 5313.
54 17, 18. 55 17, 19, 23, 28, 28. 56
5, 6,12. 60 10. 62 22. 63 32. 66 31,
3,6, 13. 67 6. 68 11, 28, 3. 69 11.
7031. 7123, 28. 72 4. 73 32,33, 166.

283

74 27. 75 4. 76 24, 2, 6, 16. 78 11,
17. 80 19, 22, 24. 81 4. 82 2, 4. 83
21, 25. 84 3, 7,11. 86 18,14s,14s.
87 18, 23. 89 19, 32, 12. 90 22, 31,
10, 10, 10. 9119. 92 8, 33, 6, 7, 16,
56, 7 6, 13 6, 14 6. 9316,19,19,22,
30. 94 5, 7, 17. 95 186, 18 6. 96 3.
97 7. 98 21, 23. 100 31. 102 14.
103 26. 104 1, 5, 6, 7, 8,10,13,16,
19, 20105 23, 23, 29, 31, 2. 106 9,
14, 23. 108 20, 3. 109 7, 8.

τοῦα26 8.319.49.51416,18.

611.81921126.1317,22,25,
26, 6. 1416, 24. 182. 2011. 226.
2321, 33, 2, 6. 2420, 21, 25 29
25,27,28. 3016. 3222,26. 33 8.
34 6, 7. 35 25. 37 23. 3929. 42 23.
45 4. 48 33. 49 18, 29. 51 4. 5228.
54 20. 55 3, 13. 57 11. 61 32. 62
7, 11, 26. 64 19. 66 20. 69 14, 18.
70 25. 72 30. 73 13, 14, 21, 21, 33.
75 33, 2. 76 17, 20, 22, 25, 30. 77
5, 7, 8, 13, 14,15. 78 27. 80 18. 87
29. 89 20. 90 26, 1, 11. 93 1, 9. 95
22. 97 2, 2, 6. 98 14. 9929. 100 4, 8.
101 22. 103 24, 26, 26, 26. 104 12.
105 26. 107 27, 28, 33, 13. 108 31.
109 19. 110 24, 25.· 111 5, 16. 112
27, 2. 11310. 114 31. 118 31,1,5,5.
122 6. 12315. 126 21, 28, 30, 33,
13,16.12811,11,25,32. 130 32
131 11,16. 132 27, 6, 8. 133 31, 2,
7.8.13418,2,025.1354,.6,6136
25, 29, 2. 137 16. 1386, 7, 13, 25.
140 32, 19. 141 25. 142 23, 32, 32,
33. 143 25, 27. 144 12. 146 14, 18.

β 2 8, 12. 3 5. 4 18, 19, 31, 2. 7 30.

8 20. 13 22, 116, 126, 126, 146,
15 6, 176, 25 6. 15 33, 5,10,18,19,
27. 16 34. 1711,25. 18 4. 1920, 20.
21 22. 22 10,11,14. 24 13, 23. 25 2.
27 27. 28 4. 29 13, 31. 31 19, 21.
32 5, 6. 33 10. 34 4, 11, 15,16. 39
34. 40 29. 42 2, 6, 7, 10,12. 43 34,
3, 7. 44 22, 25. 47 17, 18, 32. 49 6,
10, 12, 166. 50 32. 51 12, 19, 23.
52 5, 7. 53 30, 1, 3. 54 8,12,16,20.
55 31. 56 10. 58 29, 6. 60 5, 16. 61
21, 3. 62 15, 17, 2. 63 5 16. 65 9,

