104 6,10,13. 105 31, 1, 7,8, 11.
107 26, 31,6,10. 108 25. 109 8,11.
110 20, 26, 29, 32, 2, 4. 111 10,10.
112 25. 113 6, 8, 16. 115 10,14,17‚
18,23. 11629‚31,4‚ 8. 117 19. 118 8.
119 19, 21. 120 2, 4, 18. 121 30.
122 14, 30, 3. 123 9, 10. 124 26, 5,
6. 126 24, 7, 12, 186, 216, 286.
127 2,6. 128 12, 30. 129 15,18.
130 29.13121.1³32 30, 32, 34, 14,
23.13332,6.134131358,12.136
19. 137 19, 20, 29, 32. 138 3‚11,12,
26, 32. 139 34, 8, 9. 140 31, 1. 141
24, 26, 33, 33, 4, 5, 16. 142 21, 2.
143 12,14, 15, 19, 4, 7. 144 15, 20,
31. 145 11. 146 15.

β 1 20. 2 6, 16, 19. 3 30, 30, 33, 34,

2, 3. 4 12, 12, 13, 17, 20, 6. 5 13,
14, 19, 19, 19, 21, 25. 6 15, 18, 21,
23, 27. 7 31, 7. 8 21, 28. 10 1, 2.
11 11, 21, 4, 56, 66, 96. 13 1, 13,
16, 17, 20, 21, 25, 35, 7d, 76, 96,
10 6. 14 27, 28. 15 34, 6, 24, 25, 28.
16 34, 34. 17 22, 26. 18 30. 19 19,
24, 28. 20 13, 14. 22 17, 17, 20, 21,
24, 29. 23 32, 33, 33. 24 14, 16, 22.
25 26, 32, 1, 3, 6, 7, 15. 27 34. 29
22. 33 24. 34 27,29, 34, 5. 35 17,19.
36 5, 8. 37 26, 3, 8, 9, 10. 38 12,18.
39 19, 20, 22, 30, 31, 5. 40 24. 41
4, 5, 13, 18. 42 25, 26, 26, 32, 2, 5.
44 21. 4612. 484. 49 21,35,3, 176,
186, 216, 226. 50 27,
28. 52 33, 12. 53 20, 21, 31. 54 11,
21, 24 562, 4 5721, 24. 585. 59
13. 60 32. 62 13, 14, 19, 20, 26, 34,
46. 64 18, 23, 27. 65 20, 5 s,12s.
66 15. 67 29, 12, 17. 68 24, 3, 17.

69 28, 29, 29, 31, 31, 32. 70 6. ’71

32, 33, 9. 72 19, 21. 73 24. 74 25,
32. 75 25. 77 31. 78 30. 79 5, 12,
16, 17, 18, 19, 25, 25,29. 80 12, 22,
27, 27, 86. 81 22, 32, 1, 8, 9, 11,
84 31, 33, 3,
3, 8, 17. 85 10, 11, 12. 86 17, 31,
1, 3. 87 32, 3. 88 9, 11. 89 23, 26,

175. 83 29, 30, 34, 15.

1, 21, 305, 325. 90 20, 26, 27, 30,

31, 1. 914,11, 12, 18. 92 11, 16.
93 20, 22, 24, 24. 94 12. 95 16,16.

29. 51 4, 22,

τῶν

ὁ.

301

96 20, 28, 28. 97 20, 33, 7. 98 19.
99 30, 14. 100 28, 5, 6. 101 25. 102
7, 10, 10, 22, 22,- 23, 25, 2. 103 15,
16.

1 24, 26, 26. 2 30, 3. 3 32, 35, 2, 4.
4 7, 10, 11, 14,17,21, 23. 5 26, 29,
31, 3. 6 7, 9. 7 22, 25, 33, 35. 912.
10 26, 29, 30, 34. 11 25, 30. 12 7.
13 21, 3, 3. 14 14,17. 15 29. 16 7,
11. 18 7, 8,14,16. 19 26. 20 29, 30,
34, 6, 6, 13. 21 15, 27. 22 34, 11,
16, 16, 17, 21,22. 23 4, 6, 10‚17‚24.
24 5,7,13,13,17. 25 27. 26 9.
27 19. 28 33. 29 15. 30 26. 31 32,
34. 32 11, 15, 16, 18. 34 9, 14, 15,
24, 27, 29. 36 4, 8,17, 22, 23, 26, 30.
375, 15, 16, 17, 21. 3827, 29„57,
8,9,11,14,15,22.3928,35„,363
10, 16, ’23, 245, 255 40 25, 3s. 42
11, 15, 28, 29. 436, 9, 17 444.
45 15, 16, 17, 24, 29, 32,33. 46 18,
21, 22. 47 4. 48 16. 49 23, 30. 53
33, 11. 54 15, 31. 56 29, 36, 37. 57
4, 9, 21. 58 24,33,2,17. 59 19, 28,
30, 12. 61 25, 27, 35. 62 27. 63 34.
64 14,22. 65 7, 9, 15. 66 33. 67 11,
19, 27. 68 22, 25. 69 36, 2, 11. 70
15, 18, 24, 3. 71 12. 72 17. 73 28.
74 33, 8. 7519,24,28. 76 2. 77 16,
19. 78 31, 33. 79 3. 80 10. 81 25,
29, 30, 31, 33, 1, 8, 11. 82 17, 21,
27, 32, 33, 34, 35, 1, 2, 166, 206,
105. 83 2’1. [84 29, 32, 36, 6.] 85 14.
86 33, 4, 6,13. 87 21. 8830. 8910,
18. 90 32, ⁷35, 36, 37, 1, 2, 7, 7. 91
20, 26. 925, 6, 6, 16, 17. 9331,.2
94 9, 18, 26, 31. 95 34, 35, 1,3, 13,
14. 96 22. 97 36, 9, 9, 14, 15. 98
27, 31, 34, 1, 6. 100 19, 21. 101 28,
29‚30. 102 6,17,20. 103 1,10. 104
20,26,30, 8. 107 2, 6,9. 108 21, 31.
109 15,17. 110 27,28‚29. 111 5,13.
112 23, 33, 34, 35, 4, 5. 113 10, 12⁷
13, 13, 14, 16,19,22,29‚32,33.
114 3, 4. 115 28, 29, 7,9, 11, 13.
116 16.

2 19, 20. 3 28. 7 12, 12, 15. 8 16,
17, 18. 26, 35, 6, 22 6. 9 29, 1, 2, 3.
11 28,35. 12 3,9,9. 13 20, 23,24,25.

