326

— y 11 13. 28 30. 45 33. 52 17. 81
29. — 628 20.1141.- ε 718.
90 6. 108 19. - ζ 11 23. 37 17.
78 30. 89 4. 92 18. - η 28 17. 63
15. — 9 24 18. 29 26. 6129. 84 2.
87 4, 19.

ὅσην ,8 36 11. 77 10. - y 62 26. -
ζ3725.-η216.

ὅσοι α 3 35. 5 11. 7 26. 15 32, 2. 17
16. 22 13. 62 26. 82 25. 95 35. 113
15. 114 26. 120 32. 12511.- β 4 6.
6 16. 13 10 d. 37 10, 10. 44 10, 25.
45 31. 64 7. 72 19. 74 34. 90 30.
101 22. — y 30 17. 34 24. 36 10.
39 4. 68 19. 81 34. 89 15. 103 2.
109 17. 111 37. — 6 26 10. 32 33.
35 22. 57 29. 4. 6131. 70 24. 74 35.
80 3. 90 29. 98 3. 113 15. 130 3.
- ε 10 236. 18 18, 22 s. 30 6. 35
35, 6. 3734. 46 5. 57 7. 77 1. 79 21.
96 32. 98 11. 99 18. — ζ 16 8. 17
7, 8. 18 30. 2712. 60 5. 6521. 6724.
7634. 9130. - η 13. 23 21. 37 20.
44 2s, 58 17. 61 19, 20. 71 11. 77
27. - 9 46 6. 92 22. 95 15. 9810.

ὅσοι α 7 19. 8 32. 30 22. 50 26. 52
19. 132 7. — β 73. 9 20. 45 3. 49
28. 97 33. - y 104 20. — 6 16 7.
48 24. - ε 38 33. - ζ 25 30. 37
28. 10423. - η 1214. 5117. 60 24.
— 9 95 19 6. 103 29. 107 8.

ὅσοι α 2 3. 1613. 2234. 7318. 91 11.
101 30. 111 9. 118 31, 32. 122 15.
138 2. 140 32. — β 13 32. 43 18.
46 8. 47 30. 50 28. 87 34. 92 6.
96 24, 32. 97 25. 100 22. - y 2 5.
266. 528. 585. - 61022. 1616.
20 34. 48 28 62 11. 90 12. 97 24.
118 12,266. 126 33 - ε 42 22.
10311. 115 33. — ζ 16 30, 34. 25
28. 3132, 356, 1s. 329. 441. 60
15. 77 7. 88 22 s. 89 22. 91 28 6.
100 31. 102 2. 105 9. — η 8 10.
1019. 119. 29 8. 39 27. 4324. 62 2.
69 10. 71 4. 74 10. 81 20. 83 28.
87 20. - 9 27 10, 16. 31 23. 4614.
59 5. 68 26. 70 1.

ὅσων α 9 29. - β 96 22. - y 5018.
—897s.—2;603.71 15.

ὅσην - ὅνπερ

ὅσοις α 90 30. — 6 128 16. ὴ η 20
30. - 914 9. 92 9s.

ὅσαις 9 27 29. 56 18.

ὅσους β 67 20. — y 32 17. 72 16.
8130. - 6116 28. ε- s 18 23s.
110 33. 116 14. - η 3 28. 85 2.
8618.

ὅσαςα513.-ε182.-ζ4729.
93 6. — 9 616. 87 27.

ὅσονπερ β 49 8.

ὅσαπερ ὃ 118 11.

ὅσπερ α 89 9. 97 9. -— β 101.-
y 36 29. 41 6. 765. — 6 5814.—

ζ6023. - 2733 2.—196515.
108 29.

ὅπερ 6 56 3. 57 21. 90 4. 100 3. -
ζ6221.-η415.-99012.

ὅπερ α 35 28. 50 33. 59 5. 71 4. 73
28. 74 7. 80 18. 93 9. 95 21. 120
15. 140 12. 141 7. 143 16. - β 65
31. 77 16. 84 28. 90 17, 22. 94 16.
- 759 2. 62 12. 78 27. 94 31. 97
36. 116 17. - 617 5. 3313. 7313.
81 21. 102 18. 125 1. — ε 6 18.
7 29. 8 22. 10 9. 14 21. 46 7. 7028.
-ζ1017.114,15.1313.1511.
23 31. 33 26. 34106. 47 26. 64 28.
79 35. 89 2. 9117. 104 26. - η 67.
12 19. 18 10. 29 13. 30 25. 34 13.
36 56. 42 21. 56 23. 61 16. 69 1.
- 9 1 32. 39 3. 47 30. 48 27. 72
13. 96 8.

οὗπερ α 134 27, 30. - β 86 17. 102
76.- y 13 8. 72 24. — ε60 24.
652. 7436. -η1917, -976
8, 20. 97 26.

ἧσπερ 6 101 5.·

ᾧπερ α 128 32. 13216. — β 63 6.-
ε 7 2.1325.-ζ865.-η3612,25.
62 3. 66 9. 67 16. - 9 20 25. 89 5.

ζῷπερ ε 77 3. 79 24.

ᾗπερ α 142 31. - β 13 19. 18 31.
23 7. 58 31. 67 30. - 6 11 18. 24
32. 35 25. 5322. 118 28 6.-ε 101.
14 1. 2220. 7236. - ζ 99 12. 101
27. - η 2 32. 4 13. 43 29. 70 29.
— 9 86 29 s. 97 27.

ὅνπερ α 3319. - ζ 57 7.- 9 817.
73 18.

