294

122 29, 32, 2, 4. 123 32. 124 5, 12.
126 21, 29, 1, 17. 127 33, 34. 128
. 5,16. 129 27,28,30,30,17. 13019,
19, 24, 2, 3, 6, 15, 15. 131 24. 132
29, 2, 4. 134 29. 135 9.

2 23, 1. 3 11, 13, 14, 33. 4 2, 3, 7.
5 25, 28. 6 6, 8, 10, 19. 7 31, 3, 5,
8, 10, 15. 8 18, 19, 25, 2. 9 6, 14,
14, 21, 23. 10 17, 27, 36, 4, 9, 25 d,
27 d. 1136,5,12,12,.14. 12 18.
13 25, 30, 30. 14 31, 31, 33, 33, 1,
8, 9, 18. 15 27, 31. 16 3, 8, 10, 13,
16, 17, 18, 21, 24. 17 2, 8, 12, 17.
20 23, 26, 31. 21 4,7, 11. 22 27.
23 33, 33, 2, 5, 9, 13,19. 25 1, 3,11.
26 21, 2, 4, 4, 6, 7. 27 20. 28 9. 29
25, 29. 30 34, 24. 31 34, 5, 6, 11, 14,
19. 32 25, 7. 33 24, 25, 26. 34 4.
35 10, 15, 16. 38 4, 9. 39 26, 29.
40 12. 42 14. 43 34, 34, 8. 44 12,
16, 19. 46 24, 29, 37, 2. 47 26, 26,
30, 33, 36, 36, 36, 1, 4, 7, 8, 8, 11,
14, 14, 2011. 48 25, 29. 49 33, 6. 50
22, 29, 34. 52 20, 21, 31. 53 7, 10,
12, 13. 54 24, 25. 55 6, 32. 58 14,
28, 34. 63 34, 35. 64 18, 22, 25, 26.
65 33, 1, 2, 5, 7, 8. 67 6. 69 7, 17,
20. 71 1, 4. 72 6. 73 22. 74 7. 75
12, 16, 16, 17, 18, 22, 29, 30. 76 4.
78 11, 11. 81 24, 27. 82 19. 83 32,
4, 12. 84 20, 29, 31. 86 14. 91 10.
99 18. 100 26. 104 13, 13, 17. 110
32. 111 13, 22. 112 36. 115 22, 31,
34. 116 2, 4.

ζ 2 9, 11, 23, 25, 30 d. 4 26, 6,7, 10,
13,17. 5 21, 26, 5, 5. 6 20, 26, 30, 1.
76, 7, 12, 22, 24. 812, 15. 108,
13,16.117,3,11.1434.153,10,
12,14,20. 16 27,217 22,27, 17,
20.1810,21,24d,26d,27d 20
14,14. 23 5. 24 20. 25 34. 26 10.
28 34. 29 15. 30 20. 31 32, 34 d.
32 19. 33 10. 34 32, 34, 2, 9. 36 4.
37 13, 35. 4019. 4131. 4213. 4313.
44 8. 46 7,11,13,23. 47 32, 33.
49 15, 26. 50 5, 15, 20. 51 22, 25,
27, 34. 53 13, 28. 54 2, 7, 13, 22.
55 9, 16. 56 18, 21, 27. 58 20. 60
17, 29. 61 29, 30, 2. 62 19, 26, 36.

τὴν

⁷7

9128,

63 1, 4, 5, 8, 16. 65 26, 29. 66 2,
5, 11. 68 3, 7, 16. 69 23, 5, 3. 70
30, 34. 71 13. 72 17, 24, 25, 30, 1,
2, 3. 73 12, 13. 75 3, 5, 8, 9, 12, 15,
17. 76 21, 25. 77 6, 17. 78 32, 33,
12, 12, 17. 79 33. 80 3, 6, 25, 27,
28, 30. 82 14, 16. 83 26. 85 21, 28.
86 7, 17, 20. 87 29,15. 88 22,5, 13,
19, 23s, 30s, 33 6, 35 6, 2d, 4d. 89
15, 17. 90 16, 21. 92 3, 11, 12, 21,
21, 21, 24. 94 19. 95 6. 96 27. 97
1, 15, 18. 98 30, 2. 99 13, 28. 100
1, 4, 5, 8,13, 14. 101 8,11‚ 14. 102
28,11, 13. 103 30, 34. 104 6,10,16,
17, 19. 105 31, 2, 2, 5, 8, 10, 13.

1 22, 29. 2 4, 5. 3 20, 23,23, 24, 25.
4 7, 4d. 518. 6 29,4,[10]. 7 16,19.
8 31, 7. 9 15. 10 21. 13 32, 14. 14
17. 15 5,17. 16 30. 17 4, 6, 8, 11,
14, 17, 17. 18 19, 19, 22, 22,24. 19
21, 1. 20 26, 34,1. 21 13, 25, 26, 29.
22 31, 31. 23 14, 15, 30. 24 5. 25
28, 21. 26 6, 7, 10, 19. 27 27,8,16,
16. 28 24, 25, 6, 7, 12. 29 20,24, 27,
28, 3, 4. 30 19,27‚ 2. 31 6, 8, 11, 13,
30, 33. 32 3, 7. 33 9. 34 4, 5, 10.
35 30, 30. 36 19, 27, 30, 31, 80, 9d.
37 13,19. 38 15. 39 25, 26. 40 3, 6.
41 27, 2. 42 7, 12, 15, 611, 711. 43
19, 26, 4. 44 32, 33, 56. 46 19, 20.
47 24, 25. 48 11, 24. 49 14, 20, 22,
23. 52 32, 5. 53 10, 14, 14, 26, 28,
29. 54 3. 56 21, 29, 4, 8. 57 11, 30 6.
60 14, 16, 8. 61 15, 18. 62 27, 5.
63 21, 24. 65 24. 66 4,6, 10. 67 21,
8. 68 17, 20. 69 9, 17. 70 260, 1s,
1s, 3s, 6s, 106. 71 21, 29, 10. 72
28, 6. 73 7, 20. 74 5, 7, 13, 21. 77
11, 31, 12 s. 78 6, 6. 79 18. 80 14,
15, 16, 29, 29, 30. 82 18, 20. 83 29.
84 8,18. 85 4,13. 86 19, 7. 87 16.
29. 24. 332, 33, 4, 5 529,
311613 63126131417
72,.5 88,9,12.10161729. 11
4, 16. 12 22, 25. 133,7. 1414 23,
23.153,7,12,15,15,151619.
17 13. 19 11, 12. 20 23, 23, 33. 21
5, 7 2215. 2331, 32, 6101113
19, 23, 25 d, 2611. 24 15, 20, 24, 23,

