196

καθιστῆται y 56 2.

καθιστώμεθα y 53 12.

καθιστῶνται α 44 25. - ε 36 31. 44 20.

καθίσταιτο ὃ 86 3.

καθίστασθαι β 89 24 s. -- y 92 11.
9327.—‹5937.——g8529.

καθιστάμενον y 68 32.

καθισταμένου α 1 3. - y 3 16.

καθισταμένῃ ε 51 14.

καθιστάμενοι θ 70 2.

καθισταμένων y 82 33 d.

καθισταμένοις α 125 16.

καθισταμένας γ 38 1.

καθίστατο β 65 13. - y 28 3. 35 3.
— δ 3410. 9011. 107 31. 116 2.
-ε257. 2919.-ζ5510.-η
75 32. - θ 62 24.

καθίσταντο α 13 13. 99 36. - β 6 13.
9 5.13 2411. 781. 94 22. - γ48.
527. 92 33.-δ238.--81114.
12 19. 16 29. 66 30. 67 6. 82 3. —-
ζ 45 32. 69 25. — 9 95 25 d. 10418.

καθίσταντό ε 31 12.

καταστήσεται α 73 24.

καταστήσονται θ 76 13.

καταστησόμενοι α 95 4. ζ 83 1.

κατεστήσατο ζ 54 14. —— θ 29 15.
100 19.
κατεστήσαντο α 114 2. 118 2. - β

2411. 97 27. — δ 4110. 55 22. 82
33. 133 22. -— θ’ 23 24 d.
καταστησάμενος ε 3 31.

καταστησάμενοι α 76 12. —- y 18 3.
- δ 45 35.

κάθοδος γ 114 9.

καθόδου γ 85 19. -— ε 1614. - θ
49 25. 50 28.

κάθοδον ε 16 16. - θ 47 26.
81 5. 83 16. 87 32.

καθορῶσι α 48 3-1. - θ 6017.

καθορῶσιν θ 19 7.

καθορωμένου γ 20 12.

καθορωμένους y 112 30.

καθεωριῦντο y 23 24.

καθωρμίσαντο θ 3318. 42 2.

καθορμίσωνται δ 13 28.

καθορμισαμένου γ 32 10.

καθορ,ιιισάμενοι ὃ 45 29. — ζ 97 1.
—- θ 34 8.

76 25 d.

καθιστῆται - καὶ

καθύπερθε ε 5915.

καθύπερθεν δ 43 22.

καθυπέρτεροι ε 14 3.

καθυπέρτεροι η 56 24.

καί α 86. 3133. 70 20. 75 5. 10614.
107 13. 126 16. 128 3. 129 21. 137
10, 27. —- β 15 3. 17 14,17. 21 18.
70 5. 8712. 93 5. — y 8012. 901.
1115.11317. — δ 5 28. 14 7. 40
36. 48 7. 96 26. 109 25. 121 26. 130
29. - ε 3612. 62 21. 90 5. -ζ
61 21. 69 21. 76 26. 100 7. -- η
42 4. -- θ· 11 19. 48 19. 73 28. 80
33. 83 24.

καὶ α 1 2, 3, 4, 6, 7, 9, 1ο, 11. 2 17,
21, 22, 25, 1, 5, 8, 12,14. 3 15, 19,
21, 22, 23, 26, 28, 30, 31, 31, 35, 36,
1. 4 3, 5, 5, 6. 5 10, 11, 14,15,15,
16, 18, 19, 20, 24, 24, 26, 26, 27.
6 30, 31, 33, 35, 1, 3, 5, 7, 8, 10,12,
13, 14, 15, 16, 16, 17. 7 19, 21, 22,
25, 26, 27. 8 28, 29, 32, 34, 4, 4, 6,
10. 9 13, 15, 20, 23, 24, 26, 27, 28,
28, 29, 30, 32, 35, 2, 3, 6, 6. 10 7,
11, 12, 17, 18, 29, 29, 30, 32, 34, 1,
1, 5. 11 9,14,15,18,18, 20, 22, 23,
25. 12 27, 28, 30, 2, 3, 6, 7, 7, 8.
13 11, 16, 18, 20, 24, 25, 29, 30, 3,
4, 6, 8, 10. 14 13,15,16,19,21‚ 21,
22, 24, 25, 26. 15 29, 31, 32, 1, 2,
3, 9, 9. 16 11, 12, 13,14,16. 1718.
18 26, 27, 28, 32, 32, 1, 3, 3, 6, 9,
11, 12, 15, 16, 18, 20, 21, 26. 19 27,
31, 32, 32. 20 3, 5, 6, 8, 9, 10, 13,
15, 15, 16, 16, 19, 21. 2123,27‚ 30.
22 34, 1, 8, 12, 14, 16. 23 20, 20,
26, 27, 31, 34, 34, 1, 1, 3, 6, ιο.
24 19, 20, 22, 24, 28, 32. 25 4, 6,
7, 11, 15, 19, 21, 22, 22, 24, 25, 26.
26 29, 30, 30, 34, 2, 2, 3, 6, 8, 11,
13. 27 18, 19, 22, 22, 23, 26, 26, 28,
28, 29, 30, 31. 28 33, 2, 6, 8, 11, 14,
16. 29 19, 21, 24, 24, 26, 30, 32, 33,
35, 1, 2, 3. 30 10, 13,14, 15,17,19,
21, 22, 23, 24. 31 27, 29, 31,3, 4, 8.
3212, 13, 14, 17, 20, 23, 24, 27, 30,
30,32,33,,.331335,,911,13,13,
16, 17, 20, 22, 23, 23, 28. 34 4. 35
12, 13, 14, 14, 16, 19, 21, 21, 24, 27,

