60 αὖτίν -

94 7. 97 36. 113 17. — ὅ 7 9. 28
12,14,17. 29 5. 30 24. 38 31. 46 3.
78 10, 18, 9. 83 7. 84 24, 28. 88 7,
8. 97 18. 100 7. 103 4. 105 6. 108
25. 110 34. 127 23. 128 2, 8. 129 29.
- ε3 30. 41. 5 33.1012d.16
18, 23. 26 30. 43 33. 71 5. 72 36.
115 21. - ζ 4 19. 28 31. 29 9,14,
17. 60 28. 61 10, 23, 28. 68 34. 78 6.
81 33. 102 34. 103 17. 104 25. —
η 19 32. 3415. 39 20. 42 25. 48 21.
4917. 83 22. 84 9. 86 34. — 9 6 30.
8 19. 13 1. 29 27. 32 28. 36 30.
40 9. 45 25, 4. 46 26. 47 31. 50 6,
14, 24. 51 26. 53 27. 63 11. 65 16.
68 26, 27, 7. 70 10. 73 13. 75 17.
82 27,12. 84 21. 85 2. 87 30. 8810.
90 8. 91 21. 94 10. 99 10. 100 15,
19. 108 3.

αι’·τήν α 46 18. 82 6. 83 16. — β 18 2.
63 12. 65 36. — y 74 5. 10418.-
6 8 12. 52 3. 87 18. 102 23. 112 3.
13126. - ζ 17 25. - η 281. 6312.
— 9 47 27. 50 29.

αὐτὴν α 18 30, 7. 22 36. 24 15. 4617.
75 32, 2. 8914. 114 22. 13811. 141
23. — β 15 11, 15. 18 15. 20 12.
27 30. 41 18. 421. 49 27, 14. 5532.
64 24, 30. 74 4. 85 9. 87 8. - y
29 6. 47 6. 64 21. 68 21. 113 1. -

ὁ 3 4. 9 15. 10 10. 11 14. 56 12.
72 26. 109 22. - ε 2 6. 26 24. 41
22. 103 5. 112 37. — ζ 6 10. 16 29.

18 25 d. 72 2. 76 22. 89 6. 92 14.
97 18. — η 31 8. 63 28. 65 23. 70
23. 80 15, 3. - 9 22 17. 24 20.
25 28. 90 5. 95 256. 100 26, 2.
104 32.

αὐτοί α 38 15. 40 9. 62 24. 98 17.
103 2. — β 68 24. 7218. 94 31. -
y 16 3. 18 35. 20 32. 62 5. 90 8.
- 6 20 25. 124 14. 129 1. 132 6.
- ε 29 18. 54 19. 56 23. 58 17.
83 30. - ζ 2 4. 42 5. 46 21. 6513.
75 11. 8217. 92 25. 102 29. 105 30.
- η1710. 18 16. 55 11. 77 28. —
3 16 28. 2215. 2514. 4812. 69 28.
78 10. 95 18 d. 104 34.

αὐτοὶ α 2 8. 15 6. 23 31. 28 8. 31 4.

αὐτοὶ

32 28. 35 28. 37 25. 39 1. 43 34.
48 3, 8. 49 33. 50 27. 51 7. 61 26.
62 21. 69 15, 19. 71 2. 72 3. 73 18.
74 17. 77 10. 78 1. 85 12. 89 22.
90 24. 9132. 99 30, 35. 100 14. 102
20. 103 27. 105 5,10. 111 15. 114 2.
118 2. 120 28. 121 10. 124 7. 140 3.
141 30.

β 5 32619. 11 10. 15 2. 31 20, 29.
36 8, 13, 17. 37 27. 39 30. 4014,19.
44 17. 47 28. 51 26, 29. 62 9. 64 20.
65 24 d, 9s. 68 6. 72 22, 7. 78 31.
86 26. 89 25. 98 24.

y 415. 11 14. 12 7. 13 23. 15 28. 19
20. 21 23. 23 7, 23. 26 35. 27 22.
37 8. 39 31, 40 12. 50 16. 53 36.
56 13. 60 18. 61 23. 63 36. 65 3.
66 1. 75 20. 90 29. 91 18. 92 7.
98 22. 101 30. 109 12. 111 2.

ὁ· 8 17. 9 12. 13 33. 18 13, 22. 2421.
34 31. 46 22. 47 31. 48 12. 49 1.
60 6. 6125. 63 31. 65 29. 66 19, 30.
68 10. 7315. 85 36,11. 86 5. 87 35.
98 5, 9. 102 19. 108 26. 113 12.
124 20. 127 28. 12814. 130 4. 13116.

ε 22 18, 23. 29 30. 30 6, 7. 33 22, 26.
35 1. 39 18. 41 30. 44 18. 46 1.
49 17. 53 12. 57 5. 59 7. 60 18.
63 26. 6412. 67 9. 75 14, 20. 78 11.
80 23. 81 27, 30. 82 26. 89 26. 91
13. 116 15.

ζ 3 18. 4 18. 6 26. 10 15, 26. 13 14,
26. 18 24, 4, 13. 23 24. 30 24. 33
26. 37 18. 52 8. 61 20. 62 27. 63 3,
15. 64 18, 4. 68 10. 79 26. 80 18, 26.
82 8. 84 12. 85 32. 86 4. 88 29 8.
91 24. 93 28. 94 19. 99 20. 101 30,
3, 26 8.

η 411. 6 11. 13 12. 18 33. 25 1S.
31 15, 27, 28. 34 18 d. 35 24. 36 25,
29, 2. 42 27. 43 8. 44 21. 48 27.
51 9. 54 3. 56 21, 31, 2. 57 15. 58
27,31. 61 24. 64 11. 6930. 70 148.
7119d. 7316. 7419. 75 27, 17. 77 32.

318. 2 27. 5 32, 12. 1412. 215,
24, 1 d. 33 17. 38 9. 44 30. 48 6d.
76 14, 19, 22 d. 7910. 8116. 86 278.
90 13. 91 4. 95 24d. 10411. 105 5.
106 22.

