298

15, 20, 20. 61 28, 10, 10. 63 26, 27,
2, 8. 64 25. 65 8. 66 29, 11. 67 17,
25. 68 5. 6912,12,22,23. 70 30,31.
71 25, 31, 34. 72 7. 73 18, 18, 30,
4, 11, 12. 74 19, 22. 75 2, 17, 19,
21, 21. 76 23, 24, 25, 19. 77 3, 4.
78 6,19. 79 19, 25, 2, 3, 9. 80 14,
31. 811, 15 8226. 83 15, 24. 843,
12, 19, 22 8510. 8614, 18, 20„1
19⁷.s 67 32, 9, 12, 15. 6915, 4. 90
13,19, 24, 32. 9117. 92 33, 28s,
28 5, 29 5, 116. 9316,17. 94 12, 16,
16,17. 95 3, 4, 8, 12, 166, 20 6. 96
6, 19, 19, 19, 20, 21. 97 24. 98 9,
17, 20, 22. 99 28. 100 27. 102 29, 3.
103 21. 104 31, 33, 1, 3, 6, 13, 15.
105 23, 26, 27, 29, 30, 31, 33. 106
10, 26. 107 33, 6. 109 9.

οἵ α 5 10. 8 8, 9. 10 10. 11 20. 18
26, 9, 15. 35 27. 57 29. 91 2. 92 25.
95 34.1051.11313.119 20. - β
19 17. 21 29, 1. 57 19. 79 29. — γ
9 14. 14 21. 37 14. 40 10. [84 32.]
93 30. 98 23. — 6 14 16, 16. 43 27.
61 2. 7915. 84 25. 96 7, 10. — ε
3 13. 28 5. 35 14. 40 33. 57 1. 66
22, 23. —- ζ 29 12. 32 13. 38 36.
39 1. 61 22. 65 23. 69 33. 88 34 5.
91 11. 97 9.- η 4 4. 7 27.2614.
3414,156. 37 20. 44 8, 11, 24 d,
26 6. 50 2. 59 4. 6015. 65 30. 66 1.
70 11. 75 15. 77 115. 84 26. 8630.
87 10. — 911 2. 24 30. 32 29. 36
34. 74 19. 76 18. 81 14, 17. 86 25.
92155, 175,46. 102 1. 105 5.

τοὶ ε 77 21, 24, 3, 3, 79 23, 23, 24.

αἱ α 7 23. 23 25, 25, 11. 25 18. 2919,
33. 38 17. 44 17. 45 5. 47 27. 48
2, 5, 6. 49 23. 50 33. 51 11, 12. 55
12. 58 20, 20. 59 32. 72 29. 75 8.
79 11. 87 18, 21. 89 21. 96 33. 99
23. 100 17. 110 2. 112 28, 33, 33.
116 30‚31‚2, 3. 117 20, 21. 141 2, 2.
— β 2 24. 431. 9 14,18‚21. 1122.
17 19. 29 21. 30 17. 34 2. 42 24.
84 32, 19. 89 25 s, 4d. 9016. 91 3,
4, 17, 20. 93 29. 94 27. 102 23. —
y 3 31. 7 23. 10 26. 13 30, 31. 16
10. 17, 17, 22, 23, 30. 25 25. 33 24.

οἵ — τά

36 14. 39 3, 30 s. 45 19, 23. 69 36,
36. 76 3. 77 14, 19. 78 29. 80 11.
82 22, 27, 17 d. 86 32, 1. 88 35. 95
13. 10434. 10733. — 6 1 7, 6. 327.
8 29. 13 23. 14 6. 16 24, 25. 18 25.
23 35, 35, 13. 25 12, 55. 26 29, 29.
42 35. 47 26. 59 26. 65 34, 36. 69 37.
71 34. 76 8. 79 18, 19. 106 26, 29.
108 21, 22. 11121. 118 296. — ε
1 13. 39. 187. 2020. 2710,11,11.
28 2. 36 11. 40 6. 4118. 47 1,31d,
33 6, 15. 4819,19,20. 5417. 6135.
661. 80 3. 1039. — ζ 17 29. 16 15.
21 31, 5. 32 8. 34 76. 36 6. 43 21,
21. 45 26. 46 33, 33. 62 26. 65 17.
66 6. 97 16. 99 26. 102 8. 104 4, 7,
8. — η 119. 426. 65. 715. 1227.
14 19, 23. 19 14, 14. 22 33, 2. 23
27, 28. 24 20. 25 28, 9. 27 5. 28 15,
17. 31 21, 22. 34 25. 35 31. 37 22.
41 28, 29, 30. 43 16. 59 32. 60 1.
70 29, 17, 19. 72 34. 77 19. 87 12.
— 9 7 5.1012,15.1111.132,6.
16 24. 19 9,12,17. 2018. 22 21, 23.
23 27. 27 12. 31 21. 34 1, 2, 3, 5.
36 2, 3. 38 14. 39 18, 34, 2. 41 28.
42 30. 43 9. 48 66, 66. 512. 58 21,
21, 22, 28, 29, 29. 59 3. 64 5. 7812.
80 23,26,26,29. 81 15. 87 6. 92 25.
94 3, 7. 95 18. 96 14. 99 30, 1. 100
21, 8, 9. 101 14. 102 11,12. 104 7.

αἵα2 3. 7 25. 5218. 6924. -β25

14. 70 1. 77 29. 102 27. - y 2713.
74 32. 82 28. — 6 69 25. 127 24. —
ε 310. -η 714.1221.—3 615.
26 9. 58 28.

ταὶ ε 79 17, 18.
w' α 1012. 1123. 15 28. 2329. 3930.

54 18. 65 8. 77 22. 91 8. 108 27.
118 30. 129 16. 132 31. 133 2. —
β 5 31. 613. 7 9.10 28.13 20.15
6, 7. 17 10, 25. 37 2. 40 22. 50 24.
52 6. 53 23. 64 27, 27. 65 32 d. 83
17. 89 27 S. 100 25. — y 3 3. 13 5.
16 7. 26 5. 36 6. 39 30 S. 40 17. 75
28. 77 9. 82 20 d. — δ 30 6. 87 35.
109 15. 121 18. - ε 35 27. 37 14.
42 21. 46 36. 52 31. 80 9. 8129. -
ζ 8 2. 9 33. 17 10. 22 19. 28 32.

