290 ’ τῇ-τὸν

ζ

²2

87 1. 89 25. 91 18. 92 29, 3, 4, 18,
23. 93 10. 94 27. 95 2, 3. 96 10. 98
8, 20. 99 23, 24. 100 9. 10125. 103
31, 5, 5. 104 14. 105 1. 106 26. 107
30. 108 34. 111 24. 112 30. 113 8.
114 26, 35. 115 10,12. 116 31, 35.
118 12, 32 d. 120 25, 4, 13. 122 10.
123 18, 20. 125 7. 126 20. 127 26,29.
128 15, 21. 129 29,14. 130 17, 21,
22, 26, 32, 5, 7, 13. 13123, 25.
133 15.

1 14, 20. 2 30,1,1,4.319. 412,
23. 5 25, 25, 26. 6 13, 20. 7 31,11.
91. 10 14, 18, 31, 3. 1133. 14 2,
10, 10, 11. 15 28. 16 35, 2. 17 29.
22 17, 20. 26 30, 2. 27 22. 30 32.
31 33, 8. 33 23, 23. 35 10. 42 18.
45 29, 9. 46 15. 47 16 d, 20 d, 28 d,
13 s. 50 29. 51 12,13,14,15. 52 32.
55 28. 56 24. 57 2, 13. 59 22, 22.
60 14, 21. 62 20, 21. 65 10. 66 22,
35. 67 15. 68 33. 71 35. 7217,21,
25, 26. 73 11,11. 75 17, 21. 82 6,
14,16. 84 31. 87 19. 10415. 105 30.
112 36, 37. 116 4.

2 20, 30d, 2s. 4 2. 611. 718. 89.
16 26, 34, 20. 17 26, 32, 18. 20 19.
23 29, 1, 3. 24 16, 22. 27 12, 13.
30 28. 31 36, 37. 32 9. 34 17, 16,
146, 18 d. 36 35. 42 5. 43 17. 44
4, 19. 45 27, 29, 30. 46 23. 47 26,
37. 48 9. 49 15, 18, 19, 22, 23, 27.
50 35,36,7,10. 51 25, 33. 52 3.
54 37, 9, 25, 26. 55 1, 5, 9, 14, 15.
58 19. 61 33. 62 14, 35. 63 15. 64
31, 34, 2. 65 19. 66 34. 67 13. 69
26, 27. 71 1. 72 17, 34. 74 19, 23.
75 34, 4, 14. 76 32. 78 29, 33. 80
11, 15. 83 24, 25, 32. 86 12. 88 30,
1, 27 s, 5d. 90 15. 91 36, 23. 92 1.
93 32, 33, 12. 94 16, 17, 28. 96 25.
97 32,5,18. 99 9. 10125. 103 21, 2.
2 29. 3 24, 30. 4 33 s. 5 19,21, 21.
6 6, 9. 11 30, 31, 3. 12 20, 21. 17
7, 14, 16. 18 15. 19 30, 32, 15. 21
4, 24. 23 15, 16, 23. 24 10. 25 31,
9,30d,30d,3s. 271. 28 24. 29
30, 31, 14. 30 21, 23, 24, 28. 31 7,
17, 28. 33 31,14. 34 21,8,18d.

35 31. 36 5,13,27. 38 5, 11. 3917,
18,18‚ 24. 4018. 41 32. 42 31, 33, 4.
43 17, 9. 44 3. 45 8. 47 28, 3, 4. 50
27. 51 18. 52 25, 26. 57 16. 59 5.
62 25, 33, 33. 63 23, 24. 68 20, 25.
69 14. 70 2. 71 32, 21.d. 72 2, 4.
73 22, 28. 75 28, 29, 29. 78 24, 29,
30, 9. 79 32, 33. 80 21, 28. 81 3.
82 6, 19. 83 22. 86 27. 87 13.

9210418510. 61,6,26. 816.

10 31. 11 2. 17 16. 20 29. 23 30, 1,
17, 17, 23, 25 d, 26 d. 24 31, 6. 25
29. 27 23, 18. 28 21, 23, 29. 29 17.
30 29, 1. 30 8. 31 9, 19. 33 17. 35
15, 23, 24. 37 23, 23, 27. 38 34, 13,
16. 39 3, 7. 41 13, 16. 42 22, 1. 43
4, 6, 7, 9. 46 6. 47 31,2,4.481,2.
49 22. 5019. 52 13,16. 53 4, 5.
54 2. 55 11. 56 16. 60 10. 61 30.
63 27, 8. 64 30. 68 26. 69 13, 15.
70 9. 71 18, 31, 32. 7315, 21, 7.
75 9, 17. 76 10, 11. 77 4. 78 6. 79
22, 6, 6, 10. 81 1,15. 8315. 8411,
18. 85 31. 86 16, 17 s, 2os. 87 2.
88 6. 89 25, 29, 10. 90 16, 20, 22,
31. 92 14. 9316,19. 95 1811. 9612,
13. 98 9, 19, 20. 99 28. 100 18, 20,
20, 24. 101 16, 17. 102 30, 2, 4, 10,
16. 103 27. 106 15, 23. 107 33, 4.
108 20. 109 18.

τᾷ ε 77 16.
τόν α 6 35. 11 9. 25 10. 54 16. 69 14.

93 20. 134 29. 144 1. - β 29 33.
40 13. 44 26. 51 25. 95 15. 99 15.
-7439.5333.686. 703.—c5
8 4. 18 23. 27 23. 82 31. 121 17.
— ε 10 17 d. 17 2. 28 1. 60 23. 72
18. — ζ 78 32. 8812‚32s. — η
43 18. 56 18. 59 9. - 3 17 11. 28
31. 45 15. 92 16 s. 93 18.

τὸν α 1,1. 516. 6 7. 915,25,25. 10,10.

11 19. 15 8. 17 18. 1814,23. 1933.
20 19. 21 31. 23 28, 13. 24 14, 18,
32. 25 5, 20. 26 29,12. 27 19. 3016.
31 27, 27, 28, 28, 7. 32 23. 33 18.
36 7. 37 24, 27. 39 29, 30. 40 25, 2.
41 8,15,16. 43 4. 52 20. 5416.
57 6. 58 24. 60 10. 61 23, 28. 64
27, 29. 67 30, 34. 69 21. 76 21.

