αὐτῆς -- αὐτὸν

ζ 117. 7 6. 9 21. 119. 15 5, 7,13,18.
18 5. 28 35. 29 6,16. 34 29. 53 17.
55 7. 56 19. 57 15. 60 3. 61 13, 8,

12 s. 66 34. 71 1. 73 9. 74 30. 77 24.
’ 88 32 S. 91 18. 93 31. 95 3. 96 12.
101 24.

η 3 24. 16 23. 2110. 26 16, 21. 37 19.
40 4. 43 14 5. 50 9, 20. 51 15. 52 3.
56 19. 58 14. 64 9. 78 1, 8. 81 27.
82 18. 83 29. 86 3.

91 4. 2 24. 59. 11 15. 2030. 2211,
20. 2326. 24 30. 25 7,18. 288,12.
30 29. 32 27. 35 10 38 12. 41 32.
46 24. 47 34. 48 9, 2. 5422. 5525
6425. 673 7131. 768 775 84
14. 87 30, 2s. 9028,.1 92 21, 115
94 6. 97 6. 99 6. 100 19. 104 22.
108 5, 6. 109 9.

αὐτῆς α 9 7. 31 30. 55 13. 65 34. 70
17. 94 31. 103 24. 113 15. 115 11.
136 23. 140 22. — β 13 1d. 1918.
29 18. 36 13. 41 19. 42 24. 43 20.
62 24. - y 25 21. 29 10. 46 16. 49 5.
61 32. 62 23. 64 20. 69 3. 70 4.
85 16. 93 29. 102 15. —- 9 811,15.
12 6. 29 9. 30 29. 52 6. 199 29.
122 7. — ε 26 31. 41 24. 46 5. 47
2011- ζ 215,25. 414. 51. 17 25.
18 34. 4613. 59 1. 69 28. 86 26. -
η 16 21. 1919. — 9 23 24 d. 7417.
81 2. 90 13. 192 3.

αὐτῷ α 4 9. 9 22. 22 35. 23 23. 42
25. 55 4. 73 32. 74 28. 78 28. 91 33.
95 9. 199 9. 114 23. 122 18. 127
32,4. 128 29, 34. 12913,14. 131 17.
136 21, 26. 137 14,18. 138 4, 6, 23.
141 19 5. - β 13 5. 18 35. 20 3, 5.
21 24. 27 25. 29 8, 10, 2. 34 26, 5.
42 8. 549. 7230. 7531. 80 29. 85 6.
90 12. 93 31. 95 8. 97 26, 31. 98 9,
18. 101 15, 28, 30. 102 4, 6d. — y
11 22. 13 27, 1. 28 3. 35 1, 4. 42
16, 19, 3. 47 13. 51 21. 52 7. 76 6.
82 9. 94 22. 96 23. 97 5, 6. 98 23.
100 24. 101 29. 114 7. — 3 2 25.
3 9. 9 29. 10 31. 28 12. 29 2, 8.
35 18. 36 11. 53 10. 73 7. 74 25.
76 35. 78 26. 83 37. 84 22. 93 5, 9.
101 29. 104 21. 107 2. 108 34, 12 s.

59

110 4. 120 33. 121 26. 130 30. 131
19. 133 13. — ε 4 21. 7 34, 1. 10
25. 17 12. 3913. 4215. 63 2. 6535.
72 17. 77 2. 79 24. 105 29. — ’ς
1310. 18 20. 23 5. 2411. 25 26, 28.
3123. 55 34, 34, 3. 60 30. 6131. 86 6.
95 9. 102 35. - η 3 28. 417. 913.
16 22, 27. 17 12. 20 33. 26 5. 27 25.
28 33. 3115. 36 30. 43 15. 49 31, 2.
63 18. 67 18. 70 3. 71 1. 73 13. 77
15. 78 24. 81 22. 84 16. 85 34. 86
31. 87 14. - θ 415. 5 25 d. 12 27.
23 9, 17. 24 3d. 28 34. 32 2, 10
33 23. 39 18. 42 19. 44 33. 46 2.
47 28, 29, 31. 48 28. 55 9. 56 34.
57 22. 63 32, 4. 65 20. 76 25 d. 78

13. 79 2. 80 14. 81 20, 26. 82 10.
84 20. 85 27, 2. 87 32. 9213s, 30 s.
99 32, 10.

αὐτῇ α 18 2. 29 3. 66 17. 89 17. 82
32. 199 3. 109 17. 128 34. 140 24.
- β 116. 1516. 43 26. 49 13. 604.
61 33. 77 16. 79 15. 101 34. - y
23 26, 29. 40 24. 51 24. 62 7, 18.
68 28. 72 25. 107 10. — 6 26 24.
49 2. 193 32. 119 22. 133 26. — 5
22 29. 72 17. 193 2. 195 30. — ς
19 11. 18 34. 76 32. 89 11. 191 9.
- η3 39. 30 28. 39 18. 57 16. 69 9.
- 9 22 23. 23 30. 99 13.

αὐτόν α 49 39. 43 1. 128 31. 131 9.
132 12, 16. 135 9. 136 31. 137 12.
138 20. — β 18 8. 29 39. 35 20.
51 27. 67 27. 89 17. - y 32 12.
34 21. 6216. - 9 8 3. 59 14. 8013.
122 30. 135 7. — 5 6 19. 26 1. —
ζ 54 4, 8, 13. 57 12. 58 22. 65 13.
73 10. 77 24. — η 2 29. 52 2. 86 4.
— 9 33 24. 39 33. 51 7.

αὐτὸν α 1 5. 9 25, 3. 23 28. 57 33.
61 23. 69 21. 73 29. 74 8. 80 21.
81 15. 90 19. 93 23. 121 25. 127 3.
129 19. 139 33. 131 24. 133 33, 4.
134 12, 22, 26. 136 16, 1, 2. 137 12.
145 7. - β 1218,21. 2618. 30 13.
4133. 62 7. 65 20, 29. 67 25. 71 28.
101 14. 102 33. - y 7 19. 17 30.
18 33. 19 23. 22 10. 32 15. 33 32.
34 20. 41 5. 70 25. 75 18. 82 22 d.

