124

— 3 8 27. .10 26. 16 17. 23 31. 28
23. 33 12. 97 25. 10214, 16. 106 21.

ἑσσαμένων y 58 17.

εἴσω α 134 22. - β 83 17. - ζ 44
12. 57 8. 96 22.

εἶτα α 3517.— 8 58 8. - 944 4.

εἶτ’ 8 65 11.

εἴτε β 4 4, 5. 51 17, 19. — y 11110,
10. — «5 19 4,4. 118 246, 25d. —
ε 65 34, 35. —— ζ 60 24, 25.

εἴτ’ η 1 21, 22.

αἵτε ε 79 28, 29.

ἐκα1 12. 26,10. 329. 48. 83.
9 17. 18 26, 31, 5. 20 10. 21 22, 29.
22 6. 23 33. 24 18. 25 10. 27 16.
34 6,7. 3514,23. 39 29. 49 2. 51 4.
52 24. 54 33. 58 19. 60 15. 61 30.
64 19, 31, 33. 68 25. 69 15. 72 35.
7630. 802. 816. 895,17. 902,
11 94 27.102 5103 23104 6.
105 1,11. 109 15. 110 29‚1. 111
5,10. 113 13.11429. 115 23.116
4, 7, 11. 117 19, 22. 120 31,10,11.
122 6. 12310. 124 2. 126 7. 12811,
27. 129 19. 130 32. 131 11. 133 8.
134 25. 135 8. 136 14. 137 13, 28.
139 9. 141 5. 142 32,33,10. 143 27.

β32,3,5.51,6,8. 119d. 1317,
35. 14 27. 16 5. 21 24. 22 27, 29.
23 32. 25 6, 7. 31 24. 32 10. 34 5.
35 19. 38 16. 40 24. 42 32. 44 24.
49 16, 17 d. 52 33. 53 30. 56 4, 11.
57 25. 62 2. 65 16. 69 24, 25. 75
14, 25. 76 3, 12. 79 14, 20, 22, 22.
80 9, 23, 1. 81 19, 26, 8. 83 29, 30,
7. 84 27, 17. 85 29. 8816. 89 31, 9,
21. 92 14. 93 26, 28, 3. 94 25. 96
20, 34, 6. 97 19. 98 26. 99 2, 5, 11.
100 28. 102 17. 103 13, 16.

y 2 5. 3 35, 2. 5 26, 35. 10 28. 12 9,
10. 14 18. 15 30. 18 18, 18. 19 24.
20 13. 21 27. 22 1, 16, 22, 25, 30 s.
2321. 2412. 2519. 29 8,15. 3135.
32 7. 34 15, 29. 35 34. 37 19. 38 5.
40 12, 23. 43 13. 45 32. 51 31, 33.
52 7, 17. 57 13, 20. 58 6. 59 12.
67 9, 25. 68 22. 69 11. 70 14, 29.
73 29. 75 11, 21, 28. 76 3, 3. 79 36,
37. 81 30, 1. 82 22, 33 d. 83 22. 87

ἑσσαμένων - ἐκ

21. 88 31. 90 3. 91 18, 21. 92 12,
21. 98 4. 102 13,16. 103 8. 104 35,
7. 106 14. 10734. 108 22. 109 7,13.
110 26, 27. 112 15. 11311.115 28.
116 15.

ὁ 7 11. 8 16. 9 33, 6. 10 22,2. 1120.
1211,13. 13 23, 25. 14 17. 16 20.
17 31,10. 19 2. 22 34. 2312. 2420,
35. 2510, 1. 267. 2826. 301. 31
21. 3229, 8. 3317. 35 31. 363.
38 1, 3. 39 28. 40 37. 41 10. 42 3.
44 15, 23. 45 27. 46 4, 6. 48 17, 18,
26. 50 9. 51 22. 52 29. 53 17, 22.
55 32. 56 8. 57 33. 61 36. 63 30.
651. 6614‚30. 67 8, 13,18. 69 30,4.
74 3, 12. 75 26. 76 2, 7, 14. 77 30.
78 18, 4. 79 14, 20, 23. 8012. 8123.
8311,17. 8712. 8922. 90341
91 21. 92 30. 94 26. 96 32,10, 10.
9716,29. 98 7, 19. 99 23, 29. 100
35, 8. 102 19, 24. 103 3.104 25.
105 5. 106 21. 10813s. 114 20. 115
10. 117 18. 120 26. 122 35. 125 34.
129 25, 36, 11. 131 22. 132 30, 8.
133 22, 24.

ε1 15. 2 29. 4 2, 10,14. 5 27. 6 6.
9 16. 10 26 d, 30d. 1110. 14 32,11.
15 24. 16 36, 11, 21, 24. 17 6. 20
21. 24 33. 25 10. 27 12. 34 3. 35
26, 5, 6. 37 10, 14. 38 1. 40 5, 14.
42 9. 43 1. 46 10. 53 10. 55 4. 56
26, 28. 57 8. 59 5,14. 61 1,7. 63 3.
64 5. 67 18. 68 29. 69 21. 72 20.
76 13. 78 9. 80 7. 81 24. 82 9, 26.
83 32, 34. 87 18. 104 15. 105 31.
112 31, 37, 3. 113 7. 115 24. 116 9.

ζ 3 9, 11, 12, 15. 4 20,25, 29, 32, 34,
34. 5 26. 718. 8 32. 9 25. 10 7,10.
12 4. 1633. 17 33. 18 5. 2013. 216.
22 10, 16. 25 31, 35. 29 16. 30 33.
31 19, 36 ‹1,2s. 32 15. 34 20. 36 6.
37 31, 32. 38 25. 40 19, 20. 41 4.
43 17, 25. 44 4, 21. 46 33, 14, 19.
50 4. 51 32. 53 14. 55 3. 56 32. 59
27. 61 3, 6, 10 s. 64 18, 21, 33. 66 6.
70 30. 719, 10. 7315. 7422. 7516.
78 18. 8410. 87 19. 88 13, 34 s, 16.
89 17. 90 22. 92 13. 93 3, 8, 9. 94
16, 32. 97 33, 8, 11.- 99 12, 27, 29.

