61 28, 29, 31, 32, 33, 35, 36, 36, 1,
3, 4, 4, 5, 7, 9, 10, 11, 12. 62 15,
16, 17, 17, 21. 63 27, 28, 29,31,35.
64 6, 7, 8, 9, 10, 15, 17, 18,18, 19,
19, 21, 21, 25. 65 26, 27, 28, 29, 29,
34, 35, 1, 4, 7, 7, 8,9,12,13,16,19.
66 22, 26, 29, 33, 35, 1, 2, 4. 67 8,
10, 11, 12, 13, 19, 19,20, 22. 68 23,
33, 2. 69 4, 7, 7, 10, 11, 12,13,14,
16, 16, 18, 19. 70 23,24,24, 25,27.
71 31, 32, 1, 2, 5, 5, 7,9, 10, 14,14,
16. 72 18, 19, 19, 21,22, 28, 29,29,
30, 31, 32, 32, 33, 34, 35, 36, 1, 2,
2, 2, 5, 5. 73 7, 8, 8, 9, 10, 12, 14,
15, 17, 18, 19, 20, 21, 23,24,25,26,
28, 30. 74 30, 31, 32, 35, 35, 36, 1,
2, 2, 3, 4, 6. 75 9, 10, 11, 12, 13,
14, 14, 16, 18, 18,
29, 31, 33. 76 36, 2, 3, 6, 6, 7, 11,

11, 13. 77 18, 18, 20, 20, 22, 23, 23,

24, 28, 28, 3, 3. 78 8,11, 12, 13,14.
79 15, 16, 17, 19, 19, 21, 23, 23,24,
26. 80 3, 4, 6, 8, 9, 9, 10, 11, 13,
13, 14, 15, 16, 20,22. 81 25, 27,27,
28, 28, 31,31‚32, 33,34,34. 82 1,3,
4, 6, 7, 10, 13, 14,15,16,17,19,20,
24, 25, 26, 26, 26, 26, 27, 27. 83 31,
32, 34, 1, 1, 2, 3, 4, 5, 7, 9, 9, 11,
12, 14, 14, 14. 84 18, 19,20,22,23⁷
23, 24, 24, 25, 32, 35. 85 3, 6, 8.

86 12, 14, 15. 87 18. 88 21, 22, 22,

23, 24. 89 35. 90 5, 6, 6. 919, 11,
14, 16. 92 20, 21. 96 32, 33. 97 3,
3, 5, 5. 98 8, 10,11, 14. 99 20, 23.
100 25, 27. 102 35, 36. 103 4, 6,
10, 10. 104 12, 13, 18, 19, 19. 105
27, 28, 29, 29, 31, 2. 106 8. 107 14.
108 17, 18. 109 24, 26. 110 29, 32,
32, 33, 34, 1. 111 3, 4, 4, 13, 18,

20, 23, 23,27,27,29,29. 112 31,33,

34, 37, 1, 3. 113 10, 11, 11, 12, 12.

114 13, 15, 16, 17, 18, 18. 115 21,

22, 23, 24, 25, 28, 30, 32, 32,33,34‚
35. 116 4, 6, 6, 9, 11, 12, 15.

ζ 1 18, 21, 21, 22,22,25. 2 27, 29, 2,

4, 5, 7, 8, 11, 13, 14, 18, 19, 20,20,
24, 25, 26, 28 d, 28 d, 29 d, 31 d, 1s,

1s, 3s,5s. 3 7,14,15, 17. 419,21,

22, 23, 24, 26, 27,

21, 23, 24, 26, 28,

28, 28, 30, 32, 34,

καὶ

203

1,2, 4, 6, 9,12,12,13, 14, 19 (1. 5 21,
23, 24, 25, 25, 26, 28, 28, 30, 32, 34,
34, 1, 6. 6 9, 10, 13, 15, 17,18,19,
20, 21, 24, 25, 29, 30, 32, 35, 3, 3.
7 5, 7, 8, 9, 10, 11, 12, 15, 18, 20,
22, 23, 28, 28, 28. 8 32, 35, 1, 1, 2,
2, 4, 5, 6, 6, 8, 9, 13, 14, 16, 18. 9
21, 22, 25, 25, 27, 28, 29, 32, 34,35.
10 3, 4, 7, 10, 13, 14, 15, 17, 20,21,
24. 11 29, 29, 31, 1, 2, 8,11‚14‚ 16,
18, 22, 23, 24. 12 27, 28, 29, 29,30‚
31, 33, 2, 4, 7, 8, 9. 13 11, 17, 20,
21, 23, 24, 24. 14 27, 28, 29, 33.
15 1, 2, 4, 5, 6, 6, 7, 8, 8,11, 12,15,
17, 19. 16 22, 24, 25, 26, 27, 31, 31,
31, 33, 34, 36, 36, 2, 3, 6, 8,10,12,
12, 14, 15, 18, 20, 21. 17 21, 22,
23, 24, 26, 27, 29, 30, 31, 2, 5, 6, 11,
13, 16, 18, 20. 18 25, 26, 30, 30, 36,
36,5,6,10,11,13,13,14,15,16,
16, 17, 19,20,21,22, 23 d, 236 246,
266, 266, 286, 316, 326, 326. 19
35, 35, 1, 3. 2ο12,17,18,2ο,21,21,
22, 24, 25, 27, 27. 2128,29,30,
32, 3, 4. 22 9, 9, 10, 12, 12, 13,
14, 15, 16, 20, 23. 23 26, 27, 28,
3. 24 11, 12, 12, 13,16, 17, 18,
19, 21. 25 23, 23, 27, 31,32, 34,35,
35, 35, 1. 26 3, 4, 5, 6, 7, 8, 9, 11.
27 14, 14, 16, 17, 18, 19, 19,20,20,
21, 22. 28 24, 26, 26, 27, 28, 30, 31,
32, 33. 29 2, 3, 4, 5, 7, 12, 13, 14,
18. 30 21, 21, 22, 25, 27, 28,28, 30,
31. 31 33, 1, 2, 4, 5, 5, 6, 8, 8, 9,
9, 9, 11, 12, 13, 13, 14, 16, 18, 20,
21, 21, 22, 24, 25, 25, 28, 29, 31,
33 d, 34d, 35 d, 36 d, 18, 38, 48, 58,
6s. 32 8,13,13,14,15,16,17,17,
19, 19, 24, 27, 29. 33 30, 31, 33, 3,

22,
31,
14,
31,

9 9 7 5

3430, 31, 33, 35, 7, 8,9, 9,’,'10 16,
16, 19, 2⁷3, 24, 27, 30 s, 31 s, 35 s,
1d, 36, 46,76, 8d, 176, 216,216,
22 d. 35 23, 26, 28, 29, 31. 36 34,
1, 5, 10,12,15. 37 19,24,29,32‚ 32.
38 2, 4, 6, 7, 8, 10, 12, 17, 18, 19,
21, 23, 23, 27. 39 30, 34, 35, 35, 1,
2, 3. 4ο 8, 8. 10, 10, 11, 12,13,14,
16, 19. 41 27, 28, 30,30‚ 30, 31, 32,

