ἔχοιεν - εἶχον

ἔχοιεν y 22 24. - 6 33 3. — ε 110 29.

ἐχέτω ε 47 20 d.

ἔχειν α 28 13. 29 6. 35 33. 37 32.
39 9. 42 33. 57 14. 70 30 d. 76 26.
32 2, 5. 84 3. 91 34, 14,19. 105 5.
121 7. 136 16. 140 2. 143 25, 1. -
β 10 29. 13 20. 27 30. 35 3. 43 15.
76 15. 39 24. - y 13 32. 45 3. 65
14. [34 32]. — 613 22. 20 21. 62
10,19. 716. 73 4. 35 14. 93 7.1051.
126 20. — ε118.1219.17 9,11.
32 32. 40 16. 41 35, 37. — ζ 16 5.
22 22. 61 12. 63 4, 3. 76 32. 33 34.
100 31. — η 21 14. 27 29. 43 25.
71 22. 77 9. - 9 9 3. 118. 3726.
46 23. 43 3. 51 33. 53 23. 63 32.
36 10. 91 7.

ἔχων α 9 18. 65 34,11. 39 10. 13510.
136 2. 137 31. - β 25 31. 29 27.
37 1. 6012. 6513. 30 31. 39 20. —
y 7 26. 90 35. 95 4. 107 32, 12.
112 22. 11510. — 6 28 23,29. 30 3.
70 22. 77 31. 34 22. 39 19. 95 3.
101 30. 102 6. 109 13. 125 13. 127
25. 129 6. — ε 2 24. 6 26. 7 14.
9 23. 46 7. 75 10.105 3. — ζ 31 2s.
54 24. 5824. 61 1. 7831. — η 812.
11 29. 43 22. 50 11. 53 10. 70 31.
— 9 5 5,10.13 6. 19 3. 33 12. 41
10. 55 23. 61 26. 92 1.

ἔχουσα α 42 29. - β 11 14. 15 36.
87 24. - y 42 29. 4511. — 670 21.
126 7.

ἔχουσά η 75 22 S.

ἔχον α 36 2. 93 4. — β 13 26. 3716.
- y 2121. 6323. 325s.— 6123.
1ο83.-ζ592.-9382.928.

ἔχοντος α 90 1. - y 44 34. - ε 20
31. - ζ 2 22. — 9104 21.

ἔχοντός α 5 17.

ἐχούσης ζ 90 20.

ἔχοντι α 62 12. - β 43 7. 62 11. -
6 59 32.

ἐχούσῃ β 65 28 d. — ζ 85 17.

ἔχοντα α 90 25. 199 7. 132 23. - y
2634. 5511. -— 610013. - ε 82 2.
-η 26 6. 5230. 59 9. -9 2311.
30 20.

ἔχουσαν α 44 22. — β 64 30. —- y

173

317.133.1014.— 6315.—s
44 19. 104 18. — η 25 12.

ἔχοντες α 2 21. 6 12. 8 9. 11 17. 19
28. 26 27. 49 11. 54 25. 82 34. 111
13. 12124. 141 5. 144 23.- ,8419
9 4. 119. 19 26. 37 5. 52 3. 65 23,
29. 76 26. 31 25, 30. 36 30. 39 11.
- y 5 32. 11 10. 13 13. 23 20. 24
33. 39 29. 47 35. 52 2. 72 13. 79 3.
106 17. 107 17. 113 1. - 6 4 17.
13 12. 21 7. 23 2. 25 21. 32 3. 33
27. 34 16. 44 20. 60 1. 65 30. 113
23 d. 126 5. — ε 14 35. 29 22. 31
12, 13. 47 3s. 56 31. 53 13. 60 16.
62 13. 67 7,13, 22. 77 4. 79 20, 25.
- ζ 2 276. 1717. 32 9. 34 32 s.
37 29. 50 11. 57 2. 71 7. 77 3.
3211. 101 10. — η 14 22. 42 7.-
9 5 29. 3 9. 1017,22. 24 4. 2711.
30 4. 60 12. 61 9. 65 11. 76 9. 31
14. 39 24. 91 2. 101 18.

ἔχοντές β 49 11. - y 44 29. 64 23.

ἔχουσαι α 7 20. — β 162 30. - ζ
44 35.

ἐχόντων α 25 24. 89 13. 94 32. 93 13.
103 30. 107 1. 113 6. — β 53 22.
- y 1125. 3020. 62 23. 3219,25d.
— 6 441.12ο7.12414.-ζ886.
- η 36 911- 9 432. 535. 6011.
76 2. 91 29.

ἐχουσῶν 6 26 28. 115 11. - η 34 1.

ἐχούσαις η 55 12.

ἔχοντας α 19 3. 74 27. 95 17. — β
62 30. 70 15. 71 3. — y 43 18. -
6 22 25. 40 34. 55 12. 110 7. 114
21. 113 33, 9. 129 26. - ε 13 30.
13 4. 31 13. 34 6. 47 8.111 22. —
ζ 31 336. 39 29. - η 18 27. 32 7.
63 20. — 9 3 15. 46 4. 74 30.

ἔχοντάς 6 27 27. — ζ 56 32.

ἐχούσας η 36 17.

εἶχον α 5 11. 13 27. 14 26. 15 33.
30 10. 43 6,10. 52 27. 55 8. 68 26.
91 26. 10014. 111 15. 115 7. 126
14. 123 27. 132 24. — β 31. 2113,
4. 23 6. 46 3. 51 30. 59 16. 79 20.
93 15. 101 23. — y 1 23. 25 29.
32 20. 34 15. 72 23. 92 3. 103 5.
— 6 31.14 26. 35 27. 33 8. 52 2.

