προειδότος- πρὸς 383

προειδότος α 20 12.
προειδότας ζ 56 31.
προῄδει β 17 21.
προοιμίου y 104 35, 7.
προορᾶν δ 3413. - η 44 33.
πρεοώρα α 138 16.
προορᾶσθαι ζ 78 15.
προορώμενοι α 17 17.
προορωμένοις ε 111 15.
προώρμισε η 3810.
προυφειλομένης α 3211.
προόψεως δ 29 22.
προόψεώς ε 8 27.
πρόοψιν β 89 20.
προπαρεβοέλοντο η 5 8.
προπαρεσκεύαζε β 8814.
προπαρεσκευάζοντο ιι 57 28.
προπαρεσκευασμένους α 68 25.
προπαθεῖν y 82 23 d.
προπαθόντες y 67 22.
προπείσεται ζ 38 20.
πρόπειραν γ 8610.
προπέμπει δ 111 15. - η 313.
προπέμποντες ζ 30 29.
προύπεμπον ε 76 36.
προέπεμψαν α 29 29.
προύπεμψαν ζ 42 13. 50 12.
προπέμψας δ 30 2.
προπέμψαντος δ 78 13.
προπέμψαντες α 29 19. — y 100 15.
— η 60 18.
προπέπεμπται η 77 6.
προυπέπεμπτο θ 79 2.
προυπηλοὲκισενζῧθ 19.
προπηλακιιῦν ζ 54 13.
προπλεούσῃ δ 120 31.
πρόπλοι ζ 46 33.
πρόπλους ζ 44 21.
προποιῆσαι y 13 24.
προπύλαια β 13 28.
προπυθόμενος η 32 6.
προπυθόμενοι δ 42 2.
προειρημένου δ 130 2.
προειρημένης θ 102 7.
προειρημένα α 118 30.
προείρητο β 84 23. —- ε 31 29, 15. —
θ’ 69 21.

πρόρρησιν α 49 25.
πρός α1815. 3219. 59 3. 9512.

97 2118 33. - β1127, 28. 64 2.
101 12. - y 21 16. 28 26. 54 13.
65 3. — δ 25 5. 54 35. 92 5. 95 36.
- ε 2715. 60 21. - ζ31 27. 3313.
42 11. 44 6,15. 75 33. 79 21. 89 21.
102 6. 103 33. - η 18 27. 27 15.
47 24. 65 26. - θ 70 8. 85 23. 92
10 d.

πρὸς α 12,7. 513. 68. 7 23. 10

14, 4. 11 13. 13 24. 15 2, 5. 1614.
17 21. 18 6, 21, 22. 31 28, 5. 34 4.
36 3, 12, 20. 37 32. 38 12. 41 3, 8.
42 26. 44 17, 20. 50 11, 18, 20, 22.
57 27, 33, 2. 58 30. 61 22, 28, 33.
62 6, 22. 65 9. 68 11, 28. 69 5, 20,
22. 70 1, 10, 11, 19. 71 5, 8,15, 17,
17, 22. 72 1,.1. 73 24, 30. 75 33, 8.
77 32, 2, 5, 20. 80 22, 24, 30. 83 16.
84 6. 85 17. 86 29, 30,10. 90 9,18.
91 8. 93 12, 23. 95 36. 96 27. 97 3.
98 17. 100 3. 10126. 102 32,18‚19.
103 22. 104 6, 13. 105 17,21,35,4.
115 4. 116 1. 122 17,21,22. 12619.
1274. 128 22. 130 6. 131 13. 132 20.
133 4. 134 16. 140 25. 141 8, 9.
142 5.

,6³3 25,1. 510d. 6 14. 7 5. 921.13

12 d, 15 d. 15 4,15,17. 17 26. 2012.
22 8, 18. 25 34. 29 25. 35 27. 36 11.
37 30, 2, 3. 40 12. 43 17. 45 1. 47
30. 51 2, 9, 13. 52 32. 53 23. 5413.
55 29, 30. 56 9. 59 18, 22, 25. 61
31. 62 23. 64 15. 65 22, 18, 19 d,
24 d, 30 d. 68 26, 18. 71 28. 72 3.
73 24. 75 12. 76 9, 14. 77 32, 12.
79 15, 26. 81 22. 82 28. 83 34, 3,τ.
84 26, 2. 86 32. 87 25, 27, 28, 30.
88 19. 89 17, 46. 90 22, 29. 91 19.
92 28, 6, 9. 93 26, 6. 94 30. 96 25,
2, 3, 4, 5. 97 15, 5. 99 5. 100 6,11.
101 18, 22.

4 22. 6 9. 9 14. 10 29. 11 12, 26.
13 16. 15 30. 20 7. 22 3, 5, 6,14, 24,
28. 24 2, 6. 25 88. 27 15, 22. 2833.
37 1, 6, 15. 38 29. 39 32, 6, 29 s,
33 s. 40 7, 8, 13, 15, 35. 42 2. 43
15, 18, 21. 44 32, 2, 4. 46 17, 24.
48 20. 49 24. 52 8. 53 7, 9. 54 16,
22. 55 36. 56 28, 31. 57 8. 58 14.

