τάχους-τε 413

τάχους α 6310. — β 1811. 85 3. 69 30, 32, 2, 15. 70 31, 4, 8, 8, 9,
90 24. — y 184. 109 23, — (525 7. 13, 22, 27. 71 2,12,14. 72 33, 4.
29 3. 85 36. 106 29. -- ζ 69 31. 73 15, 25. 74 3, 18, 21, 23. 75 6.

792. 9710. 98 32. 104 6. - η 219.
22 6. 29 26. — θ 2 13. 12 33. 15
12. 102 4.

τάχει α 7913. 86 4. 90 22. — β 86 2.
10132. —- y 29 6. — 610618. 1231.
-ε574, 645. - ζ337. 916.
92 33. 98 33. —— θ 95 23.

ταχυναυτεῖν ζ 31 24.

ταχυναυτοῦντι ζ 34 25.

ταχεῖα β 4 28.

ταχὺ α 81 14. 8312. — β 77 6. —
y4613.— «569 30,5.—-g17 4.
96 30. — θ 15 27. 24 28.

ταχέος ὃ 55 20.

ταχείας β 53 22.—- 644 7. — ζ 31 17.

ταχεῖζ 45 31.

ταχεῖαν α 23 21. 70 23. — ζ 10 8.

ταχεῖς α 118 5. 132 17.

ταχεῖαι ε 66 2. — ζ 43 21. —— η 4 26.

ταχέων α 80 23. - y 13 26. — δ 8
33. 96 15. 125 16. - ζ 66 4. - θ
101 16, 25.

τε α 14, 5. 2 16, 20, 23, 1, 2, 2, 3.
3 21, 34. 4 5, 7. 5 10, 19, 26, 27.
6 30, 35, 3, 10. 7 22, 25, 26. 8 29,
34, 8, 9. 9 17, 24, 29, 32, 35. 10 10,
12, 16, 1. 11 9, 10, 22, 23. 12 28,
29, 32, 4, 5,-9. 13 15, 23, 28, 30,
1,6,9,11s. 14 16,18,23. 15 29,31.
16 10. 17 18, 20, 24. 18 26, 9, 14,
15,16. 19 30. 20 17. 22 1, 8,14,17.
23 22, 22, 29, 30, 32, 34. 24 28, 31.
12. 27 30. 282, 11. 29 22, 25, 29,
31, 32. 30 16, 22, 24, 25. 31 30. 32
19, 21. 33 8. 34 5, 6. 3513,16, 28.
36 9, 9, 12, 14, 19. 37 25, 27, 31.
38 13, 17, 25. 39 30, 5. 40 10. 41
10, 15, 16. 42 22. 43 5, 8. 44 24,
25. 45 31. 46 22. 48 35. 49 13, 14,
17, 30, 32. 50 12. 51 12. 52 18,24,
56 23, 25, 26. 57 29, 30, 1, 1,13, 13.
58 19, 27, 31. 59 3. 60 11, 15. 62
27, 29. 63 4. 64 21. 65 8, 9. 66 17,
19. 67 24, 25, 27, 28, 32, 1, 3. 6826.

76 18, 22, 26. 77 12, 22. 78 29, 30.
79 7, 12. 80 24, 24, 26. 81 12. 82
19, 23, 32, 9. 83 15. 84 21, 25, 27,
30, 4, 9. 85 12, 19. 87 22. 89 20.
90 27, 29, 3, 4. 91 25, 33, 2, 8, 9.
92 25. 93 31, 3, 16, 21. 95 34, 36,
3, 4, 9, 9. 96 26, 33. 97 1, 3, 10.
98 20. 99 23, 29. 100 6. 101 23, 29,
30, 31. 102 33. 103 22. 104 10, 12.
105 32, 1, 12. 106 18. 107 23, 30,
2, 7. 108 23, 27, 28, 29. 10913,18.
110 25,32. 112 25. 11313. 115 20,
26. 117 14, 25. 118 30, 33, 2,4, 13.
119 20. 120 13, 15. 121 28, 29, 1.
122 14, 15, 22. 123 12, 15, 17. 124
24. 126 25, 30, 33, 2, 7, 14, 24d,
27 11. 128 32, 3, 3. 129 8,10, 16.
130 32, 1, 4. 131 8, 13. 132 27, 30,
32, 12. 133 32, 3. 134 20, 23, 25, 29.
135 9. 136 25, 1. 13715,18,19.
138 34, 5,11, 14, 15. 139 34,36, 10,
16, 20. 140 24, 34, 6. 141 24, 28, 33,
3, 6, 11, 15. 142 26,30. 143 12,15,
16, 19, 24, 3, 6. 144 13, 31, 34,1,3.
145 9.

β 1 22. 2 1, 5, 6, 11,17. 3 23,27,34,
7. 4 9, 11, 13, 14, 24, 6. 5 17, 31.
6 11, 16, 22, 27, 27. 7 33, 3,11.
23, 27, 28, 33, 5d, 8d. 12 22, 24.
131, 16, 18, 20, 23, 28, 31, 32, 4d,
911, 1111, 1411. 14 26. 15 36, 6, 7,
26, 28 16 31, 1, 2, 4, 6. 17 8,10,
12,14,25‚27. 18 33, 1, 2, 6, 6. 19
17, 29, 29. 20 31, 33, 10. 2130, 32,
33, 1, 3, 6. 22 16, 12, 17. 23 3. 24
19. 25 27, 2, 14. 26 21, 22. 27 26,
33. 29 27, 30, 31, 33, 1, 5. 30 9, 14.
31 26. 33 15, 23. 34 9. 35 24, 26,
28, 28, 4. 36 10, 20, 23. 37 2,8, 10.
39 20, 30, 33, 34, 3. 40 5, 8, 11, 13,
19, 22. 41 31, 31, 10, 16, 17. 42 21,
28. 4414,21,22,23,26. 45 5. 4612.
47 30, 32. 48 12, 15. 49 22, 27, 30,
2, 5, 13, 23 d. 50 24. 51 7, 9,12‚

25, 26, 28. 52 6, 10. 53 17, 23, 27.

