86

84 22, 24, 26, 29. 85 34, 2, 8. 86
23, 30, 4, 9. 87 19, 21, 26, 30. 88 3.
89 23, 26. 90 28, 34, 5, 11. 91 14.
92 2, 4, 10, 13, 19, 21, 28 s, 32 s.
93 2, 5, 11, 15, 16, 17, 18, 19, 21,
21. 94 23, 25, 26, 27, 31. 95 36, 1,6.
96 13, 16, 19, 29, 4, 4, 5, 6, 8. 97
16, 23. 98 36, 20. 99 22, 24, 29, 31.
100 8, 12, 17,17,18. 101 20, 24, 26,
27, 28, 36, 36, 1, 3. 1028, 11, 19.
103 29,32, 34, 35', ι, 10 104 13,15,
20, 28, 33. 105 34,10. 106 11,13‚

4,9. 111 14,15,19. 112 32, 3. 113
4, 6, 7, 10, 11, 14. 114 16, 20, 22,
23, 24, 24, 33, 3. 6. 115 10, 20, 23.
116 31. 117 5, 10. 118 25, 26, 2, 4,
6,14, 16, 19, 2861, 2911, 18, 58, 88.
119 13,16,17,18, 19, 20. 120 24,
26, 31, 1, 3. 121 20, 21. 122 28, 31,
32, 34, 35, 1, 4, 8, 9, 12. 123 18, 29.
124 3, 6, 8, 12, 15, 17, 21, 22, 27.
125 34, 3, 7. 126 21, 36, 1, 4, 8,13.
127 22, 28. 128 37, 12, 19, 22, 24.
129 25, 28, 32, 35, 36, 3, 10. 130 21,
25, 26, 36, 4, 14. 131 16. 132 27,
33, 11. 133 13, 15, 22, 23. 134 28,
29,1. 135 3.

222,2525,,.,,,,236131718
19, 21, 23, 24,5 28, 29. 434„,46
19, 20. 525. 65„,81314,20. 7
28, 31, 5. 8 16, 23, 1. 9 6, 13, 25,
58. 10 13, 20, 31, 13 d, 13 d, 17 d,
,21 d, 2611, 28 d. 11 31, 6, 9, 11, 12,
13. 12 20. 13 24, 28. 14 33 10, 15.
17 33, 16. 18 28, 31, 1, 2, 4, 5, 8,
11, 13, 15, 16, 26 8, 28 8, 31s, 33 8,
1 d, 2 d, 3 d. 19 9,10, 12,16. 20 30,
32. 21 9, 16. 22 17, 23. 23 1, 4, 8,
10, 12, 14, 15, 17, 18,19. 24 23, 27,
35. 25 1, 5, 12. 26 16, 20, 1. 27 14,
23, 26. 28 28, 33, 7. 2918. 30 31,
5, 7, 11, 20, 23, 25. 31 26, 6, 9, 15,
17. 3222, 24,25, 32‚36,7‚9, 10,
16. 3317, 21, 25, 29. 347, 8. 35
13, 28, 32„33 36„.23371‚8,.14

38 23, 30, 6, 8. 39 15, 21, 24, 26.
40 32. 41 21, 31, 33. 42 3, 16. 43
28, 29. 44 10, 16, 22, 23. 45 34, 4,
14. 46 22, 25, 5. 47 18, 29, 32, 34,
3, 6, 8,12, 15 d, 19 d, 23 d, 24d, 26 d,
27 d, 30 d, 31 d, 32 d, 33 d, 33 d, 2s,
2s‚4s, 58, 78, 98, 12 8, 13 8, 148. 48
21, 27. 49 1, 3, 6, 10, 14, 15. 50 19,
22, 24, 25, 27, 3. 51 17. 52 23, 1.
53 6, 7. 54 13, 17, 25, 27. 55 4, 7,
9, 12. 56 23, 25, 27, 29. 57 6, 12, 13.
58 14, 23, 28,· 29, 33. 59 4, 7, 12,
13, 15, 16, 17, 23. 60 3, 10, 18, 25.
61 27, 3, 8. 62 13, 16, 19. 63 23,
28, 32, 34, 35. 64 10, 12, 13, 18, 23,
23. 65 4, 17, 18, 19. 66 34, 34. 67
5, 11. 68 23, 25, 32, 35, 1, 2. 69 4,
8, 9, 13, 18. 70 25. 71 5, 7, 8, 12.
73 6, 11, 20, 25, 29. 74 33, 2, 3, 5,
6, 7. 75 9, 12, 20, 21, 76 1, 5, 15.
77 26, 27, 27, 5. 78 9. 79 17, 21, 1.
80 5, 13, 16, 19. 81 24. 82 7, 7, 9,
12, 17, 18, 24. 83 32, 35, 4, 7. 84
22, 22, 24, 25, 35, 36. 86 9, 11, 16.
89 34. 91 9, 12, 15. 93 23. 94‘25,
26. 95 29. 97 2, 2. 98 15. 101 31.
102 36. 103 1. 104 14, 16. 105 28,
32, 3, 5. 106 8, 11. 107 14. 108 20.
110 29, 30. 111 6, 25, 26. 112 32,
2, 3. 113 6, 9. 114 14, 19. 115 27,
30. 116 13, 14, 15.

ζ 2 27, 1, 2, 5, 8, 9, 13, 19, 20, 23,

28 6, 29 6, 32 6. 3 6, 10, 13, 15, 18.
4 19, 30, 33, 3, 5, 5, 8, 9, 10, 12,
15, 15, 17. 5 20, 26, 29, 30, 1, 2.
6 12. 7 6, 14, 17, 25. 8 8, 11, 15.
9 30, 35. 10 14, 25. 11 11, 12. 19.
12 4, 6, 7. 13 16, 22. 14 32. 15 36,
3. 1626, 31, 33‚36,7‚ 10,11 17
33, 21s. 18 3, 14, 18, 236, 276.
22 14, 21, 22. 23 27, 32, 33, 2. 24 9,
1ο,17. 25 26, 32, 34. 27 12, 13. 28 25.
2915. 30 19,27,30,30. 31 36, 37, 5,
11, 17, 24, 27, 33 6. 32 8,10,11, 15,
16, 22, 26. 33 34, 4, 5. 34 31, 8, 11,
13, 21, 23, 27, 28, 166, 216. 35 23,
28. 36 2, 7, 7. 37 16, 18, 34. 38 7,
10, 12, 15, 21, 21, 25. 39 31, 36.

