334

77 29, 13. 81 21s 94 31. 102 26.
-γ1ο8.122. 1725. 2119. 22
32s. 36 22. 4021. 44 27, 31. 4519.
4730, 9. 5135. 5714. 629. 716.
89 24. 90 6. 96 23. 103 10. 113 31.
116 14,18. — 6127. 3 8. 9 15.
19 14. 24 34. 25 10, 16, 18 s. 27 10.
29 11. 40 31. 48 28. 52 33. 64 13.
68 19. 70 21. 71 36. 73 33. 83 19.
102 9,17. 107 30.114 30.120 28.
12216.12422.— ε 117. 6 15. 10
32. 16 11. 26 20, 34. 29 20, 25. 30
19. 35 12, 8. 42 14. 47 17 s. 49 12.
60 8. 6127. 6213. 71 31,12. 72 20.
78 9. 83 4. 85 4. 87 20. 90 6. 106 8.
— ζ 2 22. 8 11. 36 6. 40 8. 4419.
50 35. 51 32. 54 12. 55 6. 59 29.
6719. 7017 7719 83 21, 2. 85 20.
892. 9716. 10315. -η21, 4.
317. 714. 829. 117,9. 1330
182. 2523. 3110. 341. 365. 37
22. 435. 4616. 4813, 2. 4922
50 7s. 51 9. 54 30. 60 23. 62 6. 63
16. 65 27. 67 8. 68 22. 70 4. 75 22,
27 s, 28 s. 77 1. 79 32. 85 1. 86 32,
6. 87 27. - 911 12. 12 29. 19 1,
16. 24 14, 20. 27 26, 16. 32 32. 35
22. 3719. 3814. 39 2. 42 34. 45 28.
48 7, 31. 50 23. 52 9. 53 10, 16.
62 11. 66 25, 7. 67 26. 6812. 6921.
71 33. 73 4. 75 7. 80 14. 83 27. 86
24. 89 3. 91 19. 92 8, 11 d. 94 5.
97 4. 103 17. 104 31. 108 3. 109 7.
τοῦτο’ β 86 24. - 6 12 10. 61 32. —
ζ 46 37.

τοῦτ’ α 84 25. 132 9. - β 76 13.-
γ6218.-6986.-ζ1433.
τούτου α 517. 2321. 71 4. 74 34,17.
80 1. 102 4. 126 23 d. 143 33. - β
11 18. 13 19 d. 15 14. 25 2. 31 19.
32 5. 60 29, 14. 68 7. 73 15. 78 21.
91 15. 95 3. 98 22. - y 7 19. 45
14, 20. 46 29. 52 1. 59 6. 67 4. —
δ 30 28. 41 8. 42 35. 63 26. 66 19,
33. 78 7. 114 34. 126 11. 128 20.
135 5. — ε 32 22, 34. 37 5. 43 6.
4633. 48 21,23. 4930. 7317. 9114.

τοῦτὸ - τοῦτον

ταύτης α 71 31. 102 5. 138. 23. —- β

10 2. 6128. -ι- y 26 2. 49 2. 88 32.
93 25. 114 8. — δ 12 7,11. -—- ε
41 30. - 712. 75 21. — ζ 18 34.
97 31. - η 40 8. 4729. -- θ 4319.
82 8. 102 4.

τούτῳ α 8 11. 37 4. 42 31. 60 8. 81

11. 82 22. 93 27. 95 5. 96 25. 117
12. 126 18. 132 9. - β 2 21. 8 32.
17 28. 18 10. 25 12. 27 25. 32 9.
47 16. 65 2. 80 9(1. 86 14. 89 25s.
— γ 4 20. 23 4, 11, 19. 27 13. 45
12. 62 5. 72 17. 761. 80 10. 105 35.
111 33. —- δ 3 34. 13 23. 14 13.
18 24. 20 27, 33. 24 17. 25 2, 25,31.
44 6. 48 5. 55 25. 57 26. 7911. 88
12. 98 34. 100 16. 105 33. 116 29.
118 20, 28. 120 3. 122 28. 123 18.
124 3. 125 30. -— ε 10 28. 35 4. 38
23. 39 13. 42 3. 64 4. 66 28. 73 18.
75 19, 31. 82 18. 98 14. -ζ 12 5.
27 12. 34 33 S. 45 24. 5410. 55 34.
60 7. 62 21. 66 29. 69 21. 72 32.
84 7. 87 7. 99 19. 101 30. 102 28.
104 4. —— η 7 28. 18 13. 20 21. 23
13, 25. 27 26,33. 30 27. 33 12. 36 3.
41 25. 426. 47 24. 49 5. 50 7. 78 6.
816. 8511. — θ 3 29. 415. 526,
31. 1011. 1616. 26 3. 2718. 34 30.
41 27. 55 22. 63 26. 67 17. 70 29.
87 28. 96 13, 16. 98 24. 101 13.
107 6.

ταύτῃ α 5 27. 9 6. 12 3. 13 24. 4731.

49 31. 78 6. 107 4. - β 4 23. 15
10, 23, 29. 23 5. 29 22. 57 26. 76 2.
80 22. 90 14. 91 2. 96 26. 97 17, 3.
102 2. -γ 75 26. 93 31. 94 25. 96 22.
101 33. 102 24. 108 27. - δ 9 11.
31 16. 35 24. 44 4. 78 4. 82 33. 96
23, 28. 106 26. 115 24. 12914. 130
27. - ε 17 29. 18 7d. 72 34. 73 6.
84 31. —- ζ 10 11. 1613. 69 26. 72
17. 77 18. 10127. 104 21. - η 1 9.
4 11. 52 25. 53 12. 75 13. 78 28.
80 19, 33, 5. 81 3. 82 19. - 9 31.
8 24. 24 12. 25 30. 79 27. 94 9, 12.
98 9. 101 26, 29.

— ζ 9 21. 105 29. - η 214. —- θ τοῦτον α 35 33. 43 4. 58 24. 110 25.

29 27. 3110. 68 7. 9012. 913. 99 27.

-- β 2618. 847. - y 1717. 3133.

