μὲν

21, 24. 129 27, 31, 6, 14. 130 17, 23,
36, 3, 10. 132 33, 10. 133 14, 20.
134 28,36. 135 5.

113,19. 223,1. 316,19, 22, 24,
27, 31. 46, 19. 53. 67, 26. 729,
31, 4. 818. 93, 23. 1010, 35, 8,
126, 146, 286 113,9,13. 13 22.
14 32, 34, 7. 15 26. 1635, 6 17 30.
18 22. 1912. 20 32. 21 14, 15. 22
23. 2316, 18. 2423. 253, 4, 11.
27 13, 27. 28 8. 30 8, 19, 21. 32 23,
9, 14. 33 24. 34 34. 35 12, 28, 8.
37 32. 38 7. 39 24. 41 18, 26, 33,2.
42 7. 43 29, 30. 4414. 46 21, 23, 2.
47 13, 17 6, 236, 31 d, 5s,11s. 48
19, 27. 49 14. 50 18, 23. 53 4. 54
26. 55 32. 56 24, 28. 57 2, 10. 58
21, 26, 28, 3. 59 6, 14, 19. 60 30,
4, 15. 62 15, 18. 63 34. 64 10, 12,
20. 65 29, 8, 10, 17, 18. 66 33. 67
5, 14, 15. 68 23, 26, 31, 35. 69 6, 8,
17. 70 24. 71 31, 2, 6,10. 72 27, 34.
73 11, 18, 25, 28. 74 30, 2, 5, 7. 75
11, 29. 76 9. 78 7. 80 3. 81 25. 82
7, 8, 11, 16, 25. 83 34. 84 21, 23,
28, 34. 86 10, 15. 87 17. 88 21. 89
33. 91 14, 18. 93 22. 94 25. 95 29.
97 2. 98 14. 102 35. 103 1. 104 12,
15. 105 21,23‚31, 1, 5. 106 10. 107
13. 108 19. 111 3, 9, 24. 112 31, 3.
113 5, 9. 11413. 115 26. 116 5.

ζ 2 28, 3, 12, 17, 30 6, 4s. 4 24, 2, 7,
10, 14, 15, 18. 5 25, 28, 31. 6 11.
7 5. 8 7, 14. 9 19, 32. 10 6, 9, 14.
11 28, 5, 10. 12 3, 7. 13 15,18,25.
14 31. 15 36, 1. 16 25, 30, 32, 35,
9,10. 17 20. 18 2, 22, 25 6. 19 34, 4.
20 9, 21, 23. 23 27, 32. 24 6, 9, 14.
25 27, 29, 33. 26 11. 28 24. 29 4,
14. 30 20, 28, 30, 31. 31 13,15, 17,
32. 32 9, 19, 22, 25. 33 30, 3. 34
30, 20, 26, 15 d, 17 6. 35 23, 25. 36
33, 2. 38 10, 15, 17, 20. 39 30, 32,
36. 40 8. 41 22, 23, 24, 3. 42 6. 43
18, 20, 21, 24, 24, 26. 44 34, 8. 45
28. 46 35, 4, 21. 47 25, 27, 32. 48
5, 12. 50 34, 2. 51 22, 28. 52 4.
54 11, 26. 55 32,1,9,11. 56 24, 28.
57 34, 11, 13. 58 21. 59 26. 60 32,

913,

247

2, 4, 7. 61 1, 7. 62 16, 27. 64 30, 4.
66 34, 6, 9. 67 15, 17, 23, 25. 68
33, 6, 12. 69 19, 20, 27, 32, 2, 3, 5,
10. 70 15, 18, 24. 71 34, 2. 72 17,
24, 36, 2. 74 21. 75 16. 76 25, 28,
30, 35, 3. 77 20. 78 26, 1,3, 11. 79
28, 30. 80 7, 12, 17, 20, 23. 81 32.
82 34, 36, 5. 83 31. 84 11. 85 24.
86 21. 87 31, 12, 14. 88 21, 27, 36,
3, 10, 15. 89 19. 90 8, 16, 23. 91
28, 26. 92 18. 93 27, 28, 4. 95 4,11.
96 24. 97 2, 4. 98 27. 99 9,15. 100
2, 9, 12. 101 2, 10, 24. 102 33. 103
26, 31. 104 9, 11, 12, 16. 105 1.

1 12. 2 21, 26, 2, 8. 3 11, 25. 4 11.
5 6,16, 21.61. 8 32‚9. 915. 11
23, 30, 1. 12 13, 20,23. 13 2,5, 10.
14 29, 32. 15 3, 15, 18. 16 20, 21,
29. 19 23, 30, 2, 6, 9. 20 27, 34. 21
27. 22 31, 1, 7,12. 23 20, 32. 24 5,
7, 12. 25 25, 4, 3s. 26 10, 17. 27
32, 4, 7, 17. 28 24, 26, 3, 15. 29 28.
30 2. 31 9, 26,30. 33 19, 27. 34 22,
28, 32, 33, 2, 7, 20 6. 35 23, 23. 3626.
37 16, 26. 38 5. 39 17. 401. 4129,
35, 3, 5. 42 12, 86. 43 20, 25, 2, 9.
44 27, 31, 32, 2, 4, 19, 1s. 45 8,15.
46 16, 18. 47 7. 48 8, 22, 6. 49 13,
19, 5. 50 8, 21, 7s. 51 19. 52 25.
53 20. 54 30. 55 6, 7. 56 28. 5710,
15, 20, 22, 31, 4, 7, 10 s, 14 s, 15 s,
22 s, 33 s, 16, 76. 58 9, 11, 15, 19.
59 32. 60 20, 23, 26. 61 12. 62 31.
64 10. 65 21, 23. 66 32, 4, 9. 67 22,
24, 1. 68 12, 19, 23. 69 29, 15. 70
30, 2,17,21, 296, 2s, 9s. 7117,
10, 146. 72 29, 35, 5. 73 16, 3. 74
9,12. 75 10, 18, 27 s. 77 16, 18.
78 16, 21, 29, 12. 79 3, 6. 80 25.
81 28. 82 8, 17. 84 12, 21. 85 32,
35, 6, 14. 86 20, 26, 34, 4. 87 22,
25, 1.

7,13. 2 6. 3 28, 7. 5 33,3, 11,
13, 26 6. 6 6, 22. 8 7. 9 30,6. 1026.
11 33,6, 11. 12 31. 1412, 15, 25.
15 3, 9. 16 26. 17 1. 19 1,9,10, 13.
22 21. 24 14, 26, 66. 25 19. 27 22,
17. 29 16. 30 1, 3. 31 10, 20, 25.
32 28. 33 27. 34 1, 3, 5. 35 11, 15.

