176 ἦ

Η.

ἢ α21ο. 329. 934. 108, 23, 24.
13 12, 28. 18 24, 24. 19 34.2126.
22 35, 35, 12, 17. 25 14 33 10,18‚
26, 26, 29. 34 3. 35 23, 24. 36 5.
37 2, 40 2. 42 32. 44 19, 19. 45 2.
49 21. 50 12, 17. 51 15. 53 5, 14.
60 18. 63 33, 1. 65 1. 6916,24,27.
70 27, 28. 71 24. 72 1. 73 17, 23.
74 17, 25. 76 15, 16, 28, 31. 77 6,
6,9, 13. 784 819,.9 8224,24,.2
841. 9128, 7, 17, 17,18. 959. 97
7, 8. 121 33, 34, 8'. 122 27, 29, 30,
4, 4. 123 8. 126 34. 132 25 d. 138
16.140 29, 31, 4. 141 20, 20, 2, 4.
142 33.14313,18 144 15,1, 1.

ss410.116d.136,7,34.167. 17
9, 18. 2211. 2417, 22. 29 25. 36
17, 17, 18. 37 27, 32. 38 18. 39 22,
22, 24, 1, 2. 40 9, 15, 17, 30. 41 3.
42 32, 9, 12. 43 33, 3. 44 11, 24.
45 31, 7. 47 31. 49 1, 9,11. 50 25,
27, 28, 29. 51 10. 53 29. 60 30, 30,
32. 61 19, 20. 62 22, 30. 63 7. 65
17, 96. 721 86 28 3711. 89 29,
9,13,336, 1d 9729, 30. 100 27.

y23. 722, 23. 1118, 19, 23, 28. 12
34, 34, 3. 1333, 34, 6. 2223, 2d.
2327. 244. 27 20, 21. 30 29. 3135.
33 27. 36 21. 37 3, 3, 9, 12, 14, 23.
38 1, 3, 11, 21, 24. 39 27, 34, 35,
2, 13, 14, 28 6, 23 s. 40 15, 23. 42
16, 16, 25. 44 31. 45 12, 12, 20, 21,
34, 3, 3. 46 11, 19. 47 32, 33, 11.
48 21. 53 31. 56 35, 37. 58 12. 63
6, 12. 64 23. 67 23. 71 9. 76 1. 79
36, 36. 82 19 d, 22 d, 27 d, 30 d, 66,
66, 116, 116. 8319. [34 28.] 85 23.
90 31,32. 95 6. 10511,12. 109 6, 8.
112 5. 113 21. 114 20, 20.

3 5 27, 23. 8 7. 10 21. 1417. 15 33,
34.1915. 20 33. 25 3. 27 24, 25,
35, 35. 28 30, 31, 34, 35. 297. 35
32. 332. 3926. 6112. 627, 7, 3,
14,14. 646,14,15. 6619,26. 73
19,19. 7824. 859,16,16. 8626,
26‚1,6, 8. 8712.951.9817. 108 29.

115 22. 116 34. 120 8.12423. 125 2.
126 29. 128 17.

ε 8 26. 9 16, 20,1, 33, 43, 53, 93.
101811, 2311, 2411. 1819, 253. 20
23, 25, 26. 30 5, 18. 34 8. 38 5. 41
19, 20. 45 11. 47 36,1. 5113. 5311.
60 33. 61 32. 63 34. 65 35. 68 25,
25. 69 22. 79 28, 28. 80 4, 8. 87 18,
18. 89 27, 27, 29, 30. 98 14. 102 34.
105 24. 10819. 110 31, 1. 111 19.
112 34.

ζ 1 23, 25. 2 30. 4 31. 10 10. 11 21.
12 34, 35. 14 34. 15 10. 16 34, 7.
17 33, 34, 18. 18 24, 24, 31, 31, 32,
11, 12. 19 3. 21 33, 34. 22 11, 11.
23 30. 24 7, 7, 14, 15. 25 29. 31 35,
29, 13, 13, 53. 33 32, 32, 12, 15,
16, 19, 20. 34 34, 34, 5, 5, 18, 30 3,
30 3, 35 3, 211, 811, 14 d. 36 35, 35.
38 5, 11, 26. 39 4, 5. 40 6. 47 31,
31, 35, 36. 53 25. 58 18. 60 31. 63
15. 64 22. 65 21. 67 29. 68 35, 11,
14. 73 16, 17. 77 14, 15,17. 78 1.
80 11, 25, 28, 28. 82 7. 83 23, 24,
24. 85 17, 19, 19, 31. 86 3, 24, 25.
89 25. 90 14, 14. 92 7. 97 35, 12,
22, 22. 101 24. 103 32, 1, 2. 105 2.

η 2 2. 6 2. ,7 21, 21, [25, 25]. 8 1, 2,
3, 4, 5,12. 13 8. 15 8, 9. 1919.
21 24. 25 3011. 27 12. 36 17, 31.
38 2. 42 5, 611. 45 13. 47 5. 48 14,
1, 10 3. 49 18, 22, 22. 50 30. 57 14,
15, 22 3. 60 29, 29. 61 14. 63 13.
64 6, 17, 18. 66 13. 67 7, 8, 8. 69
15. 70 20, 20. 71 33,1. 72 29,35, 2.
73 24. 75 3, 3, 9, 12, 33 3. 77 9, 26,
33. 79 7. 80 16. 81 24, 1. 85 34.
86 5. 87 24. .

θ 2 13. 5 24, 9, 2511, 2511. 6 21.
15 33. 18 24. 24 22, 411, 411. 27 7,
15. 28 29. 29 24. 32 7, 8. 37 9,10,
17,18,18, 28, 29. 39 28, 28, 28.
42 26. 43 24. 4513. 46 20, 21,2211.
48 27, 29, 10 d, 11d. 50 24. 52 20,
21. 53 14. 55 15. 56 31. 57 27, 28.
58 15, 18. 63 16. 65 22, 23. 66 4,

8 23.

