δῃοῦν - διὰ 9 5

δῃοῦν α 814. ·— β 11 6d. 73 16.

δῃῶν δ 87 21.

δῃοῦντες ε 84 29.

δῃοῦσι δ 56 34.

δῃοῦντας α 96 28.

δηοῦντάς β 11 33.

ἐδῄουν β 12 33. 23 32. 25 5, 17. 47 y
22. 100 3. - y 1 23. 91 25. 10210.
- δ 2 13. 25 28, 30. 54 9. 130 19.
— ε 33 25. 54 25. 55 6. 64 26. -
ζ 94 23.

ἐδῄου α 65 13. -— ,3 35 12. 101 17.
- y 7 29. - δ 109 32130 24.-
ε 58 3.

ἐδῃοῦμεν y 65 4.

δῃώσειν β 71 27. ὃ

ἐδῄωσε β 26 22.

ἐδῄωσαν α 114 31. - β 23 9. 66 18.
-γ265.--δ4530.-ζ9420.
105 31, 9. — η 18 6. 19 24. 2611,
13.

δῃώσῃ β 13 7.

δῃώσωσιν β 13 13.

δῃῶσαι α 143 10. g

δῃώσαντες β 31 32. — y 80 15. - δ
16. 569. - ε231,8. 47 29‚3.
83 5. — θ· 35 28.

δῃώσαντας ζ 105 6.

δῃουμένης β 54 7. - γ 91 17. 94 15.

δῃούμενα ε 59 11.

δήπου θ 87 22, 28.

δῆτα ζ 38 23.

διά α 133 5.- 6 5613. 33 5.- η
34 4. - 9 87 31. 106 14.

διὰ α 111. 2 20, 3, 6, 9. 3 32. 6 30, 2.
7 24. 9 25. 11 26. 13 29. 14 26.
23 28. 37 29, 2. 38 13. 42 27, 33.
46 17. 51 13. 54 33. 63 3, 10. 69
8, 26. 70 22, 26. 74 8. 76 13. 77 6,

Τί·

19. 80 23. 84 22, 23, 30. 85 13,17. η

91 24. 92 22. 93 33. 96 25. 97 6.
99 31. 107 33, 35. 108 20. 110 22,
25. 120 13. 122 30. 124 1. 127 4.
130 29, 33. 137 32. 140 14. 141 30.
142 4.

β 3 33. 4 14, 16. 11 14, 17, 24, 31.
13 20. 14 31. 15 29. 16 33, 5. 17
18, 19. 18 10, 11. 19 26. 23 7. 24
13. 29 24, 25. 34 11. 35 29. 37 28, 8.

3816. 39 34. 40 23. 49 7 15. 50 32.
51 26. 52 13. 64 30. 65 17. 67 5.
76 26. 77 6. 80 116. 31 30,12,17s.
83 19. 85 3. 86 5. 87 29. 89 24, 29,
1. 91 17. 92 23. 93 23. 94 27. 96 1.
97 17. 9811,11. 100 32. 102 17, 18.
4 24. 6 7. 10 1. 12 6. 13 26. 16 35.
18 4. 19 25. 21 21. 23 13, 23, 31.
27 16. 33 26. 37 35. 43 12. 44 27.
45 15. 46 14. 51 34. 57 14. 58 1.
691. 70 31. 82 29, 15 6, 27 6, 326.
83 13. [84 31.] 93 33. 94 27. 95 2,
10. 100 19. 101 27, 30. 102 6, 16.
106 16, 20, 21. 109 23. 110 28. 112
23. 114 25.

8 33. 14 4. 17 6. 18 18, 26. 20 19.
24 35. 25 7. 29 3,10. 30 23, 25, 27.
35 17. 36 15. 47 34. 55 32. 57 4.
61 30. 63 26, 26. 67 9. 75 32. 76
25. 84 26. 85 36, 7. 92 29. 96 15,
26. 102 23. 10616,29. 103311010.
111 26. 115 23. 119 23. 125 33,16.
126 25, 3. 132 29. 134 29.

4 9, 22. 7 1, 15. 9 4. 11 10. 14 4.
16 35,16,24. 26 21, 1, 6. 28 5. 31 2.
34 4. 43 33. 47 8. 53 12. 56 19, 32.
60 4. 64 22. 65 35. 66 28. 68 27, 28.
69 10. 71 34, 5. 72 20. 7517. 97 4.
105 25, 33. 116 4.

24. 930. 1010, 14. 1129,9‚ 13,
16, 21, 24. 124. 13 20. 1519. 16
1518'3 24 20. 2610. 3136. 342,
11, 23. 49 25. 53 22, 25. 54 12. 55
6,11. 5621. 59 30. 60 19, 31. 6126.
6227. 664 687 6923, 31. 782.
79 2. 83 34, 34. 844. 8521. 8610,
22. 8711. 3346. 8921. 913. 92
13. 9623. 9332. 10123, 31, 5. 1026.
104 6.

1 29. 4 1,32. 5 6. 631. 811. 112,
10. 12 24. 13 1, 2. 15 11. 18 2. 21
23. 22 6. 24 20. 23 20. 29 20, 26, 3.
32 11. 34 5. 35 26, 28. 36 17. 4010.
41 27. 42 15. 43 20 s. 44 15, 18.
50 7s. 57 28 s. 58 31. 59 8. 60 8.
61 18. 62 32. 68 28. 70 17, 20, 26 6.
71 21, 31. 72 4. 77 5. 80 24, 32.
81 22. 83 6. 86 26, 27, 32, 35, 7.
87 11, 14, 16.

