χρῆσις - χώραν

χρῆσις η 5 13.

χρῆσιν β 62 14.
χρησμολόγοι β 8 22. 21 33.
χρησμολόγοις θ 1 9.
χρησμὸν γ 104 17.

χρησμῶν ε 26 33.

χρησμοὺς β 21 34. - ε 103 10.
χρηστήριον α 25 11. 103 25.
χρηστηρίου β 54 17, 20.
χρηστόν θ 76 20, 24 d.
χρηστὸν ζ 53 26.

χρηστοὶ α 91 28. — y 64 29.
χρηστοῖς ζ 31 25.

χρηστοὺς ζ 53 23.

Χρόμων γ 98 27.
ἐχρόνιζεν 316 27.

χρονίσῃ ζ 49 18.

χρόνιός ζ 31 12.

χρονία α 12 29.

χρόνιον ζ 31 37 d.

χρόνιοί α 141 15.

χρονίων α 141 29.

χρονίους ε 73 28.
χρόνος α 6 2. 80 33. — <5 26 30.

39 18. — 9 100 23.

χρόνου α 1 11. 3 26. 10 14. 13 25.
21 27. 23 33. 24 21. 30 16. 113 5.
118 5.126 8. - β 91 27. — y 38
28. — 611118- ε 15 32. 25 9.
7431. — η 271.Ἦ 92918. 4530.
68 7. 69 28. 109 12.

χρόνῳ α 8 11. 11 22. 12 5. 19 31.
20 16. 23 23. 33 16. 64 25. 93 28.
9818. 100 6. 121 2. 12619. 1381.
— β 18 9. 49 25. 58 6. 68 5. 73 20.
102 26. - y 4518. 85 20. — 6214.
41 15. 76 26. 81 23. 85 35. 118 20,
2s. — f 5 3. 16 10,22. 34 8. 42 3.
112 35. - ζ 313. 53. 930. 1019.

χρόνον α 137. 17 23. 18 31, 18. 25 20.
86 6. 108 30. 126 26. 137 24. 139 20.
— β 1031. 182. 1929. 23 5. 2618.
49 8. 51 4, 29. 57 19, 26. 65 35.
77 10. 84 29. 85 13. 92 25. 102 8d.
— y 1 27. 7 19. 17 17. 18 33. 39
34 s. 4619. 5427. 686. 8716. 9232.
94 7, 21. 104 25. 11415. — 614.
7 0. 21 11, 20. 34 27. 35 28. 44 32.
45 35. 46 3. 50 17. 54 31. 63 32.

451

70 15. 73 ,22. 74 12. 7810. 117 14.
129 29. - ε 3 31. 41. 531. 28 4.
47 16d. 54 24. 55 28. 115 21. --
ζ 419, 23. 712. 31 4. 32 24. 6123.
- η 12 22. 19 32. 27 5. 28 4, 13.
34 15, 31. 40 12. 70 21. 78 12. —
θ 5 5131213536 30. 40 9. 631.
7317. 76 23. 78 6. 9121. 9514. 971.

χρόνοις α 07 10.

χρόνους α 100 12. 107 22. 117 27. -
β 68 23. 95 3. —— y 521. 8910.
9911. — δ 210.—— ε 1215. 2025.
26 32. 32 22. 35 21. 54 14. 116 7.
-ζ105 29.-η21 4. 87 9-9
20 18. 99 27. 108 12.

χρυσείων 61051.

χρυσῷ δ 121 19.

χρυσοῖ ζ 46 14.

χρυσῶν α 6 3.

χρυσοῖς ζ 32 13.

χρυσίου β 13 30, 3d.

χρυσίοις β 13 1d.

Χρυσίππου α 9 25.

Χρύσιδος β 3317.

Χρυσὶς 6133 20, 23.

Χρυσίδος β 2 26. ὴ δ 133 18.

χρυσὸς β 97 23.

χρυσοῦ α 129 23. - β 97 24.

χρυσὸν ζ 34 7.

χρῷ β 84 22.

χῶμα β 75 12, 16, 23, 31, 33. 76 4,
11, 18.

χώματος β 76 7. 77 4.

χώματι β 77 30.

χώρα ζ 2 21. 9125— θ 37 9.

χώρας α 9 19. 89 17. 108 24. 138 3,
23. -— β 5 8. 6819. 98 8. 10210d. ’
——21586-‹5322920 6330.
6416.-ε93.1411.-ζ229.
4 30. 34 20. -— η 5 25. 11 10. 19
23, 28. 2711. 44 38. 49 23. ἢ θ
43 18. 46 13. 58 10.

χώρᾳ α 74 25. 122 15. — β 100 22,
24.102 2. — ‹51130. - ζ 17 33.
45 29. — η 27 1. 474. —337
23, 28.

χώραν α 15 33. 28 16. 96 29. 143 25.
— β 15 6. 16 31. 25 33. 36 8. 5811.
65 26. 87 2. - y7 29. 22 25. 2411.

29*

