13 15, 28. 15 28, 29. 16 9. 18 34.
22 15. 23 4. 24 14. 26 9, 10. 27 13,
18. 28 34. 30 24. 32 19. 33 26, 2.
36 21. 37 15, 18. 38 2, 9, 21. 39
14, 22. 40 1, 33. 45 24. 46 4, 6. 48
18. 50 8. 5135. 5210. 53 6. 54 18.
55 37. 59 25, 26, 26. 60 21. 63 28,
31, 3, 9. 64 20, 30. 65 4,10. 66 18.
68 9. 691,8. 71 10,13. 7216. 74 6.
75 25,26. 77 13. 79 35, 7. 81 34, 2.
82 15, 27. 83 20. 85 20. 88 34, 2.
89 6. 90 28. 91 17. 94 22,33. 9510.
97 1. 102 21. 103 5. 104 23 s. 106
13. 107 37, 5,14. 108 20, 32. 109 21.
111 1. 112 31, 2. 113 27, 34. 115
2, 4.

3 26. 4 12,18,20. 5 27. 6 35. 8 28,
31, 20d. 9 16. 11 29. 13 26, 31,33,
36. 14 4, 17, 19, 26. 15 29, 36, 32, 3.
17 31, 36. 18 25. 19 12. 21 13. 25
7, 33, 34, 7s. 27 3. 30 32, 2. 32 31.
33 13. 34 35, 3. 35 20, 25. 36 11.
38 32,16. 40 34. 41 11. 42 7. 44 8,
14, 14. 46 20, 21. 47 24. 48 7,15.
55 15. 56 34. 57 25. 58 13. 59 20.
60 35. 61 19. 62 22. 63 32. 65 4.
66 16. 67 7,16. 68 3, 22. 70 16, 26.
71 7. 72 11. 73 14, 22. 74 27, 10.
75 19. 77 1, 8. 79 14. 80 4, 9. 81
28. 83 10. 84 30. 87 13, 14, 20. 89
14, 26. 90 5, 7,9, 13. 92 28,11.
93 4, 5, 22. 94 30. 95 2. 96 15, 33, 5.
9716. 98 7. 16129. 104 21, 21. 108
20,34,6. 110 32, 6. 11121,26.114
21,35, 4. 116 25. 11716. 121 19,25.
122 1, 2, 9. 123 26, 1. 125 5, 7, 16.
127 24, 37. 123 3, 12. 129 14. 130
28, 31, 7.

1 18, 21. 3 8, 32. 46. 65, 12. 7 33,
6, 7, 11. 8 16. 9 10, 29. 1019,20,
25, 28, 34, 15d. 11 35, 36. 16 10.
16. 17 5. 26 23. 21 5, 8. 22 22. 26
16, 23, 9. 27 15. 29 19. 31 8, 13.
32 32. 35 19. 36 15. 37 12. 38 6.
39 26. 40 33, 12. 42 8. 43 29, 8, 9.
44 28. 45 30, 5. 46 23, 33, 9. 49 9,
12, 14. 50 17, 22. 52 21, 23. 53 12.
5418,21. 55 5,8, 13. 56 29, 32.
57 1,12. 58 21. 5911. 60 4. 0110.

ὠς

ζ

η

θ

455

62 20. 63 26, 3ο. 65 27, 28, 3, 20.
66 23. 68 35. 71 35. 72 22, 4. 73 6,
14, 18. 75 19, 23. 76 10. 80 21. 83
29. 84 29. 85 9. 89 27, 30. 91 15.
105 3.10715.11124.112 32. 113
8, 10. 114 14. 116 2, 10.

2 1, 2, 3, 4, 17. 7 19. 8 34, 3. 9 35.
10 25. 13 16. 14 34. 15 16. 16 13,
14. 17 28,31,4. 20 9,11,15. 2221.
24 14. 25 34. 28 27, 32. 30 23, 27,
28, 31. 3134,1,12, 37 6. 32 28.
33 6, 27. 34 33, 28, 4d, 11 d, 20 d.
35 25. 37 19. 40 11, 18. 44 7, 12.
45 26, 31. 46 16, 17, 20. 49 15. 50
1, 8, 17. 51 29. 52 1, 4. 53 15, 17.
54 8, 10, 12. 55 35, 13. 57 33, 35,
3, 11. 60 18, 28, 34. 61 3, 8. 62 22.
63 3. 65 19, 25. 66 10. 67 14. 69
21, 24. 70 30. 71 15. 72 27, 33. 73
10. 74 20, 28. 76 35, 37. 77 9, 22.
80 8. 82 36. 83 23. 84 3,10. 85 23.
86 18. 87 3, 4. 88 28, 3, 20 s, 22 s,
26s. 91 29,31, 10. 9217. 94 33.
96 12. 97 9, 16, 19. 98 26, 1. 102
29, 3. 103 27, 1. 104 6, 8.

2 19, 28, 36. 3 17, 22. 4 8. 5 21.
7 26,26,61.1216,26. 1311.15
3, 7, 11, 15. 17 1, 7. 1815. 218.
23 19. 25 30 6, 33 6. 27 27. 30 22, 3.
31 24. 33 27, 11. 34 18, 2, 11,18 d,
19 d. 35 26. 36 7, 12. 40 5,7. 415.
42 19, 20, 23. 43 15, 19, 19 s, 21 s.
44 32. 4616,21. 48 31, 33, 12 s.
50 22, 29, 31, 5. 51 11, 15. 57 14.
58 30. 60 18, 30, 4, 8. 61 23. 63 21.
65 26. 67 26, 9. 68 13, 16. 69 33,
17. 70 19. 72 1, 5. 73 11, 24, 32, 1.
74 8, 10, 20. 76 4, 7. 77 13,9s. 78
29, 31. 80 14. 81 6, 11, 13, 20. 83
25. 84 15. 86 33.

116, 25, 31, 1. 2 7‚17,22. 312.
5 29, 30, 8. 6 18,20. 7 2. 8 26. 10
19. 14 18. 16 22, 25, 27. 17 32. 4.
15. 19 9. 20 33. 21 6. 22 14. 23 6,
17. 24 2, 25. 25 20, 27. 26 21. 27
24, 9, 14. 28 26. 31 9, 18. 32 29,
3, 6. 33 26, 25. 34 32. 35 15, 25.
36 11, 13. 39 6. 40 17, 25. 43 3.
45 30, 8. 46 1216. 50 31, 9. 5125.

