198

20, 23. 132 24, 27, 29, 30, 33, 6, 9,
9, 11, 12, 13, 14,21, 24 6, 25 6, 276.
133 31, 33, 1, 3, 7, 9, 9. 13415,17,
18, 21, 22, 23, 26, 26, 30, 1. 135 4,
8, 10, 11. 136 17, 18,21,24, 25, 27,
29, 30, 32, 2, 3. 137 3, 4, 5, 8, 11,
11, 16, 16, 17, 19, 20, 29, 31. 138
1, 3, 4, 6, 9, 10, 12, 13, 14, 16, 20,
28, 31. 139 34, 36, 1, 1, 7, 7, 10,
10, 10, 14, 16, 17, 17, 19, 20. 140
25, 25, 26, 26, 27, 29, 31, 32, 1,2, 5,
6, 7, 7, 9,15,16,17. 141 21, 22, 24,
26, 28, 30, 31, 33, 1, 1, 9, 12, 13,
17, 18. 142 23, 25, 26, 29, 31, 3, 3,
7, 8, 9, 10, 10. 143 12, 15, 16, 17,
18, 18, 20, 22, 23, 24, 27, 28, 30, 30,
32, 33, 1, 1, 4, 7, 9,10. 144 11,13,
16, 18, 19, 22, 23, 28, 31, 31,33, 34,
1, 2, 4. 145 8, 9, 12, 12, 13. 14613,
15, 16, 18.

β 1 19, 20, 23. 2 24, 26, 27, 28, 30,
1,4,5,7,11,13,16,17, 18,18. 323,
24, 26, 27, 29, 32, 35, 3, 5, 8, 9.
4 10, 12, 12, 13, 14, 14, 15, 17, 18,
21, 25, 27, 30, 31, 2, 6, ss. 5 15,
17, 18, 22, 22, 25, 28, 32, 3, 5, 9,
10 6. 6 12, 15, 17, 19,23,23,25,27.
28. 7 30, 32, 33, 1, 4, 5, 8, 9, 11,
13, 13, 13. 8 18, 21, 23, 26, 29, 31,
31, 31, 31. 9 3, 7, 9,17,21, 22, 24,
24. 10 27, 32, 3, 3. 11 5, 5, 6, 7, 7,
9, 10, 11, 14, 16, 16, 19, 19, 21, 22,
31, 32, 33, 1, 3, 4, 66, 76, 86, 10 6,
116, 126. 12 14, 20, 22, 26, 28, 31.
13 2, 7, 7, 9, 12, 13, 14, 15,16, 17.
19, 22, 29, 29, 31, 31, 32, 32, 33, 33,
34, 36, 16, 36, 66, 76, 86, 106,
106, 116, 126, 136,146,156, 176,
196, 206, 206, 226, 236, 246. 14
26, 27, 27, 28, 29, 30. 15 34, 36, 36,
2, 3, 3, 5, 6, 7, 8, 9, 10, 12, 13,15,
17, 17, 19, 19, 19, 22, 22, 23, 23, 27,
28,30. 16 32, 34,1,2, 4, 4, 6. 179,
10,11,11, 12, 13, 14, 22,23, 25, 26,
27, 28. 18 32, 33, 34, 35, 2, 3, 4, 7,
10, 15. 19 16, 20, 22, 23, 24, 28.
20 32, 1, 2, 3, 6, 9, 10, 12. 21 17,
19, 21, 22, 24, 30, 31, 31, 4, 5. 22
8, 12,16,17, 19, 21, 21, 23,25, 28,

καὶ

29. 23 34, 1, 2, 3, 3, 4. 24 12, 13,
15, 18, 21. 25 25, 26, 27, 29, 31, 33,
1, 2, 4, 6, 7, 10, 12, 13, 15, 15. 26
19, 21, 22, 23. 27 25, 26, 26, 28, 30,
32, 33, 34, 35, 1. 28 5, 6, 7. 29 8,
11, 16, 21, 22, 23, 30, 32, 1, 1, 2, 4,
6. 30 10, 11, 11, 12, 16. 31 20, 22,
25, 27, 33, 1, 2. 32 4, 7. 33 13, 13,
14, 16, 16, 17,17,19, 21, 24. 3430,
1, 1, 2, 4, 7, 9, 11, 14. 35 21, 22,
23, 24, 25, 26, 28, 29, 31, 1, 3, 4.
36 6, 10, 10, 14, 15, 15, 20, 21, 22,
24, 24, 24. 37 27, 3, 9, 9,10. 38 11,
12,'13, 16, 18. 39 19, 21, 24, 25, 34,
37, 2, 4. 40 5, 6, 7, 9, 11, 12,14,18,
19, 22, 23, 24, 29. 41 32, 1, 2, 6, 9,
10, 11, 14, 18. 42 20, 21,22, 23, 25,
25, 28, 29, 3, 8,8, 11. 43 12, 20, 20,
22, 22, 23, 23, 24, 27, 29, 29, 31, 32,
34, 5, 8. 44 9, 14, 15, 16,17,17,20,
22, 23, 24, 27, 27, 28. 45 32, 3, 6.
46 8, 9, 12, 13. 47 17, 19, 19, 21,
22, 24, 25, 25, 29, 31. 48 1, 2, 2, 4,
5, 7, 8,9‚9, 10, 13, 13,15. 49 18,21,
22, 22, 23, 23, 24, 24, 25, 26,27, 29,
31, 32, 34, 1, 3, 4, 5, 6, 6, 7, 7, 8,
10, 12, 13, 17 6, 19 6, 20 6, 206, 216,
216, 226, 23 6. 50 26,27,30. 51 1,
3, 5, 6,11, 14, 15, 16, 18, 20, 22,
23, 25, 26, 27, 28, 28, 29. 52 33,33,
3, 4, 5, 9, 9, 11. 53 17, 20, 21, 22,
24, 24, 27, 28, 28, 30, 30. 54 6, 8,
9, 15, 16, 19, 22, 23, 24, 55 28, 30,
31, 33. 56 1, 3, 5, 5, 9, 12, 13, 15,
16, 16. 57 20, 22, 22, 24, 27. 58 29,
32, 34, 4, 7, 7, 9. 59 15, 15,16,17,
19, 22, 24, 25. 60 27, 28, 29, 4, 6,
6, 9, 10, 10, 11, 13, 15. 61 17, 21,
22, 24, 27, 28, 30, 30, 31, 33, 33, 34,
2. 62 5, 6, 8, 14, 16, 17, 20, 22, 23,
26, 28, 29. 31, 32, 33, 34, 1. 63 6,
9, 9, 10, 14. 64 19, 20, 24, 31, 32,
34, 34, 1, 2, 3, 5, 6, 10, 13, 17, 17.
65 20, 22, 25, 27, 32, 36, 1, 2, 3, 3,
5, 6, 8, 10, 10, 12, 14,16, 19 6, 216,
256, 266, 286, 286, 336, 2s, 3s,
58, 58, 88,118, 6613,16,17,19.
67 21, 22, 22, 23, 23, 23, 25, 30, 1,
8, 8, 12, 12, 13, 14, 16, 17,18,216‚

