πρῶτόν —- πυκναί

10 21, 27. 17 31. 19 21. 20 33. 22
32, 7. 29 11. 47 2. 5131. 6131, 34.
66 22. 77 12. 86 33. 92 1, 14. 93
26, 34. 94 10, 30. 96 31. 97 36. 101
31, 32. 104 28. 111 3. — 6 3 30.
14 22. 21 14. 26 14. 28 14. 30 4.
31 14. 32 11. 33 14. 34 35. 43 14.
45 31. 48 30. 58 8. 59 29. 61 22.
68 30. 74 34. 77 7. 79 17. 83 3. 85
13. 94 30. 96 31. 98 4108 4. 110 8.
111 22. 118 5s. 125 4. 128 14, 20.
— ε 2 26, 3. 10 15 d. 16 28. 20 23.
22 20. 27 14. 30 13. 31 28. 36 20.
38 24, 2. 41 18, 33, 37. 13 3. 49 31.
55 1. 58 14, 26. 61 4. 62 15. 6510.
76 5. 78 7. 81 25. 84 28, 33. 85 8.
112 34. — ζ 215. 310,12. 4 4, 15.
5 33.61.10 9.1117. 13 23. 21 1.
32 18. 38 3. 42 6. 46 37, 2. 48 7.
4917. 52 3. 55 5. 63 4. 6610. 69 32.
70 16, 20. 78 17. 88 25, 2d. 89 13.
90 11. 102 29. 104 17. — η 1 23.
2 32. 3 12. 4 27. 12 20. 13 7. 15 3.
19 23, 18. 20 33. 23 17, 31. 24 16.
26 10. 27 32, 3. 30 25. 34 29. 35 25.
37 23. 42 22, 86, 10 6. 43 29, 18 s.
45 10. 52 1. 60 10. 66 4,13. 78 21.
82 8. 87 11. — 9 6 14, 22. 8 12,
14,21. 1018. 1110,17. 1411.1625.
22 22. 26 12. 28 24. 45 24. 46 11.
48 10. 49 22. 54 17. 67 18. 75 4.
80 19. 82 7. 86 18, 31. 97 26, 1, 4.
106 9. 109 18.

πρῶτόν β 53 16.

πρώτου α 13 5. - β 65 236. - 6
38 30. — η 23 20. 43 25. 75 25 s.

πρώτης α 77 9. 139 33. — y 81. 113
12. — η 43 11.

πρώτῳ 6 116 33. — ε 20 32. 26 29.
68 34. - η 81 23.

πρώτῃ y 96 24. — 6 25 27. 31 16.
127 26. -ζ 23 29. 55 5. — η 1130.
42 31. 44 3. 70 2. — 9 441. 100 31.

πρώτην β 80 136. - y 110 27. — 6

. 959.12617.- ε4825.-ζ15
12. - η 28 1.

πρῶτοι α 3 30. 6 34, 7, 10. 13 17.
5510. 76 20. — y 15 28. 17 28.
234. 65 5.—687 34.108·26. 11117.

393

—82910.10527.-—g23. 36.
28 31. 46 6. 65 26. 66 7. 88 29 S.
- η191.435,22ε. 668. — 3
5 25. 89 27.

πρῶτοί ε 15 25. — ζ 68 2.

πρῶται θ 36 2.

πρῶτα γ 39 33. 56 33. - 6 66 27.
124 16. — ζ 39 30.

πρώτων β 8 21. 15 35. — 610811s.

πρώτοις β 34 13. - 6 105 3. 125 14.
1324.-ε497.-ζ7226.-η
53 13. 61 11.ι

πρώταις γ 85 12.

πρώτους y 11 23. 112 27. — 6 32 25.
120 28. - η 87 9. - θ 25 24. 55 27.

πρώτας ε 10 35.

πρωτοστάτης ε 713.

πταίει α 122 20.

πταίωσιν ζ 33 25.

πταίοντες ὃ 18 26.

ἔπταισαν 9 11 18.

πταίσωσιν β 43 6.

πταίσειαν ε 16 16.

πταίσαντας ζ 12 35.

πταρμὸς β 49 24.

Πτελεὸν (acc.) ε 18 17.

Πτελεοῦ θ 24 6.

Πτελεῷ θ 31 14.

Πτοιοδώρου 6 76 6.

Πτυχίαν 6 4614.

πυγμαχίῃ γ 104 4.

πυγμῆς α 6 15.

Πύδναν α 61 25, 26. 137 7.

Πυθάγγελός β 21.

Πυθὲως ε 53 5.

Πυθὴνζ 10411.— η 1 16. 70 31.

Πύθεω β 29 8.

Πυθικὸν α 103 26.

Πυθικοῦ β 17 14.

Πύθιον (acc. neutr.) β 15 19.

Πυθίου 6 118 22. - ζ 54 26, 28, 31.

Πυθίων ε 1 14.

Πυθόδωρος y 115 10. — 6 2 16. —
ε 19 17. 24 28.

Πυθοδώρου β 2 28. —- ζ 105 7.

Πυθόδωρον y 115 31, 7. — 6 65 3.

Πυθοῖ ε 18 46.

Πύκνα θ 97 26.

πυκναί β 102 28.

