80 14. 81 19. 82 22. 83 35. 85 27,
33, 11. 86 17, 18, 26, 33, 1. 88 9.
89 32 s. 90 6,'14, 16, 19. 92 2. 93
19, 19. 95 4. 96 7, 7. 98 26. 99 30,
34. 100 23, 28. 101 11, 20, 27, 35.
102 16, 24, 5. 103 13, 17.

y 1 22. 3 25. 7 25,29. 1115,32. 122.
13 2. 18 18. 19 23. 22 10. 23 13.
25 20,29. 2612. 27 15,16. 31 31, 4.
32 16. 33 22,1. 3417,21,21. 3531.
36 28. 38 27, 30, 33. 40 30. 41 5, 6.
42 24. 4314,19. 44 25, 2. 45 26,
26, 27. 47 314923. 5οι525,14.
534. 5625 5836. 594 623. 69
13. 70 27, 32. 72 21. 74 31, 36. 75
10, 17, 21, 26, 32. 80 9. 81 3. 82
30, 8, 9, 12, 13, 26 d. 83 16. 85 12.
88 34, 3. 89 23. 91 12, 12, 14, 29.
93 28. 95 34. 96 22, 31. 97 4. 98
27, 27, 5. 102 12, 30. 103 10. 104
18, 24. 105 7, 7. 107 2, 7. 111 13.
112 21, 27. 113 14, 18, 19, 20, 23,
27. 115 33, 10. 116 14.

δ 212,17. 3 28, 30, 33. 5 29. 6 2.
8 25, 26 d. 11 18, 18. 12 36. 14 15.
19 11. 21 10. 24 31. 25 12, 9s. 26
30, 8. 28 10, 14, 18, 21. 31 18. 32
29, 11. 34 5. 36 34. 37 17, 17. 38
29, 29, 34, 2. 39 19, 25. 40 4. 42
29, 31, 2. 43 11, 30. 44 5. 50 3. 51
23. 5313,14,14. 58 14. 6828. 7014.
71 36, 7. 72 12. 74 31. 75 17. 77
30 3. 78 31,2. 83 12,17. 8422, 26.
86 6. 88 3. 89 18. 90 27. 91 20.
93 35. 94 32. 95 4. 99 31. 101 26,
28, 3. 102 10. 103 25, 2,9. 104 20,
30 105 34.10619,26.107 30, 31,
33.10819,7. 109 20. 111 14. 112
28, 3. 114 17, 24.115 8116 25,
31, 1. 120 30. 121 21, 27. 122 3.
123 19. 124 5, 6,17,17,25. 127 21.
128 37. 129 35,35, 4. 130 26, 33, 5.
132 32, 33. 133 16. 135 3, 10.

ε 2 4. 3 7, 10, 14, 21, 31. 4 34,3,19.
5 32, 1, 3. 6 5, 18. 7 28, 29. 8 16.
9 7s. 10 10, 20, 34, 5, 10d, 14 d.
16 35, 36, 3, 4. 18 34s. 21 7. 24 35.
26 16. 34 32. 43 28. 45 34. 46 16.
47 21 d, 27 d. 49 3. 50 31. 5116,18.

279

52 27. 55 31. 56 33. 57 6. 58 23, 2.
60 31, 25. 63 32. 65 34, 8. 71 30, 3.
72 36. 75 10. 76 8,11. 80 19. 82 3,
6, 18. 83 33, 14. 84 32, 32. 88 24.
91 12. 101 30. 110 1. 116 10.

ζ414,15. 7 28. 814. 9 28,33. 1126.
15 36, 3. 16 3. 17 26. 19 34, 3. 20
23. 24 6, 17. 25 26. 29 1. 30 27,28.
31 1,11,3s. 32 15, 15, 27. 34 33,
18. 35 23, 24. 38 25. 41 31. 46 22.
53 27. 54 4, 6, 10, 23, 27. 56 23.
57 1, 1, 4, 11, 12,13,13. 58 22. 59
30. 60 14, 14, 32, 33, 33. 61 1,9s.
64 32. 67 31. 68 13. 69 19. 72 20.
75 18. 80 11. 81 32, 32, 32. 84 13.
87 11,11,14,14. 88 20, 11d. 93 27,
4, 13. 95 8. 97 4, 6. 10120.104 4,
10, 11, 16, 24.

η 1 16, 16, 27, 12. 2 25, 29. 3 12,18,
20, 22. 4 5, 9, 2d. 5 6, 16. 6 26, 1.
7 19. 8 29, 11. 10 21, 21. 14 28.
17 33. 18 23, 17. 19 22. 20 34. 21
5, 11. 22 29. 23 13. 26 5, 17, 20.
28 17. 29 24. 31 5, 10, 15, 26, 26.
32 6. 33 29. 34 22. 35 21. 38 4, 6.
39 22. 42 20, 22, 22, 25, 30. 43 7,
14 s. 44 23. 47 7. 48 8. 49 13, 19,
2, 4. 50 7, 7, 8, 10, 29, 3. 53 5, 25.
55 8, 9. 56 33. 60 5. 61 12, 12. 62
10. 65 21. 66 33. 68 26. 69 32, 33,
15,19. 7028. 7117, 10,12. 73 7, 26.
76 3. 78 16, 18, 3. 79 28. 81 18,21.
83 24. 85 1. 86 23, 29, 4.

9 2 25. 3 28. 5 26,5,11,16. 6 27,
28, 33, 26. 7 4. 8 6, 11, 19. 12 20,
31. 14 9, 9. 16 19,20, 20, 21. 17 4.
19 14, 16. 21 2, 3. 22 18. 23 24, 30,
6, 20. 26 18. 27 23. 29 15, 21. 319.
32 6, 9. 33 21, 24, 27, 28. 3511,12.
39 25. 40 24. 41 12. 42 18, 25. 43
15, 26. 46 14. 47 24. 48 19. 50 28,
4, 12, 15, 24. 51 26, 5. 52 19, 21.
53 1. 54 17, 25, 27, 1. 55 9, 22. 56
31, 5, 6, 11. 60 22. 61 29. 63 27.
66 2, 2. 68 8,11,24,30. 7111. 73 9.
74 25. 75 9. 79 20, 5, 7. 80 21. 81
10, 19. 82 4. 84 5, 9, 15. 85 26, 6,
9,10,11. 86 18 s. 87 11, 27, 3011.
88 13. 90 5. 9116. 92 12,16,16,21,

