77 9, 11, 20. 78 27. 85 20, 21. 86 8.
87 25. 90 28. 92 23. 93 9. 9627, 30.
97 3. 99 36. 103 26. 10412. 108 30.
109 12. 1121. 118 33,11,14. 119
22, 24. 120 29, 8. 121 23. 123 14.
124 32. 125 18. 126 26, 17, 17. 127
32 8. 128 13, 21,33. 129 9. 131 21.
132 28, 33, 34, 7. 134 21, 27. 135 8.

136 20, 23. 137 22, 24, 24. 138 4,

19, 30, 31. 139 20. 140 13.

β 4 23, 27. 5 18. 7 7. 8 16. 9 5, 25.
10 31, 31, 32. 12 14, 16. 131, 17,
12 6, 15 6, 24 6. 151. 17 19, 26. 18
12. 20 30. 21 20, 26, 4. 24 20. 25
3, 10,11. 26 18. 27 34. 29 8,12,21,
28, 32, 1. 34 2, 7, 10. 35 18, 18, 22.
36 22, 24. 37 5. 41 33. 42 21. 43
27, 27. 45 31, 32. 46 8. 51 4, 16, 25,
27, 29. 52 15. 54 18. 59 16. 60 6.
61 20, 24, 2. 62 4,4,5. 65 23,5,13.
67 26, 31, 2, 2, 6, 10. 69 29. 71 26,
34. 75 10. 76 5. 77 10, 19. 79 10.
82 22. 83 12. 84 6. 86 16. 89 2,16‚
16. 90 8, 15. 92 26, 3, 13. 93 18,

25, 30, 4, 5. 94 13, 14,19. 95 5, 10,

13. 96 22, 23. 97 10, 11, 17, 28, 7.
98 9. 99 7. 100 26. 101 12, 33. 102
13, 33, 33.

y 1 25. 3 2, 3. 5 3. 7 19, 21, 28, 30.
14 15, 17. 15 27. 16 4, 7. 1717,30.
18 33, 34, 13. 20 3. 22 4, 6, 24. 27
17, 20. 29 7. 30 28. 31 32, 34. 34
17, 18, 24. 35 33. 36 5. 39 20, 23.
40 29. 42 31, 35. 43 11. 45 19. 46
19. 47 36, 36, 5. 51 32. 52 24, 24.
54 22, 27, 30. 56 15, 16. 57 12, 12.
59 9. 6017. 62 27. 64 33, 33. 66 19,
33. 68 7, 32. 69 6. 70 35. 72 23, 24,
25. 74 34. 76 3. 77 9. 78 29. 80 [14],
20. 81 22, 28, 6. 82 13, 14. [84 35.]
86 28, 29, 12. 92 32, 15, 17. 94 7,
18, 21. 95 4. 96 33. 98 35. 100 17,
17, 18. 101 32. 103 12. 104 8, 24 s.
105 3. 106 15. 107 30, 34. 109 19,
19. 112 17,19. 11318,32. 11414,
22, 25. 115 31, 5, 6, 8, 9. 116 21.

<51 9.2 10.331.419. 531,33. 79.

8 23, 12. 9 6. 10 30. 12 36. 13 21.
141. 16 4. 21 11. 24 19. 25 22,29,

τὸν

291

9s. 26 26, 34, 12. 27 25, 6. 28 11,
21, 24. 29 2, 4. 30 31. 33 12. 40
31, 2, 3. 42 30, 10. 44 2,12. 45 33,
35. 46 3, 12. 48 28. 50 14. 16, 17.
56 4, 13. 57 30, 32. 63 35. 65 3.
66 18, 21, 23, 24, 26, 29. 67 3, 9,
22. 68 35,1. 7015,27. 7225. 7317.
74 9. 75 18, 28, 29. 76 5,10. 77 32.
78 10. 79 16, 22. 81 23. 83 35. 88
5, 10. 89 15, 17. 90 31, 33, 35. 91
26. 92 17, 19. 93 1. 96 33. 97 29.
98 36. 100 12. 101 30. 102 13. 103
27, 6. 104 20, 26, 27. 105 35,9, 10.
106 15. 107 34. 108 13 s. 112 29.
114 18. 117 7,14. 118 22, 10 s. 121
18. 123 31. 125 4, 5, 9, 10. 129 29.
131 21. 132 10, 11. 135 7.

ε 2 27, 2. 3 9, 18, 22, 30, 32. 4 1, 5,

15, 18. 6 11. 7 34, 9. 9 18. 10 28,
17 d, 26 6. 11 31, 3, 6. 13 23. 18 23,
25, 25, 4, 5, 7, 33 s, 33 s, 26. 21 4,
11. 24 23. 25 2. 26 19, 26. 27 24.
28 30, 31, 4. 30 31, 25, 25. 31 33,
12. 36 28. 37 12. 38 35. 42 12. 45
31, 32, 8. 46 22, 35, 4, 4. 47 33, 6,
26 6, 27 6. 49 2. 50 19,35,35. 52 22.
54 20, 24, 26. 56 27, 32. 58 15, 23.
60 2, 4, 5, 16, 22, 25. 61 31, 2, 5.
62 14. 63 30, 30. 66 30, 31. 67 18.
71 5. 72 19. 73 14. 76 2, 2, 9, 10,
14. 78 7. 81 31. 82 24.
27. 115 21, 21.

89 27. 105

ζ123.218.419.633.8 6,6,7,14.

17 27,2,16. 18 35, 8. 22 14. 25 24.
27 19. 28 27. 29 18. 30 24, 25. 314.
34 10, 18, 36, 166. 3612. 37 29.
38 18. 44 33, 5. 50 10, 12. 52 6.
54 11, 24, 25. 55 4, 6. 56 18. 57 6.
58 16. 60 2. 61 16, 23, 27, 7. 62 20.
63 4. 64 23. 65 24. 68 34. 71 8.
72 22.7311, 11, 12, 14. 75 34. 77
25. 7826, 6. 8025. 8323. 881,
21s, 29s, 76. 89 35. 924, 16. 93
33, 34. 94 22, 23, 30. 96 24, 24, 26.
97 34, 5, 7, 10. 98 31. 99 11, 27.
100 17. 101 26, 26, 27, 29, 34, 3, 3,
12. 102 32, 32, 35, 7, 9,13. 103 29.
104 13, 20.

η 2 32, 3, 5. 9 16. 16 21, 28, 28, 29.

19*

