356

Περδίκκου α 56 25. 62 14. - β 99 34.
100 23. — ὃ 78106. 8310. 128 14.
-ζ725.-η914.

Περδίκκᾳ δ 78 18. 83 8. 103 34. 124
24. - ζ 7 27.

Περδίκκαν α 59 3. 61 28. 62 9. — β
29 30, 1. 95 5. 101 12. —— δ 79 13.
82 31. 125 32, 4. - ε 6 9. 80 10,
11. 83 8.

περί α 5 26. 1418. —- β 13 32. 20
31. - 729 6. 7112. - 67917.
—54536 —- ζ617, 1. 692,5.
— η 4 36. 18 7. 20 22. 61 13. 84
20. — θ 19 3. 43 12. 49 25. 94 9.

περὶ α 6 13. 11 26. 13 18. 20 13. 21
24. 22 3,9, 11. 25 24. 30 21. 33 6.
34 2. 36 5. 37 23, 26. 52 26. 54 27.
58 29. 60 9, 10. 62 26. 67 24. 68 13.
69 21. 70 31. 72 26, 30. 73 7,12,13.
74 25. 78 25. 79 10. 80 20. 82 31.
85 14,18,18. 90 6. 91 30. 93 9.
100 7. 103 33. 11028. 115 9. 117 16.
119 24. 120 6. 122 19, 21. 123 9.
129 14. 131 24. 132 17. 133 3, 7.
135 8. 137 33. 139 31., 2,15. 14010.
145 11.

β 2 2. 513, 28. 6 15, 18, 20. 712.
1110d. 1315. 18 2. 19 24. 20 4,16.
21 17, 26. 22 9. 23 35. 24 23. 25
24,29. 2619. 29 21. 30 9. 31 19, 22.
33 18. 35 22, 31. 39 31. 40 19. 41
16. 42 20, 21, 7. 47 25. 48 9. 50 31.
52 5, 10. 54 20. 55 31. 58 7. 63 7.
65 32, 32 d, 33 d. 67 18. 69 23. 70 6.
72 32. 73 25. 78 26. 80 15, 28. 816.
83 33. 85 2. 86 15. 89 30 S, 26. 90
17. 9113. 921. 97 7. 9913. 10117.
162 96, 116.

y 3 24, 4. 6 15, 17. 10 20. 13 18,30.
16 10. 17 21, 22. 18 34, 12. 28 27,
30, 3. 33 24. 35 3. 36 8. 37 35. 38
28, 22, 24. 42 9, 11, 17, 20. 44 24,
25, 26, 30,34, 5. 45 33. 53 33. 56 36.
57 4, 6. 5911. 6124, 29. 66 34.
68 30. 69 10. 70 15. 74 35. 82 22 d.
[84 6.] 85 19. 89 9, 16. 91 11. 94
7, 9. 98 2, 8. 99 11. 100 20. 10214,
15,31,33. 104 22 S. 105 6, 8. 107 33.
108 31.109 9,10.11614.

Περδίκκου - περὶ

6123. 2 26. 6 2. 8 9, 256. 1416.
15 29, 2, 2. 16 26. 17 28. 22 22.
23 35, 8. 25 4. 26 10. 27 17, 20,30.
30 8. 31 17. 32 33. 33 12. 38 4, 17.
39 21, 22. 41 23. 46 12. 51 23. 52
27. 54 34, 8. 55 17. 56 3. 57 21.
59 19. 60 33, 37. 6211. 63 2. 67 22.
68 16, 23. 69 2. 70 15, 29. 72 17.
75 17. 8311. 84 24. 88 6. 90 33, 36,
12. 92 35, 12. 93 5, 8, 18. 96 33.
101 23, 29. 103 27. 104 28. 105 2.
107 1. 110 35. 117 15. 118 21, 26,
30, 17, 6s, 7s. 119 22. 120 24, 10.
122 3, 7, 12. 123 27, 36. 126 35.
136 14. 132 3ο.

ε 5 26. 9 7s. 10 15. 11 9, 14. 13 23.
15 32. 16 14. 18 22, 3ο s. 21 11. 23
21. 3019,20. 31 30. 32 22, 9. 37 23.
38 10. 3916. 41 20‚24‚30. 42 9,12.
44 15, 21, 27. 45 30. 46 17, 35, 4.
47 9s. 52 31. 53 4. 55 32, 2. 63 28.
65 2, 9. 72 36. 74 7. 77 25. 79 29,
29. 84 36. 87 19. 88 23. 91 14.
101 29, 31. 110 34. 111 6, 28. 116
6, 13.

ζ 2 2, 306. 617. 8 2. 919, 21, 23,
26 34. 11 24, 25. 16 13, 14, 19. 17
31, 32. 18 34, 25 6. 26 3, 4. 28 24.
31 25, 34 6. 32 23, 26, 28. 33 31,24.
34 17. 44 22. 50 1, 20. 53 17, 18,
20, 20. 54 35, 35. 55 36. 60 15, 16,
27. 61 9, 16. 64 27. 68 12. 69 10.
71 4. 74 27, 30. 76 1, 3. 78 28, 10,
11. 80 18. 82 36. 85 28. 87 29. 88
16, 46. 89 13, 17, 4. 90 9. 91 28,
4, 5. 92 20. 96 26. 97 10. 99 28.
100 17. 101 3. 104 5. 105 2.

η 2 23. 8 9. 16 29. 17 4. 18 3. 19 23,

32. 20 34. 23 30. 25 7, 21. 28 21.
31 15, 29, 33. 33 17. 34 15. 42 9,
9 6. 48 27. 49 19. 53 17, 27. 56
21.5710,9s. 6417. 70 27 6, 3s.
71 17, 16 6. 7410. 75 10. 81 11.
87 1.

9 131. 5 25, 5, 246. 6 30. 11 16. 13 3.
1419. 26 3,15,18. 28 3. 29 23.
31 12. 33 25. 35 16. 38 12. 39 22.
41 15, 16. 42 24. 43 13. 46 1, 16.
47 34. 50 28, 33, 2, 10, 10, 11, 22.

