πάππου - παραγγέλματος

πάππου ε 43 35. —- ζ 54 23.

παρά α 126 29. -β8118, - ζ66 2.
- 9 71 33. 97 6.

παρὰ α 3 4. 9 16. 22 8. 23 32. 28 4.
29 33, 2. 3211. 41 9,15. 42 19. 62
14. 63 3, 13. 67 4. 70 6, 6. 73 10.
77 5. 84 28. 91 7. 98 21. 107 15.
115 25. 129 12. 135 7. 136 20. 137
19, 23. 140 33. 141 6,17. — β 523.
7 1. 8 28. 17 9. 21 1. 43 29. 49 9.
51 22. 62 12. 64 25. 65 20 d. 67 1.
76 5. 79 27. 83 6. 89 3, 7, 27 s. 90
19. 91 16. 92 10. 94 16. 99 33, 7.
10219.— y 3 32. 7 35. 12 34. 16 4.
21 24. 23 16. 34 13. 36 31. 37 26.
39 13. 40 21. 421. 49 6. 52 14. 54
28. 57 20. 58 12. 60 19. 66 27. 74
34. 8122. 32 17 d. [84 32,1.] 9329.
93 6. 114 14. — 6 6 5. 8 13. 17 32.
19 10,17. 26 31. 35 24. 4030. 50 6.
55 21, 24, 28. 57 5. 65 9. 73 14.
78 13. 83 10. 85 4. 97 26. 98 32.
106 20, 28. 118 5. 123 28. 127 26.
131 24. — ε 611. 147. 211. 30 25.
35 29. 39 17. 42 6. 50 5. 58 24.
63 30. 64 4. 67 7, 16. 68 2. 76 8.
80 16. 90 2.115 27. — ζ 7 24,25.
9 31. 11 17. 13 20. 17 22. 33 26.
34 13d. 37 27. 46 4. 50 17. 57 9.
59 36. 64 5. 66 35. 67 29. 75 35.
91 29. 93 31. 96 24. 10014. 10112.
- η 2 3. 16 19. 13 32, 8. 39 29.
60 6. 66 14. 67 25. 75 17. 77 11.
36 31. -— 9 215. 514. 6 29, 9.
11 13. 19 4. 24 21. 28 4,11. 29 24.
33 19, 22. 42 30. 44 16. 45 24, 17.
48 21. 50 7. 512. 53 8. 55 19. 56 4.
58 24., 63 3. 64 29. 73 28. 76 24 d,
26 d. 78 13. 81 13. 85 12. 89 17.
95 4. 97 7. 101 15. 102 13. 104 1.

παρ’ α 2 11. 6 30. 3 2. 13 29. 20 4.
23 34. 33 9, 22. 3511. 36 16. 4013.
43 2. 46 17. 58 15. 69 16. 77 33.
95 10. 115 10. 138 4. 139 35. 146
16. - [31 21. 2 20. 3 32. 13 7d.
22 25. 29 10. 31 25. 41 33. 43 33.
62 28. 71 34. 72 32. 82 25. 102 20.
- y 3421. 5316. 106 20.- 613.
10 10. 11 14. 18 13. 41 26. 57 31.

339

62 15. 87 25. 109 22. 110 7. 114 34.
122 30. — ε 23 19, 20. 26 5. 30 9.
35 9. 49 6. 5618. 6710. 7810. 80 6.
— ζ 22 22. 32 12. 3722. 59 10. 71
12. 91 31 d. 98 27. 100 23. -— η 31
20. 66 13. 71 33. — θ 21 9. 28 8.
47 25, 31. 48 18 d. 50 6. 76 6. 85 28.
90 4. 104 32.

παραβαίνωσιν (11618.

παραβαίνειν α 78 3. —— β 71 13. —-
y 1116- 6123 22. - ε 3614.

παραβαίνοντες γ 61 35. - δ 97 21.

παρηβήκατε β 44 26.

παραβάντες γ 64 21.

παραβαίνεται γ 45 19.

παραβαινομένων γ 45 18.

παραβεβάσθαι α 123 19.

παραβαθῇ δ 23 5.

παραβαθέντι γ 67 28.

παραβήσομαι ε 47 29 d.

παραβήσεσθαι γ 12 5. - δ 122 5.

παραβήσεσθαί ε 30 1.

παρέβαλλον β 77 4. - ζ 99 11.

παραβαλεῖν γ 32 22.

παραβαλλόμενοι β 44 25. —— γ 65 11.

παραβαλλομένους γ 14 18.

παραβεβλημένοι ε 113 11. — η 2 6.

παραβάλοιτο α 133 5.

παραβοηθοῖ η 70 29.

παραβοηθεῖν γ 22 27.

παραβοηθῶν γ 23 15.

παρεβοήθουν δ 1411. -— η 37 30. 71
14 d. —- θ 94 18.

παρεβοήθει β 96 26. - ζ 161 26. -
η 53 9.

παραβεβοηθηκότες α 47 30.

παραβοηθήσαντα θ 24 33.

παραβοηθήσαντες β 90 33.

παραγγέλσεις ε 661.

παραγγέλλῃ α 129 14.

παργήγγελλεν ε 71 12.

παρήγγειλε ε 10 23.

παραγγεῖλαι ε 73 16.

παραγγείλας ε 58 29. —- η 43 22.

παραγγείλαντι ε 72 18.

παραγγελλόμενα α 121 27. - β 11
11d. 89 283. ——- γ 55 8. δ 3414.

παραγγελλομένων β 84 3.

παραγγέλματος θ 99 7.

22*

