292

17 1. 18 25, 27, 12, 14. 19 32, 20 d.
20 24, 26, 32, 2. 21 10. 22 13. 25 27.
26 19. 27 29,5, 10. 28 1,13. 29 27.
30 19, 3. 31 22, 29. 32 5. 33 31.
34 15. 35 25, 29. 36 3, 76. 37 16,
17, 30. 39 20. 41 28, 4. 42 96. 43
23. 47 4. 51 13. 52 30. 56 30. 57
18 s. 58 13. 59 9. 62 26. 69 16, 23.
70 25, 26, 27, 7, 31 6, 2s, 9s. 7116.
7233. 7310. 7714. 7822. 7916,17.
80 31, 3, 4, 5. 81 8. 82 19, 19. 83
29. 84 9, 11, 14. 85 32. 86 26, 27.
37 27.

817, 20. 2 11. 5 23,9, 246. 630, 32,
7. 7 3. 8 8, 18, 20, 22, 23. 9 23,31.
10 32. 12 21,33. 131. 15 28. 1624.
1712. 18 27,27. 20 23. 2135. 2217,
23, 4, 18, 20. 24 33, 7, 26. 25 25,
33. 26 11,14. 27 10. 28 3, 9. 29 27.
31 16. 32 6. 34 2, 6, 8. 36 30, 1.
37 20, 20. 3811. 39 28, 30, 4, 5.
40 9, 10. 41 14. 43 11. 44 8. 45 20,
29, 2, 18 s. 46 20, 3. 48 17 d. 49 26.
50 32, 32,4,17. 51 34. 52 15, 16, 22.
53 27. 54 21, 23, 23, 25, 27, 29, 5,
7, 7. 55 15, 23. 56 32, 33, 3. 53 30.
6013. 611. 63 28,1,2. 64 17,24, 1.
65 8, 15, 18. 67 17, 19, 21, 23, 27.
6810,25,27,1,4. 6927. 70 8. 7112,
22, 34. 7317. 7417. 75 14,17. 7623,
12. 78 6, 15. 79 20,33. 80 18, 20, 28,
30, 33. 81 6, 7. 82 4, 5, 14. 83 18,
20, 22. 34 2, 4, 9, 19. 85 24, 24, 32,
32. 86 19, 30, 3, 26 s. 87 30, 2. 88
4, 14. 89 26, 26, 29. 90 2, 8, 9, 14,
14, 15. 9121,24. 92 13 s, 17 s, 258,
30 s, 5d. 9410,13. 95 10. 96 7,19.
97 1. 98 9. 99 9. 100 17. 101 20.
102 13. 103 22, 25, 28. 105 26, 28,
33, 6. 106 9. 107 7. 108 16, 23.
τήν α 261. 32 32. 90 3. 919. 101 31.
118 2. 12910. 143 19, 6. — β 711.
22 12. 25 2. 29 31. 39 20,30. 4131.
56 12. 85 1. 93 10. 94 15. 100 2.
101 27. — y 3 21. 1311. 17 20, 26.
35 31. 36 11. 53 27. 62 21. 66 32.
72 23. 90 5. - 63 14,14. 13 26,27.
30 33. 41 20. 45 30, 36. 52 6. 54 5.
57 28. 92 32 s. 108 23. 123 23. —

τὸν - τήν

-— ε 10 10. 26 17. 30 36. 44 25.
619. 63 31. 69 15. 83 8. — ζ 18 29.
31 30. 34 31 s. 37 25. 5019. 54 17.
80 14. 83 33. 92 23. 93 11. 100 21.
-- η 8 30.18 3. 25 29d. 3018. 42
17, Sd. 60 14. 63 19. —- θ 4 15.
12 24. 41 2. 45 27. 46 17. 81 9.

τὴν α 2 17,6,13. 3 21,1. 5 27. 6 31.

7 24. 3 5, 8. 9 19, 24, 30, 33. 10
21,25. 1122. 12 1. 13 12, 21,26, 4.
18 29, 1, 4, 8, 12. 20 14. 22 36. 23
21, 8. 24 30, 1. 25 6, 8, 9, 13,14,23.
26 28, 28, 1, 5,12,15. 27 18. 28
32, 6. 29 22, 3. 30 6, 13, 16. 3127,
32. 32 14, 19, 27. 33 5, 7, 24, 28.
34 32. 37 27, 28, 11. 38 24. 39 8.
44 21. 45 5. 46 6, 19, 20. 4919,25,
28. 50 16, 20, 28. 518. 54 23. 55 8.
56 19. 57 29, 1, 10. 58 17, 23, 29.
59 2, 5. 61 26, 33. 62 14, 22. 63 1,
3, 3, 14. 64 20, 22, 25, 28, 30. 65
7, 9, 11, 12. 66 16. 67 25, 28. 68
14, 21. 69 30, 1, 2, 12, 16, 21, 23.
71 33, 13, 23. 72 32. 73 29. 74 12.
76 28. 77 6,19. 78 4. 814,14. 82 2.
86 29. 87 13, 14, 16. 89 18, 19. 90
28,8,17. 91 13. 92 23. 93 27,7,17,
19, 25. 95 3, 18. 96 24, 28. 97 5.
98 13, 15. 99 31. 100 10. 101 20.
102 9, 12, 17. 104 11. 105 25, 27,
30. 107 25, 32. 108 19, 21. 109 7,
11,16,17,20. 110 3. 111 11. 11317.
114 24,29,1,3. 11512,18,21. 116 7.
120 34, 2, 14. 121 3. 122 26, 31, 5.
124 26, 4. 125 17. 126 29, 32, 10,
196. 127 1, 4, 4, 6. 128 27, 3, 3.
129 13,17. 130 29, 2. 131 12,14,19,
20. 133 1. 134 12. 135 11. 136 18,
18, 24. 137 6, 7, 13, 28, 29, 32. 138
34, 5. 139 12. 140 32, 15. 141 23,
18. 142 25, 31, 6. 143 17, 25, 26,
28, 33.

β 2 29, 7, 10, 14, 18, 22. 3 24, 7. 4

24, 7. 5 30. 6 17. 7 14. 8 30. 1027,
27, 30. 11 14, 66, 66. 12 13,3ο,33.
13 2, 4, 18, 20. 14 27, 29, 30. 15 6,
7, 29. 16 31, 7. 17 13, 18. 18 7,11.
19 21. 20 2, 12. 21 25, 3. 23 8, 8.

