280

27, 11s, 25s‚ 27 s, 2d. 94 3, 8. 95
28, 1. 98 19. 99 31, 31, 5, 6. 100
14, 2, 4. 101 13. 104 8. 106 11. 108
13, 22. 109 6.

ὅ α 43 5. 66 21. 120 13,15. -β 35
26, 28. 70 3. 95 8. - y 42 36, 2.
43 19. 62 19. 6912. — 6 38 28. -
g 29 11. 34 8. 55 35. 80 10. 8710.
97 15. — η 71 14, 20. - 3 48 26.
73 9. 75 9. 99 31.

ἡ α 2 15, 27. 317,20. 6 29, 6. 1012.
11 7, 8. 12 27, 5. 13 16. 16 12. 17
23. 18 29, 6, 19. 19 33. 20 20. 23
1, 1. 24 21. 28 17. 32 24. 33 3. 35
31. 37 33. 40 15. 41 10, 10. 42 28.
44 26. 46 21. 49 14, 22, 5. 51 9,10.
55 10. 61 19, 29. 62 11. 63 7, 10.
64 32. 68 28. 71 11. 73 6, 7. 77 16,
24. 78 2. 80 23. 87 28. 91 5. 9328.
96 31. 1001 107 2. 1187,11. 1203.
12132,33. 1261. 129⁷8. 130 7.
132 25. 137 22, 27. 142 23.14318.

(3514. 828 918.11131227. 13
22d. 14 32. 15 35,14,14,30. 17
20, 24. 18 33, 7, 8. 21 24, 2, 4. 22
23. 25 16. 2735. 2923. 3015. 32 5.
34 31. 35 25. 3815. 41 4,13. 4228.
43 28, 4, 7. 45 6. 46 11. 47 23. 49
23, 6, 7, 8. 5233. 5421. 566. 57
21. 58 1, 2. 5915. 61 27, 28. 6221,
13 4d.6422,10.6534,4, 4. 68
32, 712. 762, 25, 27. 783. 7911.
87 7, 13, 22, 23. 8919. 9113. 922.
962. 979, 9, 11, 25, 33 995. 101
29.

y 3 29. 5 28. 617. 913. 13 24, 36,
2, 4, 18, 17. 23 28, 30. 26 7. 28 32,
34. 2911. 30 22. 33 33. 3410. 38 4.
39 5, 20. 40 11, 13. 45 21, 22, 26,
27, 30. 49 26, 3, 5, 6. 52 10. 53 7.
57 23. 58 5. 59 26. 6128,29. 6210,
17. 64 31. 67 33. 74 3, 7. 78 33.
80 12. 82 25, 32 d. [84 36.] 87 15.
89 11. 92 5,10. 94 16. 95 7. 96 30.
971,17 98 3.10127,34.104 23.
10.-,1110821121611328 1149.

632. 819, 3, 3. 125, 11 2019. 24
32, 33, 36 2623. 298. 3818 3929.
4111. 42 35,1,3. 4317,24. 44 5,13.

0 r
0—‘t0

45 34. 48 27. 52 35. 60 34. 65 9.
67 13, 15, 19. 69 34. 71 1. 73 3.
75 32. 76 14, 21. 77 29. 79 24. 81
24. 85 31. 86 9. 89 26. 95 35. 100
12. 102 9. 103 28,4. 104 28. 106 24.
10810. 118 4s, 7s. 119 21. 120 33.
122 31, 12. 126 6. 128 7. 133 20,
23, 25. 135 7.

ε 3 7. 8 32. 1019d,29d. 12 20. 15
23. 16 33. 20 23, 23, 24. 21 13. 23
12. 2432. 27 19. 29 18. 40 37. 43 7.
45 33,15. 47 13,13, 16 d, 16 6, 19 6,
196, 316, 326, 1s. 491. 50 2. 59
21. 66 29. 67 18. 68 3. 69 7. 70 23,
28. 73 26. 74 30. 76 3. 80 3. 82 22.
83 12. 85 4. 86 10. 88 23. 95 28, 29.
101 31. 105 7. 110 31, 31.

ζ 2 5, 7, 21. 3 13,13, 14. 4 4. 919.
10 10. 16 1. 17 21, 9. 1816. 2218.
26 6, 8. 27 13. 28 32. 30 19. 31 5,
6, 23. 38 9. 40 12. 41 27. 44 32, 6.
53 15, 19. 54 19. 55 36, 36. 57 33.
59 27, 29. 60 8. 61 21. 68 34. 69 27.
89 30, 1. 91 1, 2, 25. 93 9. 100 11,
12, 13, 21. 101 19. 102 11.

η 4 17. 6 30. 1311. 16 20. 19 25. 24
17. 25 18. 27 31. 28 23. 33 23. 34
206. 37 20. 40 2. 41 33. 43 29. 45 9.
50 9, 33, 8s. 52 25. 57 21 s. 63 2.
64 16. 65 25, 29. 67 19, 20. 70 6,
10, 33 6. 75 23, 27, 6, 22 s, 22 s. 77
18. 80 17.

θ 1 14. 2 18. 6 12, 16. 15 14. 17 17,
17. 19 1. 20 26. 21 35. 23 2, 9. 24
18. 2517. 28 2. 32 1. 34 30. 35 14.
40 17. 41 14. 45 34. 63 1. 66 27.
67 22, 22. 69 9. 72 5. 73 4. 76 31,
17. 79 22,27. 8621. 90 32, 4. 92 66.
94 2. 96 28, 2, 15. 98 25. 100 5.

ἥα 21. 12 29.7315.14124.- β
8 20. 18 6. 49 22. 5112. 59 14. —
y 33 33. 42 27. 45 25. - 611121.
126 3, 6. - ε 10 17, 196. 28 4.-
ζ5926.-η2819.816.-97ο
29. 97 2.

τό α 4 7. 5 27. 36 12. 42 22. 69 30.
93 3. 107 23. 126 1. 128 32. 131 8.
138 15. - β 12 22. 15 18. 17 12.
49 5. 84 32. 102 26. — y 11 27.

