μαντεύεσθαι- μαχόμενον 241

μαντεύεσθαι ε 18 23. μαχαιροφόρων β 96 29. - η 27 24.

μαντικήν ε10310. ’ Μαχάων β 83 13.

Μαντινείᾳ ε 47 33d. 62 20. 77 19. μάχη α 18 6. 63 8. 10518. - y 5
-— ζ 16 19. 32. 74 31. 97 17. 10511. 108 2. —

Μαντίνειαν ε 47 35, 68. 55 29. 64 20. δ 38 18. 43 17, 24. 44 13. 126 8. -

Μαντινῆς 711133. —- δ 134 29,1. ε 12 20. 51 10. 56 28. 59 21. 69 7.
- ε 29 10. 33 22, 25. 37 5. 44 22. 74 30. 76 3. —— ζ 101 9.

47 16, 25 d. 50 27. 58 18. 61 32. μάχης α 49 24. 105 3. 108 16. - β
62 16. 65 4. 67 15. 716. 72 29. 73 1117‚31. 3015. 7134. 79 21. 8112.
20. 81 25. - ζ 67 15. 68 1. — η 82 28. 8333. 972. — y 67 25. 74 6.

57 25 ε. 95 19. 113 13. - 6 34 5. 35 29.
Μαντινέων y 107 16. 108 1. 113 13. 39 21. 5430. 73 5,18. 92 30. 99 26.
- ε 29 18. 33 20. 43 9. 47 36, 12. 134 35. — ε 10 26 d. 75 9, 21, 26.
72 28. 73 25. 74 3. 78 11. -ζ 29 82 6. - ζ 49 24. 66 32. 70 13. --
12. 43 27. 89 22. 105 3. η 6 27. 24 20. — θ 26 18.
Μαντινεῦσι y 109 16. - ε 29 12. 47 μάχῃ α 11 11, 19. 108 23, 2. 109 14.
31, 4. 48 23. 69 6. 111 18. 11315. 1417.-—- β 25 8.
Μαντινεῦσιν ε 61 12. 62 17. 71 12. 26 24. 69 33. 99 2. — y 54 25. 91
75 25. 25. 10314. 11513.— 1543 12. 44 25.
Μαντινέας y 111 8. — ε 45 7. 47 20, 71 1. 7526. 92 33 S. 93 11. 95 6,1Ο.
23, 25, 27,88, 12 s, 71 10, 16. 7315. 96 20. 101 25, 3. 130 36. 131 19.
- ζ 61 34. 13316.- ε 10 21. 5115. — ζ2 24.
Μαντινικὸν ε 26 26. 16 20. 69 26. 75 14. 79 1. 88 30.
Μαντινικήν ε 64 25. 65 2. 91 35. 96 17. 97 13. — η 6 6. 11 30.
Μαντινικῶν ζ 88 4d. —- θ 23 5. 24 11, 13. 25 29. 55 14.
μάντεως y 201. 62 18. 1001.107 3.
μάντεις ζ 69 35. — η 50 5. μάχην α 62 24. 63 14. 64 30. 108 21.
μάντεσι 9 1 9. - β 2 29. 13 18. 20 31, 10. 23 32.
Μαράθουσσαν 9 3122. 79 14. 84 20 s. — y 5 4. 107 5. —
Μαραθῶνι α 18 6. - β 34 6. δ 37 19. 44 9. 689,21. 714. 9123.
Μαραθῶνί α 73 25. 93 4. 100 35. 101 21, 28. 130 29.
Μαραθῶνα ζ 5911. - ε 7 4. 911. 11 12. 1431. 5221.
ἐμαραίνετο β 49 8. 5912, 26. 65 28, 7. -ζ 4915. 67
Μαρείας α 104 6. 14. 71 14. 75 12. 98 33. - η 2 31.
μάρτυρα α 37 32. 3 18. 53 17. 81 25. — θ 45 20.
μάρτυρες α 73 17. μάχαις α 101 18. -— ε 32 27. —- ζ99
μαρτύρων ζ 14 31. 15. — η 11 26. 81 30. — 3 38 4.
μάρτυρας α 78 5. -- β 71 10. -- ὅ μάχας ὁ 55 30. 92 13. - ε 73 28.
28 198719. μάχιμον y 94 26. -ζ 23 25.
μαρτύριον α 8 30. -— ζ 82 37. μάχιμοι α 10 34.
μαρτυρίου α 33 7. 73 23. μαχίμων ὃ 125 34.
μαρτυρίῳ y1120. μαχιμώτατοι β 8133. 98 25. -
μαρτύρια y 53 8. y 108 31.
μαρτυρόμεθα ζ 80 19. μαχιμώτατοί α 110 26.
μαρτυρομένων θ 53 33. μαχιμωτάτους ζ 90 19.
Μασσαλίαν α 1311s. μάχωνται ζ 100 1.
μεμαγμένον δ 16 11. μάχεσθαι δ 74 28. 91 18. 124 19. —-
μαστιγοφόροι δ 47 3. ε 95. 58 22. - η 632. 771. 8119.
μαχαιροφόροι β 98 25. μαχόμενον (acc.) δ 96 29.

Index Thucydideus. 16

