136

35, 7, 9, 20 s. 105 35. 106 14, 17,
18, 27. 107 10, 16. 108 20. 110 28.
111 33. 112 25, 3, 4. 113 19, 23, 25,
31. 114 5, 9.115 27, 33. 116 17.

δ 1 25, 5. 2 11, 19,26,21,22. 3 28,3.
5 26, 29, 31. 6 34, 8. 8 22, 24, 28,
28, 35. 9 33. 10 19, 33, 2, 3. 11 22,
30, 33. 12 15. 13 22, 35, 36. 14 6,
11, 13, 26, 27. 16 6, 6,9, 10. 17 29,
34. 18 17, 27. 20 20, 27, 33. 21 4,
8, 13, 18. 22 25, 30. 23 14. 24 17,

17, 18. 25 2, 8, 8,

32, 12. 27 17, 18, 21, 22, 9. 28 29.
29 1, 2. 30 4, 6. 31 15. 32 12. 33
13, 26. 34 14. 35 17, 32. 36 11,12.
38 32, 35, 8,9, 13. 39 19,20, 22,24.
41 15. 42 26, 32, 5, 5, 9. 43 12,17,
24. 44 3, 11, 25. 45 34. 46 6, 19.
48 5, 24. 49 32. 50 7, 10. 52 7. 53
10. 55 16, 27, 30. 56 2. 57 19, 26,
29, 5. 58 7. 59 20, 27. 61 22, 23.
626, 11. 6533, 2, 4, 7. 6611, 16,
30. 6737, 14, 20. 6832, 5. 693.
101733. 711. 7218, 21, 24. 73
5, 7, 9. 74 34, 5. 75 23, 29, 33. 76
35, 4, 9, 17, 18. 78 12, 12. 79 25.
80 3. 83 10. 84 22. 85 9, 21. 86 7.
88 12. 89 15, 20, 25,.27. 91 14, 18,
19. 92 29, 32, 3, 4, 18, 22. 93 10.
95 2, 3, 6, 9, 10. 96 24, 25. 97 24.
98 7, 8, 20, 20. 99 23, 24, 25, 26.
101 25. 102 14. 103 31 32. 104 14.
105 33, 1, 2. 106 17,18,19. 107 30.
108 20, 32, 3, 7, 95. 11124. 112 30.
113 8,10,14. 114 24, 26 116 31.
118 33, 2,4, 10, 20, 34d, 2s, 85, 95.
122
28, 9. 12318, 18 '20, 1. 1243. 125
30. 126 27,19d. 127 29. 12811, 17.
129 28, 29. 130 20, 11, 13. 131 22,
23. 132 3, 11, 12. 133 13, 15, 17.
134 28, 30.

5 1 14, 26,, 2 36. 3 17, 27, 30. 4 12,

20, 23. 5 24, 26. 6 13, 24, 28. 7 1.
9 22. 10 14, 18, 24 d. 11 33, 4. 12
18. 14 31, 35, 5, 8, 10, 20. 15 31.
16 33, 5, 7, 18. 17 30. 18 25, 19,
208, 208, 22 8, 24 8, 248, 258, 411,

20, 22, 25, 31, 34,

ἐν

ζ

⁷]

4d, 5d, 5d. 19 10. 22 17. 2318- 19,
19,20. 253,5,10. 2624. 2715.
29 22, 22. 30 32,23.3111. 32 26,
27. 33 21, 23, 27, 28. 35 10, 21, 35,
4, 7. 36 14. 3823, 34. 39 13. 4010
41 21, 26. 423, 15. 43 26, 29. 44
14. 45 29,1, 5, 6, 9. 46 21, 22. 47
20d, 326, 33 d, 2s, 11s,11S, 128,
128, 13 8, 13 8. 49 34, 36, 9. 50 28,
32. 51 9. 52 1. 55 28. 56 19, 29.
57 2, 4, 13. 58 20. 59 13, 21, 22.
60 33, 34, 4, 5, 10, 10, 16, 18, 23.
61 37. 62 20, 21. 63 24, 1. 64 4, 5,
14. 65 7, 14. 66 26, 28. 67 15. 68
32, 33, 34. 69 10, 15, 19. 70 29. 71
32, 35. 72 17, 27. 73 18. 75 17, 31.
76 2. 77 19, 27, 2, 3. 79 18, 2224.
81 29, 31. 82 36, 2, 6, 10, 14, 16,
18, 24. 84 35. 88 21. 89 33. 90 4. ,
98 7. 103 5. 105 30. 111 7,13. 112
35. 116 3, 4.

1 25. 2 28, 6, 20. 3 12. 4 10. 6 34,
2, 3, 4. 7 16. 8 4, 9. 9 30, 35. 10
11, 19. 11 1, 25. 15 9, 15. 16 34,
5, 9, 19. 17 32, 9. 18 2, 10, 13. 20
15, 24. 21 4, 4. 2215. 23 28. 2416.
26 11. 27 12, 12, 14, 14. 28 27. 29
15. 30 26, 28. 31 33. 33 6, 23. 34
4, 23, ld, 18 d, 22 d. 35 24, 31. 37
30. 38 8. 39 35, 2. 42 5, 11. 44 13,
19, 23. 45 24, 25, 29, 30. 46 36, 8,
23. 48 7. 49 24. 50 6, 17. 51 25.
55 36, 1, 5, 9, 14. 56 20, 26, 27.
57 34. 59 1, 3, 8. 60 20, 21, 8. 61
16, 22, 22, 22, 23, 25, 33, 4. 62 14,
19,21, 23. 63 15. 64 19, 20, 34, 2, 3.
65 10, 17, 19. 66 29, 32, 33. 67 17,
19. 68 13. 69 21, 26, 26,11. 70 13.
72 32. 73 17. 74 19, 23, 25. 75 33,
2, 4,14. 76 31. 77 7. 78 29, 29. 82 7.
84 7, 9. 85 27. 87 30, 8, 9. 88 28,
34, 1, 27 S, 5d, 9d. 89 24, 36. 916,
18, 23. 92 33, 33, 8, 9. 93 33. 94
16, 17. 95 8. 97 2, 5. 98 30. 9919.
100 7, 8. 10130, 9.102 28,35. 104 4.
1 21, 22, 27,28,4. 2 29, 1. 3 15, 28.
4 24, 32, 33 5. 5 12. 6 6. [7 25]. 8
33, 7. 9 13. 11 23, 25, 27, 29. 1212.

