καὶ- κεκαυμένης

70, 30, 1, 1, 5, 7, 10,10. 71 18, 22,
22, 25, 27, 27, 27, 29, 29,30, 31,35,
1. 72 3, 4, 5, 7, 9. 73 16, 19, 20,

21, 22, 23, 25, 26, 29, 31, 33, 34,1‚

7777777 3 9 7
24, 29, 30, 30, 31, 31,1. 75 3, 5, 9,12,
13, 14, 15, 15, 16, 17,18. 76 25, 26,
28, 28, 29, 29, 30, 1, 4, 8, 9, 10, 11,
12, 16, 17, 21, 2211, 2511, 2911, 2911.
771, 2. 786, 8, 11, 12, 14,1618.
7920, 20, 2123 23, 26, 31, 33, 2,

9 7 7 5
22, 23, 26, 27, 31, 32, 33. 811, 4,
5, 6, 10, 10, 12, 15, 15, 16, 18, 25.
82 27, 28, 1, 2, 4, 6, 7, 8, 10, 11,
11, 12, 12. 83 16, 21, 23, 23, 24, 25,
27, 28. 84 1, 2, 3, 4, 5, 6,7,11, 13,
14, 15, 17, 17, 18, 20, 20, 20. 85 24,
26, 27, 29, 31, 1, 3, 4, 6, 6, 8, 8, 9,
10, 10. 86 14, 15, 17, 29, 31, 31,1,
2, 4, 8, 8, 11, 11,13,16S,188, 22 S,
238, 24 s. 87 31, 1, 6, 7, 7, 10,11,
13, 16,18, 19, 23, 25, IS, 18. 88 4,
5, 7, 10, 11, 13, 14. 89 18, 19, 20,
21, 23, 23, 25, 26, 27, 29, 1, 2, 5, 7,
11. 90 15,15,16,17,18,18,18,20,
22, 22, 24, 25, 26, 27, 27, 28, 28, 29,

7 9 7 7
91 17,19,20,2,1 22, 22, 23, 24, 27,
29, 29, 1, 2, 3, 5, 6, 6. 92 8, 8, 9, 9,

10, 11, 14, 16, 17, 19, 20, 21,22,22,
23, 24, 25, 27, 28, 30, 31, 32, 32,34,
1, 2, 3, 5, 5, 103, 108, 128, 14s,14s,
15 S, 17 S, 20 S, 21 S, 22 S, 23 S, 24 s,
25s, 26s, 268, 28 s, 29S, 30s,1d, 2d,
3d, 3d, 411, 1011, 1111. 9317,19,20,
21, 22, 24, 25, 27, 30, 32. 94 2, 3,
'''''' 9 ⁰ 7 7
20, 21, 23, 26, 27, 28, 3, 8, 12, 14,
15, 19d, 2011, 2111, 2211, 2411. 961,
3, 5,,7 9,11,13,13,14,14,,1415,
18, 19, 20, 22. 97 25, 27, 27, 29, 30,
32, 32, 33, 33, 3, 3, 5, 6, 6, 7. 98
10, 10, 12, 20, 23, 25, 26. 99 27, 30,
33, 33, 3, 3, 5, 7, 8, 11, 12, 13. 100
16, 16, 18, 19, 20, 22, 29, 32, 1, 4,
7, 8, 9, 9,11. 101 13,14,19, 20,23,
26, 26, 26, 28, 29. 102 1, 3, 6, 11,
13. 103 18, 18, 21, 25, 27, 28, 29.

207

104 34, 34, 3, 4, 6, 10,15, 18, 19,
20, 20. 105 24, 29, 30, 1, 2, 2, 4, 5,
6, 7. 106 8, ,15, 17, 20, 20, 21, 21,
23, 24, 25, 26, 28, 29. 107 1, 2, 3,
4, 6, 6, 7, 9,10. 108 13,13, 14, 16,
17, 19, 19, 22, 29, 32, 1,2, 4, 4. 109
7, 8, 8,8,10,10,11,12,16,16,17‚17.

Καιάδαν α 134 27.

Καϊκῖνον γ10312.

καινὸν y 30 28. - 6 5120. -ζ
89 5. - θ 90 10.

, καινῆς γ 92 21.

καινότητος γ 3812.

καινοῦσθαι γ 82 35.

κεκαίνωται α 71 10.

καίπερ α 21 30. 140 23. —- y 79 6.
- δ 10 29, 1. 39 29. 4118. — ε
4616. - ζ3526. - η 759. 7713s.
-— θ 40 9, 24. 56 12. 63 7. 68 3.
96 28, 11.

>scalpta ὃ 10 3.

καιρὸς y 13 28. — δ 17 34. 54 9.
77 31. 90 3. 92 20. 103 2. 126 14.
-ζ937.-η511.625. 1124.
34 30. 51 18. —- θ 1 31. 27 14.

καιροῦ β 42 11. - ε 43 10. -ζ 85
19.-η21.6911).-9272.

καιρῷ α 121 25. — β 40 8. 43 30. -
75624. -65926-ε6137,
66 28.— ζ9 1. 3134. 69 21. —
η 6418— θ 6717.

καιρὸν α 42 29. 43 5. 58 24. — β 347>7 '

14. 65 20 d. 84 6. — [y 84 36] —
δ 23 16. 27 4. 93 10. — ε 10 28.
13 26. - ζ 61 16. 8614. — θ 59.
6 30. 44 8. 52 15. 87 30.

καιροὶ α 142 23.

καιρῶν α 36 9. - η 57 3d.

καιροῖς α 41 13.’- γ 56 28.

καίτοι 911015. 37 9. 40 21. 6913.
8629.-β391.607. 644.—-y
39 1. 56 21, 35. 58 23. 62 9. 6311.
- ὃ 18 15. 60 32. 61 10. 8518. —
3105 6. — ζ 9 25.1127. 8013.
-η7716.-9728.

καύσαντες η 8014, 20.

καιομένου β 52 15.

ἐκάετο β 49 35.

κεκαυμένης ὃ 34 6.

