20 ἄλλοσέ —. ἅμα

ἄλλοσέ α 53 12. - η 51 14.

ἄλλοτε β 62 7. — y 37 33. - η
8 32. - θ 97 27.

αλλοτρίου ὃ 72 11.

αλλοτρίας β 52 14. — γ 13 35. 59 21.
742. -δ857, - 81621. -ζ695,

αλλοτρίᾳ α 32 25. —— β 39 31. - δ
95 2. — ζ 33 23. 63 15.

ἀλλοτρίαν ζ 21 6.

ἀλλοτρίων ζ 16 13.

ἀλλοτρίοις ὃ 98 4.

ἀλλοτρίαις α 78 25.

ἅλλοτριοῦντες γ 6516.

ἀλλοτριοῦται α 34 32.

αλλοτριωθεῖσαν θ 73 3.

αλλοτρίωσις α 35 31.

ἀλλοτριωτάτοις α 70 15.

ἀλλοτριώτερον γ 821511.

αλλόφυλον δ 92 3.

ἀλλοφύλου δ 86 2.

ἀλλοφύλων α 2 5.

ἀλλοφύλοις ζ 9 24. 23 28.

αλλοφύλους α 102 9. —-— ὃ 64 20.

α’λλως α 10 1. 70 30. 81 12. 83 15.
85 19. 99 27.1Ο9 10. 141 6. - β
327. 829. 162. 182. 5031. 8526.
89 288. - γ 10 21. 11 13. 20 10.
39 17. 40 18, 27. 43 17. 55 6. -τ ὃ
36 35. 78 19. 80 29. 10417. 10613.
108 10. - ε 50 30. 61 6. 97 5. —-
ζ 2 19. 6 32. 12 2. 17 5. 21 31.
23 4. 34 3d. Υ68 4. 72 26. 80 4. -
η 1 26. [7 25]. 36 10 d. 427d. 47 6.
48 17. 62 9. 75 24s. 80 23. — 9
1 20. 38 1, 4. 44 3. 45 23. 50 5.
52 13. 78 14. 80 17. 96 20. 104 19.

ἁλμυρῷ ὃ 26 32.

Ἀλμωπίας β 99 13.

Ἀλμῶπας β 99 14.

ἀλογίαν ε 111 11.

ἀλόγιστος γ 82 3. -ζ 59 27.

ἀλογίστῳ ε 99 22.

ἀλογίστως α 37 29. -· γ 45 35.

ἄλογον α 32 20. -— ζ 85 17.

ἀλόγου ε 105 7.

ἀλόγως β 65 2261.— ε 194 20. —
ζ 79 29.8413.— 9 271.

οἷλογώτερα ζ 46 5.

Ἀλόπῃ β 26 23.

Ἀλυζίαν η 31 14.
Ἅλυος α 16 13.

ἁλύσει γ 104 27.

ἁλύσεσι β 76 22, 26. — ὁ 199 6.

ἄλφιτα γ 49 31, 33.

ἄλφιτά θ 100 22.

οἷλφίτων δ 16 12·

ἆλώσιμον ὃ 914.

ἁλώσεως δ 113 5.

ἁλώσει η 24 10.

ἅλωσιν α-12 33. 23 5. - β 2 25. -
y 51 21. — ὁ 79 17. 197 7. 108 23.
109 17. 116 35. — ε 15 27. - η
32 4.

ἁλωτοί ζ 77 19.

ἅμα α 2 23, 5. 9 28, 32, 2. 14 24.
23 31,3. 25 15. 27 18. 29 30. 32 23,
32. 33 16. 36 4, 19. 37 33. 44 25.
48 34. 61 2. 64 30,.33. 67 24. 70
29. 72 32. 73 13. 76 22. 82 28. 84
23. 85 22. 92 22. 95 9. 97 11. 102
9, 20. 110 26. 112 31. 116 7..12110.
12431.13630.14133. 143 20. 144
13, 16, 28.

β239. 412,14. 512 621.1726.
205, 6. 2620. 366. 3934. 4011
42 22, 4, 11. 43 9. 49 14. 57 25.
59 15. 7616. 79 5. 80 11. 81 16.
84 34. 89 10. 90 9, 20. 91 10, 17.
94 31. 101 28. 103 14.

y 1 21. 11 20. 13 33. 15 31. 16 9.
17 23. 20 8, 11. 22 2, 21. 23 12.
24 1. 25 24, 27. 31 2. 33 31. 3535.
40 18. 47 13. 49 33. 51 30. 53 32.
5910. 61 25. 70 35. 76 7. 77 10,13.
78 29, 30. 82 21. 92 9. 96 23. 101
28. 102 9, 28. 107 27. 109 11. 110
32. 111 35. 112 24, 30, 34, 2. 114 7.
115 4, 5.

<51 1, 2. 2 18. 3 11.5 26. 63.928.
10 5. 11 16. 25 26. 27 21. 28 12.
30 4. 32 28. 33 20. 34 4, 9. 42 29.
48 15. 49 33. 50 16. 53 21. 55 27.
60 7. 67 21. 68 5, 23. 70 30. 72 9.

⁷ 73 4. 76 18. 77 2. 79 18. 80 30.
83 9. 86 25. 90 36. 93 9. 100 1.
103 10, 10. 106 18, 30. 107 1. 108
32. 117 5, 9. 123 25. 124 4, 29. 125
7. 126 20. 130 23, 36, 36. 132 33, 1.

