8 Ἀθηναίοις -Ἀθηναίους

55 1. 59 7. 66 14, 33. 6213. 63 13.
64 17. 66 10. 70 22. 71 12. 74 19.
75 6, 18. 76 21. 77 6. 81 33. 88 7,
26 s. 91 36. 92 19, 23. 93 9. 97 5.
98 26, 5. 99 9, 24, 26. 100 20. 101
13, 18, 27 s. 102 7. 105 12.

η 2 33. 3 26, 30. 5 15. 6 29, 4, 6, [16].
7 16, 26. 9 14. 16 26. 18 22, 1. 19
26, 30. 20 28, 29. 21 22. 23 14, 29.
24 12, 17. 25 33 6. 26 8. 281. 33 8.
34 33, 4, 9, 10. 36 15. 37 18. 38 3.
40 18. 41 34. 42 17, 19. 43 18 s.
44 2, 25 d. 46 22. 47 23. 48 34, 35.
49 21. 50 24. 51 10, 19. 52 30, 1. 4.
56 25, 29, 1, 9. 57 28, 6, 18 s, 24 s,
33 s, 76. 59 7. 61 11, 19. 69 21.
71 2. 73 30, 32, 4. 74 17. 81 1.
83 27, 31. 86 20. 87 23.

9 2 5, 14, 26. 5 25. 61. 8 25. 10 28.
12 25. 14 21. 20 20, 22, 31. 21 1,
6. 23 2, 10. 24 4, 28. 25 8. 26 7.
27 24. 31 16. 34 30, 3. 39 35, 2.
40 17. 41 9. 44 7. 46 12. 47 31, 5.
50 19. 52 12. 53 24. 55 10, 20, 24,
27. 56 32, 4, 12, 15. 60 8, 11, 18.
61 7. 62 16. 63 9. 64 26, 29, 4, 7.
67 26. 68 13, 4. 71 20. 73 22, 24,
28. 76 6. 78 11. 83 18. 86 33, 17s,
22s. 88 11. 94 11. 95 21 d. 96 15.
9814. 99 5. 100 33. 104 11. 105 24.
108 30.

Ἀθηναίοις α 53 32. 56 17. 61 19. 66
14,18. 86 2. 9136. 92 20. 93 3, 22.
96 29. 99 34. 10129. 102 6. 103 31.
105 17, 21. 107 14.108 28. 112 22.
120 32. 126 2136 17 137 4.

β 2 29.614.131022d.1534.185.
22 25. 2934, 2, 6. 47 24. 5528.
66 16. 68 13. 72 20. 73 13 79 26.
80 15. 86 21. 8916. 959, 12.

y210. 528. 918. 1027, 31. 268.
27 18. 28 26, 1. 33 27 5126. 70
22, 26, 36. 78 29. 87 16. 92 2 94
25. 95 17. 97 13. 113 36. 114 3.

6 8 28, 2, 14. 16 8. 24 23, 30. 26 23.
27 1. 28 31. 37 21, 24. 41 19. 44
34. 54 33. 56 33. 61 19. 67 13. 69 7.
78 22, 32. 85 33. 92 28. 103 1. 114
20. 119 12. 123 22. 130 36. 132 34.

ε 527, 1. 16 3. 11 9. 14 19. 16 33.
18 28, 1, 3, 12, 15, 86. 214. 23 3,
9, 21. 25 8. 29 25. 32 3. 35 13. 36
31. 39 16, 23. 40 7, 9. 42 7, 9, 13,
15. 44 24. 47 31, 4. 53 11. 69 13.
115 29. 116 13.

ζ 8 16, 18. 14 30. 15 20. 26 5. 34 16.
46 34, 19. 51 31. 54 22. 59 29. 67
30. 79 25. 88 21. 29. 10 6. 96 13.
161 33. 163 23.

η 1 16. 2 2. 3 29. 4 6.10 22. 23 30.
25 29, 32. 33 28, 13. 36 23, 31. 39
19, 36. 46 13. 43 17 s. 44 26 6. 48
20. 49 16. 50 23, 7s. 53 11. 60 13.
64 15. 70 28. 71 19, 22 6. 72 35.

9 18 24. 23 28 6. 25 18. 30 29. 3323.
38 14. 42 23. 48 2. 49 27. 56 1.
52 10. 56 7. 57 28, 29. 73 3. 81 21,
24, 25. 88 7. 96 26, 16. 104 7.
108 17.

Ἀθηναίους α 2 11. 14 23. 18 6, 15.
23 9. 31 2. 48 9. 49 9. 55 14. 58 15,
30. 62 5, 13. 63 13. 67 29. 69 17,
22. 70 1. 79 9,12. 81 16. 85 17.
86 8. 88 1. 90 32. 95 36, 10, 22.
102 1. 103 3. 104 8. 105 32. 109 9.
111 6. 115 10. 118 13. 121 24. 126
19, 23. 127 8. 136 6. 135 7. 139 35.

β 7 9. 8 1. 11 4. 1814. 26 33. 55 32.
57 22. 58 3. 65 19. 68 8. 76 3. 73

18. 74 26. 79 31. 83 4, 9. 86 28.,
88 21. 90 25. 92 21. 95 18.

y 10 4. 13 9. 25 28. 27 16, 22. 29 9.
52 8. 55 36. 56 34. 61 2. 62 7. 63 6.
64 18. 75 16. 82 17. 86 6. 90 33.
92 10. 98 10. 114 19. 115 34.·

6 1 28. 7 11. 10 5. 12 11, 14. 16 9,
15, 22, 23. 21 4. 22 33. 28 20. 30
32. 42 7. 48 8. 51 22. 55 11, 25.
60 37. 61 27. 62 4. 63 27. 66 27.
68 6, 10. 69 9. 70 29. 73 1, 11. 74
30, 36, 8. 76 16. 79 18. 85 37, 17.
86 5. 87 25. 90 28. 91 16, 26. 92 4.
93 36. 97 20, 23. 110 3. 114 34.
117 10. 118 11, 6s. 121 25. 128 22.
129 26. 132 29. 133 15.

ε 2 22. 5 34. 8 17, 19, 30. 10 8. 17
9, 17. 18 33, 34, 6. 29 s, 31 s, 2d.
22 23, 28. 23 34, 6, 13, 17. 27 18.

