Μακεδόνων - μάλιστα

Μακεδόνων α 51 31. 61 1. - β 29 6.
80 8 d. 9516. 99 30,16. — ὃ 83 36.
124 5,10. 127 32. 12816. -- ζ 7 24.

Μακεδόσιν δ 126 31.

Μακεδόνας α 62 19..- ὃ 125 8.

μακρηγοροίη ὁ 59 21.

μακρηγορεῖν α 68 22. — β 36 19.

μακρὰ α 69 31. 103 34. 107 22, 8.

239

μάλιστα α 2 26. 3 27. 69,15. 101.
13 21, 24. 15 32, 8. 17 19. 181.
21 23. 32 13. 33 7. 35 25, 31. 37 3.
38 18. 40 22. 41 13. 42 23. 43 5.
44 23. 49 26. 54 28. 63 7. 67 3. 74 8.
75 3. 76 30. 84 21, 24. 93 14, 18.
102 2. 105 10. 118 34. 122 14. 138
7, 16. 140 12. 141 14.

108 27. - β 13 15 d. 17 25. - ὃ β 4 30. 10 3.15 15. 18 8. 19 20. 21

66 27. 69 11. 73 15. 109 15. - ε
26 19. 73 27. 82 21.

μακροῦ β 13 14 d. — ε 10 36. - ζ
15 19. 91 4.

μακρᾶς α 102 4. - ζ 66 30.

μακρῷ ὃ 102 23.

μακρᾷ ὃ 118 14.

μακρὰν y 13 36. 55 37. - η 13 3.

μακραί δ 16 7.

μακρῶν α 41 7. - 3 71 23.

μακροῖς α 14 15.

μακραῖς β 76 22. - 3 34 32.

μακρότατον α 1 12.

μακρότατα ζ 31 22.

μακρότερος y 6019.

μακρότερον α 123 8. - δ 41 17.

μακροτέραν ζ 98 5.

μακρότερα γ 39 7. 52 23.

μακροτέρους ὁ 17 32.

μάλα y10417s.— δ 118 8s.

μαλακίας α 122 4. -— β 40 8. -
ε 7 33.

μαλακίᾳ β 61 1.

μαλακίαν β 85 29. —- ε 75 17.

μαλακίζηται ζ 29 11.

μαλακίζεσθαι γ 37 5.

ἐμαλακίσθη β 42 33.

μαλακισθῆτε ε 9 7 S.

μαλακισθῆναι β 43 8. - ε 72 21.

μαλακισθῆναί η 68 21.

μαλακισθέντες y 40 35. — η 77 10 S.

μαλακὸς β 18 4. — ζ1313. —— θ
29 23.

μαλακῶς ζ 78 15.

μαλακωτέρας y 4517.

μαλακωτέρως θ 50 12.

IVIocZ8'cc y 617.

ῘΫΙαλέας θ 39 34.

Μαλέᾳ y 4 22.

Μαλέαν ὃ 53 16. 54 28.

31, 3. 22 13. 36 13. 37 8, 9. 40 19.
43 5. 47 28, 29. 49 17. 50 26. 5120.
54 23. 57 28. 58 10. 64 16. 12 22.
80 20. 86 23. 87 23. 89 27. 90 23.
92 27. 97 22. 98 23.

y 12 1. 13 9. 17 25. 20 4. 21 18. 28
33. 29 13. 30 23. 34 10. 37 34. 38
32,15. 39 26,11. 40 28. 41 7. 4431.
47 4. 49 24, 29. 62 5. 63 36. 18 31.
[84 31, 33]. 85 22. 81 25. 90 31.
92 22. 93 27. 95 35. 97 7,11. 98 2.
101 29. 104 34, 16 s. 105 33. 108 1.
109 12, 20. 113 19.

«5127.32.420. 531. 89. 94,8.
12 15. 13 22. 17 31. 18 27. 21 10.
24 20. 26 2, 5. 27 27. 31 14. 33 21.
40 31. 43 29. 52 2. 54 10. 55 23.
57 20. 58 14. 59 17. 61 14. 63 31.
66 28. 74 36, 7, 11. 76 13. 79 22.
80 27, 2, 7, 14. 81 26. 86 32. 91 19.
92 5. 93 14. 96 6. 100 9. 103 34.
104 29, 32. 108 24. 110 2. 115 16, 23.
124 9.

ε 3 20. 6 25. 9 30. 13 28. 16 35, 3.
21 15. 25 13. 28 4. 2925. 3617,19.
43 10. 60 10. 66 27. 71 35. 72 24,
35. 83 13. 84 25. 106 8.

ζ 1 26. 614. 9 28. 114,10. 15 6.
16 10. 20 19, 26. 22 21, 23. 24 8.
28 28. 31 23. 33 5. 34 6, 11, 15 d.
38 21. 46 2. 47 26. 48 8. 49 16, 23.
57 11. 67 20,25. 7813. 8330. 8416.
91 17, 20, 29 d. 93 3. 104 22.

η 1 14. 8 33, 1. 18 25. 19 26. 28 28.
29 30, 9. 30 32. 32 15. 36 25, 5d.
37 32. 42 8, 32. 47 30. 50 27. 59 10.
60 1. 62 4. 79 4. 80 22, 27. 83 6.
84 27.

9 1 28. 214‚19. 4 21. 611. 26 6.
28 30. 34 3. 45 25. 47 29. 4813,31.

