33, 1, 3. 102 6, 11, 22, 25, 31, 32.
103 13.

y 1 22, 27. 2 30, 2. 3 25, 29, 31, 31,
35, 3. 4 7, 8, 20. 5 28, 3. 6 6, 13,
15, 16. 7 19, 31. 8 1, 5. 9 12, 16.
10 27, 29, 33, 34, 1, 3, 7. 11 10,11,
15, 22, 25, 29. 12 36, 11. 13 15, 18,
19, 28, 3, 7. 14 18, 19, 21. 15 23,
32. 16 34, 6, 12, 16. 17 19, 22, 29.
18 33, 5, 9, 14. 19 19, 23. 20 3, 6,
8, 9. 21 14, 17, 21, 27. 22 31, 35,

23, 25, 30. 24 31, 14,16. 2519126'
2, 4,.5 2713, 18. 2823, 29, 33,2.
29 11, 13, 15. 30 23. 314. 32 7,14,
16. 33 22, 27, 29, 1, 3. 34 6,10‚ 16,
17, 22, 26. 35 31, 2, 2. 36 4, 8, 11.
37 10, 22, 23. 38 31, 33, 4, 6,8, 10,
13, 15, 16, 21. 39 29, 3, 6, 7, 1ο,12,
15, 18, 19, 21, 29 s, 33 s. 40 3, 12,
16, 18, 19, 21, 28, 36 d. 42 12, 13,
20, 22, 31, 33. 43 8, 15, 20. 44 23,
30, 4. 45 8, 18, 27. 46 11, 17, 26.
47 30, 36, 7. 48 14, 16. 49 23, 23,
26, 29, 30, 35, 35, 2. 50 9, 11, 12,
14, 17. 51 21, 24, 25, 35. 52 1, 4, 5,
20, 23. 55 34, 35, 37, 8, 9. 56 11,
12, 20, 24, 32. 57 4, 6, 10, 13, 19.
58 31, 36, 36, 7, 10, 14. 59 22, 2, 7,
14. 60 16. 61 27, 27, 30, 35. 62 3,
6,13. 63 28,7,10, 13. 6415,16,
18, 30. 65 34, 5, 7, 10. 0618, 23,
27„292. 676, 8, 16, 19,23, 3133.
683, 3, 15, 17, 17, 18, 21, 28. 69
36, 11. 70 17, 23, 27, 30, 31. 71 6,
16, 10, 11. 72 15, 17,20, 23. 74 35.
75 18, 20, 22, 23, 25, 32. 76 1, 5, 7.
77 8, 13, 15, 16, 16, 18. 78 24, 27.
79 3, 8, 8. 80 9, 14. 81 24, 33. 82
26, 30, 4, 4, 7, 11, 12, 25 d, 31 d, 2s,
5s, 9s, 10 s. 83 15, 17, 24. [84 30,
33, 3, 3.] 85 14, 19. 86 31, 1, 2, 3,
9. 87 18, 18, 22, 23. 88 29, 31, 31,
33, 35. 89 8, 19, 26. 90 31, 37, 2.

5, 7, 15, 19, 20, 23. 93 25, '30.'94
17, 27, 30, 32. 95 34, 9, 15, 15. 96
20, 30. 97 35, 4, 11, 16. 98 20, 21,

δὲ

85

28, 30, 1, 5, 6, 8. 99 11. 101 25, 29,
2, 2. 102 4, 12, 12, 19, 20. 103 6.
104 19, 23, 34, 6, 12, 18 8, 218, 22 8.
105 32, 33, 34, 3, 8. 106 18, 22, 22.
107 27, 29, 32, 34, 2, 11, 13,15,16.
108 29, 32, 1. 109 4,11,13,14,20.
110 25.11136,3.11216, 21, 30, 32,
33, 35, 8. 11321, 27. 1142, 5, 9,
10,19,23. 115 31, 1, 5, 8, 10.116
14, 18, 19.

3 30, 32, 4, 5, 7. 4 12,17. 5 25, 30,
33. 6 3. 7 9, 11. 8 16,18, 20, 25,26,
30, 34, 7, 11, 17 d, 23 d. 9 27,6‚ 10.
10 24, 29, 33. 11 14, 17, 18, 20, 24,
34. 12 13, 16. 13 22, 23, 26. 14 6,
7, 23. 15 29. 16 4, 9, 13,13, 15, 19,
21, 22, 27. 1732, 34, 36, 1, 4, 7.
18 11, 16, 20. 1933,2,17. 2018,
21,24,.29215,6,,,,.79101522
20, 21, 24, 27, 29. 23 6, 10 14. 24
17, 22, 24, 31, 35. 25 10,11,13, 30,
31, 68, 98,108, 14 8, 188. 26 20,
29, 33, 5, 8, 10, 11, 16. 27 17, 26,
30, 32, 4. 28 10, 14, 15, 18, 27, 29,
31. 29 4, 20. 30 23, 25, 2. 31 9,12,
17. 32 24, 29, 35, 5. 33 12, 17, 21.
34 28, 4, 13. 35 17, 20, 23, 27, 31.
36 33, 35, 2, 8. 37 17. 38 25, 27, 31,
34, 37, 5, 11, 16, 17. 39 19, 23. 41
6, 9, 14, 21. 42 27, 28, 29, 34, 1, 2,
2, 7. 43 14, 16, 21, 23, 27, 28, 29.
44 3, 5, 8, 14,15, 17, 25, 26. 45 27,
28, 1. 46 3, 9, 10,12,16. 47 24, 27,
32. 48 7, 11, 13, 15, 24, 29. 50 14.
53 10, 13, 15, 15. 54 27, 4. 55 11,
12, 14, 19, 30. 56 3, 5, 8, 11, 12.
57 18, 24, 26, 3, 5. 59 18, 23, 24, 25.
61 16, 19, 20, 23, 31, 31, 1. 62 5, 9,
13, 22. 63 32, 4. 6415, 19, 22. 65
31, 32, 35, 1, 3. 66 18, 20, 28, 32.
67 1. 68 28, 31, 5, 9, 10, 12,15, 22.
69 25, 30, 8. 70 14, 20, 23, 24, 26,
31. 71 34, 36, 7. 72 9, 12, 15, 19,
23, 32. 73 33, 3, 7, 11, 15, 20, 22.
74 34, 1, 4, 5. 76 35, 9, 11, 14, 16,
18, 27. 77 30, 32, 3. 78 10, 17, 29,

’’’’’

