1ο5, 135, 145, 15 5, 17 5. 26 21,24,
25, 28, 32, 35, 35, 35, 36, 2, 2, 4, 9,
11, 13. 27 18, 19, 22, 29, 34, 2, 6,
7, 9. 28 11, 12, 16, 17, 19, 19, 21,
23, 25, 27, 27, 28, 32. 29 36, 1, 6,
8, 8, ιο, 11, 14. 30 27, 28,1,3,4, 7.
31 13, 14, 17, 17, 18, 20, 21,21. 32
27, 29, 30, 32, 33, 35, 2, 7, 8, 8, 8,
10, 12. 33 13, 14, 15, 17,2ο,22,24,
25. 34 31, 32, 1, 2, 2, 3, 5, 8, 15.

²
35, 36, 5, 6, 7, 9, 10, 15,16. 37 17,
18, 20, 22, 24. 38 26, 29, 29,34,36,
1, 6, 7, 7, 10, 13, 14, 16, 17. 3921,
24, 24, 27, 28. 40 34, 4. 41 10, 13,
15, 16, 17, 20, 21. 42 25, 26, 27,28,
28, 30, 33, 5, 5, 8. 43 11,14,16,17,
17, 18, 19, 20, 23, 26, 28. 44 2, 2,
3, 5, 10, 14, 15, 18, 20, 22, 25. 45
29, 29, 30, 31, 33, 33, 35, 36, 36.

καὶ

463, 4, 9, 13, 20. 47 24, 26, 28, 33,-

1,.1 484„„,68131415,17„18
21, 22, 27, 29. 49 32, 32, 35, 2. 50
7,15 51 19, 20, 22, 23, 24. 52 27,
28, 28, 30, 31, 31, 33, 35, 2, 3, 5, 5,
7, 8. 53 10,11,12, 14,14,17,19,20,
21, 23. 54 25, 29, 30, 32, 33, 35, 36,
36,1, 3, 6, 7, 7, 8, 8. 55 12,16,19,
19,20,20, 22, 25, 27, 27, 28, 30, 31.
56 2, 3, 3, 6, 7, 9,11,14, 15. 57 20,
22, 26, 28, 28, 30, 33, 34, 1. 58 7,
9, 11, 12, 13, 14. 59 19, 27, 30, 31.
60 36, 2, 5, 5, 7, 9. 61 13, 14, 16,
17, 17, 26, 27, 28, 1. 62 3, 6, 9, 9,
14, 16, 17, 21, 21, 23. 63 25, 26,28,
31, 35, 3. 64 5, 5, 6, 7, 10, 11, 12,
16, 16, 17, 18, 21, 25, 26, 27.

6734,1,3,4„51111,15,15,1,9
20, 21, 22, 23, 24, 26. 68 28, 29, 31,
33, 35, 5, 7, 8,12,14,16,17,18,
23. 69 26, 29, 30, 31, 32, 34, 35, 35,

36, 37„„„13591112. 7015,16,

18, 22, 22, 24, 30, 32. 711, 4„55.
72 10, 11,12, 13, 14,14,17,18,23,
24, 26, 27, 28, 29. 73 33, 34, 35, 2,
5, 6, 8, 13, 15, 16, 17, 21, 22, 24.
74 26, 27, 29, 31, 32, 33, 35, 5, 7, 8,10,
11. 75 17, 20, 23, 24,26, 28,31, 31.

65 34,

201

76 35, 3, 5, 6, 12, 13, 15,21,21,22,
24, 25. 77 34, 3, 5, 6, 7. 78 11,12,
14, 15, 16, 16, 16, 17,18,20,21, 25,
28, 30, 31, 32, 32, 33, 1, 4, 5, 7. 79
13, 14, 16, 18, 21, 22. 80 26,29,29,
30, 32, 33, 5, 6, 7, 7, 8, 10, 11. 81
15, 16, 18, 21, 22, 24, 27, 29. 82 32.
83 34, 37, 4, 5, 6, 8, 9, 17, 17. 84
22, 26, 28, 29. 85 31, 1, 3, 5, 6, 8,
10, 11, 11, 13, 14, 15, 17. 86 25,
31, 2, 4. 87 11, 13, 16, 17, 18, 19,
22, 23, 33, 35, 35, 1. 88 6, 7, 10,
11. 89 14, 15, 19,20, 23, 26. 90 29,
29, 31, 33, 35, 36, 1, 2, 3, 6, 6, 9,
12. 91 15, 16, 22, 23,26. 92 31, 33,
34, 1, 3, 4, 5, 6, 7, 7, 8, 9, 10, 11,
18, 19, 29 s, 30 5, 33 5. 93 36, 1, 4,
7, 10, 12, 13, 14, 15, 16, 17, 17,18,

7 7 7 ·
95 1, 4, 7, 9. 96 12, 15,15, 17,17,
17, 29, 20, 21, 22, 23, 24, 26,27,28,
30, 31, 34, 36, 1, 1, 3, 3, 6, 7, 10,
10. 97 12, 13, 14, 16, 18, 24, 27, 29.
98 1, 2, 2, 3, 5, 11, 12, 13, 15. 99
27, 30. 100 32, 34, 34, 35, 36, 1, 2,
4, 5, 6, 7, 8, 9, 10, 13, 13, 14, 16.
101 21, 24, 26, 27, 28, 31, 32, 33,35,
35, 1, 3, 5, 5. 102 10, 12,12,13,15,
20, 25. 103 27, 27, 28, 30, 30, 33,
35, 1, 2, 4, 5, 8, 10, 11,12. 10414,

7 Ἰ ³

6, 7, 8, 10. 106 13, 14, 15, 18, 20,
21, 22, 23, 24, 25, 26, 27. 107 31,
32, 36, 2, 4, 5, 6, 7. 108 10,11,12,
18, 20, 21, 23, 24, 26, 26, 27,33, 34,
2, 4, 7, 95, 115,125,135. 109 17,
20, 24, 24, 24, 24, 26, 27, 27, 28,28,
28, 29, 30, 31. 110 34, 35, 35, 3, 5,
6, 11, 13. 111 16, 17,18, 21,24, 26.
112 28, 30, 31, 33, 1, 2, 3. 113 6,14.
114 16, 21, 25, 26, 39, 5, 7. 115 8,
,1,1 12,15,16,18, 18,19,21,22,
23, 25. 116 25, 26, 28, 28, 29, 32,

Ί
13,14,16,17,19,20.11821,23,
24, 25, 28, 29, 29, 29, 31, 1, 4,8,8,
10,11,12,13,13,16,16,17,18,18,
18, 19, 22d, 246, 286, 336, 336,
35, 55 119 11,12,12,14,22. 120

