122

ἔσεσθαι α 1 4. 22 16. 33 20. 44 20.
91 15. 105 32. 118 16. — β 3 1.
5 27. 13 23 d. 20 14. 44 27. 54 19.
72 11. 75 13. — y 40 14. 44 32.
53 29.-(5312814. 1820. 327.

.6811, 21. 714. 856. 8625. 889.
9228s, 1221. -ε407, 502. 53
10. 59 21. 71 16. 759. -ζ2413.
25 30. 4418. 48 9. 72 4. - η 418.
18 28. 36 20, 24, 31. 48 16. 56 29.
6227. 84 14. —3211. 4431. 75
15. 86 158. 89 12. 93 28.

ἐσόμενος ζ 31 12.

ἐσόμενον α 36 4. — δ 27 24. 66 21.
—- 828210528. -ζ 1728.-
η 5 22.

ἐσομένου η 36 11 d.

ἐσομένην β 13 4. - δ 27 21.

ἐσόμενοι η 64 15.

ἐσόμενα y 82 25.

ἐσομένων β 7 8.

ἐσομένους δ 1144. 126 33. — ζ 102 4.
— η 64 8.

εἶμι β 36 22.

ἴμεν α 82 31.

ἴτε α 40 20.

ἴῃα4419. - 87730- ζ7924.
- 3 37 26, 29. 58 16, 18.

ἴωμεν ζ 18 8.

ἴωσι y 46 29. — ε 23 6.

ἴωσιν α 58 22. 143 26. — δ 42 10.—
ε 23 33. 43 6. 47 26, 36.

ἴοιεν η 80 32.

ἰέναι α 4 9. 26 29. 27 19. 37 27. 40
23. 718. 85 21. 918. 118 6. 12314.
-- β 216. 1131. 62 30. 93 26. —
y 15 27. 55 8. 66 20. 91 16. 97 1.
— δ 29 19. 68 2. 78 32. 91 25. 93
36. — ε 18 22. 30 24. 62 15. 6412.
—- ζ 1131. 2011. 23 29. 65 10.
80 3. 92 10. 96 14. - η 21 25. 35
29. 57 27 S. 7413. 78 5. —- 3 22 17.

23 21. 27 9. 37 10, 16. 58 12. 92
10 s, 12 s, 7d.

ι’ὼν 3 128 13.

ἰοῦσα δ 100 12.

ἰόντι ε 10 2.

ἰόντα θ 50 5.

ἰόντες α 41 14. 78 30. - β 3 33. 80

ἔσεσθαι- εἰπεῖν

116. - <585 8. 118 2511, 2811.—
ε 58 1. 62 20. 65 20. 66 25. — ζ
30 31. 63 3. 64 22. — η 76 2411.

ἰόντων β 81 17 s. — y 62 7. 64 32.
— ὁ 118 28 d.

ἰοῦσι ὃ 118 18.

ἰοῦσιν α 40 15. — η 80 25.

ἰόντας α 121 28. — δ 97 22. 118 2s.
— ε 2316,17. 47 6s‚ 8s. 65 31.
— ζ 78 16.

ᾔει y 93 1. — ζ 33 28.

ᾔεσαν β 3 8. - y 22 2. 24 6. 80 11.
10711.— δ7223.-“ε172.-
3 92 24.

ἦσαν α 1 5.

ἰτέον 3 2 8.

εἴπερ α 69 1. 70 29. 77 20. 124 22.
-β89 32. - y113 23. — 2520
18. 55 23. 64 21. - ε 32 13. - ζ,
14 27. 21 29. 3819. — η 64 13.—
3 92 2 d.

εἴπατε ε 85 9.

εἶπον α 22 35. 36 21. 43 10. 51 6.
53 7. 72 25. 79 7. 87 23. 119 21.
124 9. 131 16. — y 8 2, 6. 15 23.
60 16. 68 3. 717,10. — δ 218,25.
213. 64 5. 65 34. 87 14. -ε 30 19.
38 37. 6031. — ζ 931. - η 10 20.
35 28. — 3 67 19. 69 27.

εἷπε β7215. - 3118 31d. — ζ 24 6.
- 3 87 25.

εἶπεν α 85 24. 915. 145 6. — β 72 27.
- y 41 5. 49 23. 5215. 113 20,21.
-- ὁ 14 17. 58 15. 88 3. 89 23. —“
ζ 1536. 19 34. 25 27. 35 23. 41 22.
81 32. 82 37. 88 20. 93 27. - 3
92 18.

εἴπῃ β 24 16.

εἴπωσιν ε 38 5.

εἴποι α 70 31 d.

εἴποιεν η 69 12.

εἰπεῖν α 1 10. 22 4. 68 18. 72 3. 93 6.
138 17. - β 6 18. 35 25. 51 7. 54
23. 67 14. — γ 3 29. 38 15, 21. 39
14. 40 12. 42 19. 52 23. 60 18. 61
22. 82 15. — δ 22 27, 30. 84 30.
88 5. 98 19. — ε 46 31. 105 3. —
ζ 2 30. 13 22. 36 28. 51 24. 60 27.
72 27. 82 36, 11. 89 14. — η 8 10.

