200

51 26, 27, 29, 29, 32, 33, 36, 37. 52
1, 8, 13, 16, 21, 23, 24, 25. 53 29,
30, 34, 3, 4, 7,10. 54 14,14‚ 16,17,
21, 24, 27, 29. 55 33, 33, 36, 4, 5, 6,
7, 7. 56 12, 13, 14, 17, 18, 22, 22,
26, 27, 28, 33, 36, 2. 57 11,13, 16,
17, 19, 21, 21. 58 24, 25, 26,29,33,
34, 35, 1, 3, 4, 10, 11,12,13,14,16,
17. 59 19, 22, 24, 25, 26, 28, 31, 2,
4, 8, 12, 14. 60 18, 19. 61 22, 23,
24, 25, 26, 32, 2, 3. 62 3, 4, 5, 12,
14, 17, 20, 21, 22, 24, 25, 26, 27. 63
29, 31, 33, 34, 1, 2, 3, 5, 7. 64 16,
19, 21, 22, 23, 24, 29, 33. 65 1,4, 5,
5, 11, 12, 15. 66 21, 21, 23, 29, 31,
33, 33, 1. 67 3, 4, 4, 6, 7,10,12,12,
16, 20, 23, 24, 27, 28, 29. 68 8, 12,
13, 15, 17, 19, 24, 24, 24, 25,26, 27,
29, 30, 33, 34. 69 2, 3, 5, 6, 12, 13.
70 18, 20, 20, 21, 23, 24, 25,29, 31,
33, 35, 1, 1, 3, 4. 71 6, 7, 8, 16, 11,
13. 72 16, 19, 20, 21, 22,22, 24, 25.
73 26, 27, 28. 74 31, 32, 34, 37, 1,
3, 3, 5, 7, 8. 75 11, 12, 15, 16, 17,
21, 25, 28, 31, 33, 34. 76 5, 5, 6.
77 8, 9, 10, 12, 20. 78 20, 20, 22,
25, 26, 27, 28, 30, 32. 79 34, 37, 1,
3, 6, 7. 80 11,16,18,20. 81 22,27,
30, 33, 1, 7, 7, 9, 10, 11, 11,12,12,
14. 82 15, 18, 18, 20, 21, 23,24, 25,
26, 26, 28, 29, 31, 33, 1, 1, 5, 8,10,
12, 13, 14, 14, 18 6, 216, 23 d, 28 d,
286, 316, 326, 336, 366, 4s, 6s.
83 13, 19, 21, 22, 24. [84 28,34,36,
1, 9]. 85 12, 13, 16, 17, 18, 19, 19,
26, 21, 22, 25. 86 28, 29, 30, 32, 1,
5, 7, 7, 13. 87 19, 21, 22,23,24,24,
25. 88 26, 26, 32, 33, 35, 36, 3, 3.
895, 9,9,12,13,13, 14161818,
19, 21, 21, 22, 24. 90 28, 29, 36, 1,
3, 4, 4, 6, 6, 7, 8, 8. 91 12,13,15,
22, 24, 25, 25, 26, 27, 28, 29, 31. 92
5, 7, 9, 9, 16, 17, 18, 18, 26,26,23.
93 26, 31, 33, 34, 3, 5. 94 7, 8, 13,
13, 14, 14, 15, 16, 16, 24,24, 26,27,
28, 30, 32, 33. 95 35, 6, 11, 12, 12,
16, 18, 26. 96 24, 25, 25, 26, 33, 34.
97 36, 2, 4, 8, 9, 13, 14, 14, 16,17.
98 19, 22, [23], 24, 25,26, 26, 36, 31,

καὶ

33, 35, 36, 1, 2, 3, 5, 7, 9. 99 11,
13. 100 16, 17, 18, 20, 24, 25. 101
28, 30, 31, 34, 35, 35, 35,35,1,1‚3.
102 5, 7, 7, 9, 16, 15, 17, 2ο,22,24,
24, 25, 27, 28, 30, 30, 33. 103 1, 3,
5, 8, 9, 16, 16, 14. 10416,17,21,
25, 26, 28, 30, 31, 32, 33, 33, 33, 4,
4, 6, 6, 9, 16s, 19s, 20s, 21s, 22s,
24s. 105 29 33, 3, 5, 7, 8,11. 106
15, 18, 19, 20, 21, 24, 24, 25, 26.
107 28, 31, 33, 35, 37, 4, 5, 6, 8, 8,
13, 14, 15, 17, 19, 19. 108 21, 23,
24, 26, 27, 29, 30, 30, 33, 34, 35, 2.
109 4, 5, 7, 8, 9, 10, 10, 11, 12,16,
16, 17, 19, 20, 22, 23, 24. 110 25, 29,
31, 31. 111 33, 34, 37, 2, 2, 4, 4, 6,
8, 9, 10, 11, 13. 112 19, 20, 21, 24,
25, 26, 28, 29, 30, 31, 34, 35, 36, 37,
38, 1, 2, 5, 8. 113 9,13,17,25, 27,
28 ‚‚‚‚‚
11,12,12‚14,14,15,16,19,21,24.
115 30, 3, 8, 13. 116 15, 15, 21.

6 1 24, 26, 28, 1, 3, 4, 6, 8. 2 11,13,

15, 16, 18, 20, 22. 3 26, 27, 29, 31,
33, 35, 35, 1, 1, 1, 3, 9, 10, 11. 413,
16, 18, 19, 21, 25. 5 26, 28, 31, 33.
6 2, 3, 7. 7 12,13,14,14. 8 17,20,
22, 23, 25, 27, 29, 32, 34, 34, 1,4, 5,
6, 8, 8, 13, 18 d, 19 d, 21 d, 22 d, 23 d,

7 77777
3, 4, 7, 10,16. 10 22, 24, 25,
2, 5, 6, 7, 8, 9, 9,11. 1113,
19, 20, 22, 23, 25, 26, 27, 28,
35. 12 36, 36, 2, 3, 4, 5, 9,
13, 16, 16. 13 18, 19, 25, 28,
36. 14 2, 2, 3, 4, 5, 7, 8, 9,
14, 15, 17, 18, 21, 21,24,24,
25, 26, 27. 15 32, 33, 3. 16 6,8, 11,
12, 13, 14, 15, 16, 19, 22, 23,25,26.
17 30, 4, 4, 6, 8, 10. 18 11,19, 19,
22, 25, 29, 31, 32. 19 33, 34, 1, 1,
3, 5, 7, 10, 14, 17. 20 21, 23, 23,
25, 26, 27, 33, 34. 21 6, 12, 12, 13,
15, 15, 16, 18, 19. 22 22, 25,26, 31,
32. 23 1, 3, 5, 6, 8, 10, 12, 15. 24
17, 20, 21, 22, 24, 27, 27, 31,32,33,
35, 36, 1. 25 2, 6, 6, 8, 9, 12, 12,
14, 14, 16, 17, 19, 20, 20, 23, 24,26.
27,33,33, 34, 1, 28, 38, 48, 68, 88,

J

34,
32,
17,
34,
11,
33,
13,

33,
30,
16,
32,
10,
30,
11,

