24

ἀμφοτέρους - ἄν

ἀμφοτέρους α 28 16. - β 9 7. 72 y 11 9, 16, 20, 27, 31. 13 6. 28 30

26‚2. — 68918. —51836—
θ 37 21, 22. 46 23, 11. 56 2.

ιῖμφοτέρας δ 123 30.
ἀμφοτέρωθεν α 6432. — y 18 18.

21 21. 26 36. - 6 1 31. 11 19. 36
16. 43 29. 66 17. 96 36. 167 1. 111
24. - s 10 7. 16 34. 37 17. 73 10.
-η225.-92536.

ἄμφω ε 23 4, 11.

ιῖμφοῖν ε 29 24.
ἄν α 16 9. 2123. 4618. 42 22.

c’c'v α 2 24. 6 17.

79 1.

7012.
81 3. 122 16. 136 31. 142 28, 5. -
β 6 19. 11106. 3527. 3922. 4133.
43 16. 44 18. 48 13. 63 13. 64 4.
87 2. 89 2. 93 31. 9416. — y 28
27. 30 22. 38 3. 53 9. 75 30. 89 26.
92 12. — 6 10 9. 18 23. 27 9. 30 8.
4615. 5926. 6211. 7825.—- 5918.
87 20, 20. 93 24. 105 3. 111 3. —
ζ 9 33. 112. 18 33, 366. 34 6d.
37 27. 38 22. 52 2. 55 33. 78 12.
91 19. - η 28 36. 29 32. 44 30.
48 12, 29. 55 14. 69 12. — 9 11 8.
66 12. 67 27. 68 27. 81 21. 96 8.
9 4, 5. 10 13, 20,21.
11 12, 19, 21. 21 31. 22 2. 28 5,
5, 17. 29 6. 33 7, 11, 19. 34 8. 35
12, 24. 36 13, 14. 37 7, 7. 38 20.
40 11,19. 4417. 57 6. 58 30. 68 21,
26, 29. . -

11, 30. 74 26, 28. 75 8. 76 14,15,
29, 36. 77 4, 10, 18, 18. 78 6. 86
19, 26, 21. 82 33. 84 22. 96 24,1,
10. 91 32. 102 5. 120 28, 14. 121
33, 5, 8. 122 22, 36. 126 11. 127 3.

132 26. 135 13. 136 27, 32. 139 3,
12. 140 33, 10, 12, 18. 143 16, 19,

49s 710.111728.1810. 202,
2. 3434, 8. 35 26, 31. 36 23 4621.
411, 1. 4225. 433. 4412, 19, 24.
4533, 6. 4814. 492. 5130. 531.
60 12,14, 16. 6210, 34. 65 11s
7018. 728, 9, 10. 74 28. 77 17. 80
13, 146 812, 5. 833. 84 24. 87
21, 34. 89 6, 19, 21, 24 s. 93 33, 1.
94 17, 18. 162 26, 2, 76.

3027, 31. 373, 7, 9, 11, 19. 3911,
17. 40 20, 33, 2s. 42 20, 21, 24, 28,
30, 1. 43 20. 44 3. 46 9. 47 30. 53
31, 5, 6. 56 17. 58 34, 8. 59 24,
25, 6. 61 22. 64 27. 71 8. 82 19, 25,
27. [84 31, 4]. 94 19. 95 2. 97 2.
113 37.

ὃ 3 10. 10 22. 15 32. 16 18, 24. 17

29, 34, 10. 18 22, 25, 26, 27. 19 5,
6. 2120. 22 23. 2430. 26 35. 28 17.
29 12, 15,16,17, 18, 21. 3123. 361.
37 25. 40 2. 47 30. 54 2. 59 28. 61
34. 62 9. 63 3. 69 29, 10.
10, 12. 78 35, 35. 80 7. 83 15. 85
10,12. 86 24, 2, 3, 5. 87 11, 28, 31.
88 9. 92 32, 35. 97 19. 98 36, 2, 6.
99 28. 10419. 106 17, 30. 108 16, 2.
114 36, 2, 5. 117 7. 118 12, 16, 27 6,
75. 126 11. 121 25. 126 20, 37, 5,
8, 11, 186. 1282.

73 7, 9,

ε422.51.617. 715.826,31.9

10, 10, 17, 19. 16 32. 11 7, 8. 15 30.
16 1. 18 37, 3, 30 s, 86. 22 24, 28,
28. 23 35, 7, 22. 29 24. 30 3, 16, 21.
32 32, 32. 34 35. 36 29. 37 5. 39 18.
46 15. 41 17. 46 32. 47 28, 28, 1, 2,
9, 17 s. 49 15. 60 20, 22. 65 3. 68
26. 73 12. 82 21. 90 7. 92 20. 93 23.
94 26. 97 4. 99 22. 165 26, 29, 31,
4. 108 18. 110 29, 32. 111 8, 26.

ζ 2 19. 8 10. 9 27, 28, 31. 10 16, 17,

18. 11 36, 3, 7, 9, 12. 13 13, 14. 14
31, 33, 33. 16 1, 12. 17 4, 16, 22s.
18 23, 34, 3, 24 6, 24 6, 25 6, 32 6.
19 4, 6. 26 13, 14. 22 23. 23 29.
24 15. 2530. 26 5. 2831. 31 13,2s.
34 3, 12, 19, 23, 27, 295, 365, 31 5,
325, 345, 16, 36, 5d,10d, 146,
21 6. 35 25, 26, 27. 36 9. 37 30,34.
38 2. 39 33, 34. 40 8. 41 2. 44 18.
49 21, 21, 22, 23. 56 2. 55 8. 57 11.
61 21. 64 21, 23, 25. 66 33. 67 20.
69 29. 71 9. 72 6, 7. 77 17. 78 8,
18. 80 30. 8210. 84 5. 8535. 88 28.
89 4, 5. 91 33, 3, 10. 92 12, 13. 96
16, 19. 99 21, 22. 102 12. 103 27.

η 1 24. 6 13. 7 25, [26]. 8 7. 11 4.

13 29. 14 29. 16 22. 21 [18], 20.

