25 33, 34, 5, 11, 13. 26 19. 27 28,
32, 34, 3. 29 9, 14,17. 30 11,13,14.
31 21, 1. 32 8, 9. 33 12, 21. 34 6.
35 30. 36 7, 7, 14. 37 30, 1, 3. 39
30, 34, 34. 40 6, 21, 26, 29. 41 10,
13. 42 22, 24, 29, 33, 2. 43 15, 16,
19, 24. 47 20, 22. 48 2, 2, 3, 7. 49
27, 12. 50 25. 51 3. 53 19, 1, 2. 54
13, 25. 55 27, 30,32. 56 34,9,9, 12,
13. 57 27. 58 31, 4, 12. 59 13. 61
26, 32, 34. 62 10, 11, 19, 1. 65 21,
26, 2, 13, 33 d, 3s. 66 14,18. 67 24,
29, 4. 68 26‚‘28, 2, 6, 14, 16, 19. 69
32. 70 2, 10, 16, 19. 71 24, 27, 30,
32, 3, 12, 12. 72 29, 2. 73 12, 15,
17,25. 74 34,1. 7512,33. 76 12, 25.
77 32, 32, 1, 9, 19. 78 23, 1. 79 10,
18, 32. 80 28. 81 22, 2, 6, 16 6. 32
26. 83 2, 7. 34 25, 29, 30, 20s, 21 s.
85 29, 12. 86 30, 31, 33, 2, 5. 87 8,
14, 29, 4. 88 9, 17, 19. 89 29, 1, 4,
20, 246, 266, 33 6. 90 10,13,19,27,
28, 29, 34. 91 5, 5, 7, 9, 11,11,19.
92 24, 1, 11, 17. 93 25, 26. 94 21,
23. 95 7, 7, 13, 14. 96 25, 29. 97
3, 6. 98 10, 14, 17. 99 29, 33, 10.
100 29, 32, 34, 35, 1. 101 17, 3, 4.
102 9, 20, 1,3, 6d, 36, 10 d. 103 14.
1 21, 23. 2 30, 3, 4, 10,10,11. 3 22.
420,24. 54. 67. 729. 84,6.
910. 1033, 34. 1118. 12 6. 13 30,1.
14 18, 19. 15 26, 26, 30. 16 10, 11,
13. 19 20. 20 35, 12. 21 28. 22 32,
28. 23 18, 25. 24 32, 1, 2, 3, 5, 6,
10. 25 23, 24, 29. 26 33, 35, 1, 8.
2723. 2828, 28, 2. 297. 3135, 36,1.
321ο,12,2ο. 33251 3411. 35
31, 3,.3 3616, 29. 375„6 19. 38
32. 39 27. 42 9, 33. 43 7,18,18,21.
44 2. 45 11, 22, 22,27,28. 46 7,10‚
21, 29. 47 2, 6, 10. 49 29. 5017.
51 21, 23, 25 525,12‚ 16. 5327.
5422, 30. 5614, 27, 31, 1. 575,
12,18. 58 31, 11. 59 5. 60 19. 61
26. 624, 21, 24. 637, 3. 6419, 25.
651, 3, 4, 12,15, 16. 6627,.33 67
12,13,15,20‚24. 68 18, 28. 69 4, 9.
70 19, 26, 2, 5. 71 11. 72 21, 25.
74 6,8. 75 33. 76 2, 2. 77 17. 78 22.

ἰἣν

293

79 35, 1, 2, 4, 5, 8. 80 15, 18. 81
22, 26, 5. 82 31, 34, 1, 27 d, 7s.
[84 29.] 85 11, 19, 21, 24. 86 33, 9
8720. 3334, 35, 36, 2. 896, 16,
19, 24 25. 90 36. 91 ’24, 28. 92 33,
8, 12, 21. 931. 955„9 10, 17. 96
24, 26, 27. 973. 98 31, 34. 9912.
100 19. 102 6, 10, 11, 16, 21,22, 23,
23. 103 5, 11. 104 23, 26, 27,23, 23,
30. 105 27, 29, 3, 9. 106 16, 17,13,
18,19‚24. 107 28. 109 5, 24. 110 27.
11112. 112 1, 8. 114 7, 23. 115
28, 10.

ὃ 1 25, 1. 2 12, 13, 24, 24, 26. 3 27,

29, 30, 33. 7. 5 33. 6 2, 5. 7. 7 10.
8 18, 21, 35, 7, 7, 11, 13, 21 d. 9 5,
8, 14, 15. 10 6,1ο. 11 14, 31. 12 1,
2, 4, 5, 6, 13. 13 18, 29, 32. 14 12,
25. 15 29. 16 15. 17 30, 3. 18 18.
20 30. 22 21. 23 10, 13. 24 22, 25.
25 11, 18, 26, 23, 3ο, 30, 5s, 7s,9s,
16 6. 26 34, 6. 27 19, 20, 21, 24,30.
28 22. 29 3, 5, 5, 10, 18. 30 24, 25,
34. 3120. 32 27,11. 36 2,15. 37 19.
38 7, 7. 39 26. 41 8, 13,18. 42 25.
43 13, 26, 32. 45 30, 31, 32. 46 5,
8, 13, 14. 47 28, 32. 48 14, 30. 52
35, 3. 53 21. 54 26, 28, 32, 4, 9. 55
12, 14, 17, 24, 32. 56 33, 9, 14, 16.
57 19, 21, 27, 2, 4. 59 18. 60 35.
61 14, 18. 62 5, 10, 13. 64 24. 65
36. 66 13, 17, 25, 29, 32. 67 36, 5,
8, 10. 65 4, 15, 20, 21. 69 26, 27, 1,
12. 70 17, 25, 30, 32. 72 18,18,21,
26, 32. 73 7, 24. 74 32, 33, 11. 75
19, 33. 76 2. 77 33, 5. 7814,19,22.
79 14. 80 33. 83 34,18,19. 84 23.
85 32, 34, 15, 16. 86 32,33.3716,
21. 90 36, 6. 91 15, 23. 92 30, 15,
22, 336. 93 18. 9431. 955, 11. 96
27, 3. 97 15, 22. 98 34, 10. 99 25.
100 34. 101 21, 28, 33. 102 7, 25.
103 29, 6, 11. 104 19, 32, 33. 105
34, 4, 7. 106 25, 27, 27, 28. 107 34,
35, 2, 7. 108 21, 23, 8. 109 17, 18,
22, 31. 110 33, 34, 2, 6, 13. 111 21,
23, 27. 113 12, 13. 114 28115 16,
24. 116 34, 36. 118 3, 7, 7, 8, 9, 12,
13, 32d,34d, 1s. 120 30,2,9. 12120.

