58

αὐτονόμους α 139 13. 140 9. 144 22,
22.-β713,14.962,3.-686
25. 88 9. - ε 18 26, 5. 31 7. 33 29.
77 28. — ζ 85 24.

αὖτοπόλιεςε ss319

αὐτός α 4612. 137 33. - β 13 4.
4815. 6121. 79 9. - y 732. 1926.
38 27. — 6 9 29. 27 9. 42 29. 75
31. 86 22. 114 24. - ε 9 32. 6032.
— ζ 60 32. 101 23. — η 48 34. 64
19. 81 26. — 8 6 32. 32 1. 35 12.
55 22. 68 20.

αὐτὸς α 9 35. 22 1, 8. 65 4. 73 31.
80 16. 87 12. 90 16. 104 8. 118 16.
122 17. 128 19. 132 1. 136 26, 30.
— [3833. 13 6. 3314. 35 32. 4815.
54 19. 59 23. 64 5. 65 17, 11s. 80
31. 84 24. 88 9. 90 14. 95 8, 12.
98 13. —7 3 25. 7 26, 30. 25 26.
27 16. 34 22. 38 15. 42 3. 44 33.
55 7. 95 11. 109 5. 112 22. - δ 96.
14 14. 27 34. 28 16. 36 1. 38 33.
64 8. 70 22. 74 32. 77 30, 5. 78 31.
79 21. 83 15. 86 28. 93 7. 97 19.
108 9s. 120 31. 123 21. 125 9, 13.
127 25. 132 1. - ε 4 34. 6 12, 14.
7 9. 8 17, 28. 99s. 1011,26. 169.
17 32. 21 9, 14. 26 16. 43 1, 10.
45 2. 46 17, 26. 52 34. 60 33. 66 33.
80 13. — ζ, 4 24. 5 22, 5. 41 23.
50 34. 55 10. 64 8. 82 37. 89 16, 3.
104 11. - η 8 31. 22 31. 26 22.
43 25. 48 9. 70 14. 73 26. 84 17.
-3813 1223, 30. 20 28. 2314.
25 17. 27 26. 3120. 3312 457. 46
2748196 51 28, 33. 52 21. 54 6
55 28. 56 6, 11. 71 18, 30. 72 13.
81 26. 86 5. 87 4. 88 5,7. 89 7,13.
92 30, 26 s. 99 3. 100 16, 21. 104 6.

αὐτή y 98 3.

αὐτὴβ414.- γ38 6. 8225.-ζ
16 36. 31 6. 40 17. 54 19. 68 34.

αὐτό α 122 32. 128 28.135 5. - β
4810. 8931. -631, 1003. -ε
10531-η47. 3646.

αὐτὸ α 2 2510 2118 3. 32 19, 24.
432 6225. 6816. 691. 742. 7911.
84 25. 124 30. 138 9. 142 2, 8. —
β 3 3. 17 21. 19 28. 29 27. 51 10.

αὖτονίμους-

αὐτοῦ

53 26, 27. 56 16. 68 11. 75 17, 25.
76 14. 98 17. - y 12 1. 22 31 s.
37 2. 46 13. 47 12. 53 11. 68 11.
91 23. 92 24. 116 14. — 6 4 25.
17 30. 18 15,17. 19 9,10. 241.
31 19. 55 30. 59 22. 67 11. 71 36.
96 19, 11. 124 16. 127 36. - ε 3
6, 12. 31 18. 38 29. 55 4. 65 36.
66 25. 86 15. 96 34. 98 11. 106 8.
115 25. — ζ 17 31. 58 21. 82 17.
83 34 862 87 7. 100 16. 1047.
-η410 67. 1811. 2120. 341,
13 3531. 365 1. 423. 4417. 66
12. 7123. 7813. 8324. — 35276.
56 5. 66 5. 67 26. 69 20. 88 12.
90 7. 94 5. 98 15.

αὐτοῦ α 3 23. 8 3. 13 25, 6. 20 9.
23 3. 46 15. 57 10. 60 15. 68 10.
75 1. 91 24. 93 2. 95 34, 7, 14, 16.
116 33. 12315. 1241. 12615. 1271.
132 32, 21. 133 28, 30. 134 24. 138
34, 22, 27.

β 2 5. 41. 7 5. 1312d,14d. 18 3.
24 23. 28 4. 29 32. 34 7. 38 17.
42 5. 47 17. 43 9.··49 18d. 52 7.
58 29. 65 4,17. 66 13. 67 21. 70 34.
7611. 7713. 79 5. 80 6, 25. 8116s.
86 19. 93 7. 95 10. 98 13. 99 35.
100 28. 101 17.

y 20 28. 21 23. 25 19. 32 10. 44 2.
56 25. 58 31. 59 4. 72 22. 81 1.
82 22. 86 27. 88 27. 90 28. 91 10.
94 7. 96 26. 98 29. 100 15. 102 17,
21. 104 16, 7. 105 26. 106 23. 107
19. 112 32. 115 27.

6 1 29. 3 11. 5 32. 12 4. 18 24, 26.
25 24. 28 31, 32. 30 31. 38 34. 42
24, 34. 50 7. 51 19. 52 27. 58 7.
6134. 6611. 68 21. 75 14. 78 13, 7.
82 30. 83 16. 91 '22. 92 21. 98 35.
10015. 101 4. 102 6. 104 13. 105 2,
4. 107 5. 109 15. 117 17. 120 29.
1246. 127 36. 128 4. 129 27. 130 32.
133 17. 135 3.

ε 2 29. 10 14,4,116,176.1134, 2.
26 1. 33 17. 34 31. 35 10. 36 30.
39 27. 42 9. 46 33, 9. 49 14. 52 27.
53 3. 60 26. 63 31. 65 8. 72 22.
83 7. 86 12, 14.

