288

32 9. 33 20. 34 26, 26, 28, 30, 12.
35 18, 1, 3. 36 6, 23. 39 24. 40 30.
41 2, 6, 8. 42 10. 43 18, 29, 5. 44
29. 47 16. 48 4. 49 5. 51 26, 29.
52 32. 53 25. 54 7,11. 56 33. 58 6.
59 21. 61 24. 62 19, 3. 63 5,11. 64
7, 13. 65 6, 14, 26 d, 32 d, 2s, 10 5,
12s. 67 1. 68 31, 16, 21. 70 7, 3, 9,
20, 21. 72 29. 73 20. 75 24. 77 30.
78 28, 2. 791. 8018,9d. 83 31.
84 14, 15. 85 22, 6. 86 24, 25. 87
17, 24. 88 12. 89 29, 30, 33,12,16,
29 5. 90 17. 92 15. 93 24, 9. 94 13,
15, 21. 95 9. 99 5. 100 9. 101 2.
102 28, 32, 7 d. 103 18.

1 21. 3 19. 10 25, 3. 11 16, 22. 12
35. 13 27,32. 1415. 15 29. 20 30, 5.
21 22. 22 34, 35, 22. 23 23. 25 30.
33 27. 34 11, 18, 22. 36 30, 31. 37
26. 38 30, 1. 42 27, 33, 1, 2. 43 16.
44 35. 45 10, 18. 51 21, 37. 52 4,
15, 21, 21. 54 18, 23. 55 1. 56 18,
24. 59 6. 62 12. 63 35. 64 28. 67 27.
68 5, 13, 22, 25. 70 16, 33, 34, 5.
72 19. 73 28. 74 33. 81 1, 9, 13. 82
19 6, 19 6, 24 6, 25 6, 316, 31 d. 83
13, 20. 87 25. 88 3. 90 4. 95 7. 96
20, 21. 97 35. 98 23, 34, 4. 99 14.
102 6, 27, 31. 104 27, 27. 105 35.
107 17. 108 20. 110 25. 112 31, 3.
113 29. 116 16, 21.

15, 7. 2 20, 21. 3 7. 8 31. 10 26,
33, 5. 11 15, 15, 22, 34. 12 15. 13
27, 36. 14 10. 16 8, 17. 18 26, 27.
21 4, 12, 18. 22 26. 23 3,15. 24 26.
25 2, 8, 9, 20, 30. 26 1. 28 15, 22.
32 3,12. 34 30. 35 18, 32. 36 8,11,
12. 39 27. 41 15. 4315,17,25. 44 6.
46 7, 23. 48 5, 5, 14, 20, 25. 49 34.
51 24. 53 10. 54 24, 27, 35, 5. 56 2.
5917,27. 6214,15. 6424. 6612. 67
14,16. 68 3. 69 9. 70 21,30. 72 21,30.
73 7, 19. 74 25. 75 33. 76 35, 3, 9.
78 27, 6, 10 d. 79 11, 25. 80 11. 83
1, 7. 84 22. 85 21. 87 24. 88 12. 89
14. 92 28 s. 93 5, 20. 94 25. 97 16.
9811. 100 2, 9, 16. 10219. 103 26‚1.
104 18, 23. 106 19, 21. 108 3, 9s.
109 30, 31. 110 1. 111 14. 112 32.

116 27, 30, 32, 4. 118 1, 20, 30 6,
34 d, 2s, 8s. 120 28, 6. 122 32. 124
24. 126 19,29, 33, 19 6. 127 35. 129
11, 12. 130 23. 133 13, 27. 134 28.
135 11.

3 23. 6 14, 13. 7 1, 2, 6. 8 21, 21.
9 22. 10 13, 6, 7, 116. 114. 14 34.
15 29. 16 9, 26. 17 12. 18 19, 19,
24 s. 20 32. 26 20, 29, 30„31. 31 35,
35. 35 4. 38 26,26. 3913,31. 4032.
41 27, 1. 42 3. 45 1, 5. 46 21, 22.
47 17d, 19d,12s, 135. 49 34,17.
50 21, 32. 51 19. 52 34, 34. 53 8.
56 34. 59 5. 60 23. 63 1. 64 16,25.
65 7. 66 28. 67 11, 13. 68 34. 71
34, 6, 15. 72 35, 35. 73 9, 16, 29.
75 32. 76 7. 77 2. 79 24. 81 34. 83
15 86 15. 8821. 8933. 904. 98 9.
9918,21.22.104 16.1069.10820.
113 10.114 19.

ζ619,3.713, 29. 926, 30. 1019.

11 1. 12 33, 5. 13 10,19, 20. 15 4.
16 28, 5, 9. 17 10, 21s. 18 10, 12,
18, 20. 2010. 214. 24 7,18. 28 29.
29 1. 31 33, 16, 19, 24. 33 27. 34 -
25, 335, 26, 146. 35 29, 31. 36 4.
38 8. 44 13. 46 4. 47 27. 49 23.
54 6, 26. 55 12. 56 25. 57 34, 4, 9.
59 34, 8. 60 20, 1, 6, 8. 61 14, 22,
24, 26. 62 21, 23, 27. 64 27, 6. 65
11,13. 66 34, 3. 67 17, 28. 69 21, 28.
72 23, 32 74 32. 75 33, 2. 76 2. 78
27. 809, 23. 828. 8320. 8531.
866, 24. 87 12, 12, 15. 88 28, 34,
8, 22s. 89 14, 24, 25, 28. 90 22 91
18. 9313. 9415 958. 97 33, 20.
98 30, 33. 100 8. 101 1,11. 104 22.
1 27. 2 27, 5, 6. 3 22, 31. 4 14, 18,
18,21,28,32, 33 5. 5 11. 6 6. 8 5,7.
9 13. 12 16, 24. 14 19. 15 14. 17
1, 12. 18 30, 13, 18. 19 28. 20 22.
21 19, 22. 22 32, 4, 8. 23 14, 23, 32,
3, 3. 24 6, 21. 25 8. 26 7. 27 25, 26,
32. 28 33, 7. 29 19, 22, 29. 31 26.
33 2. 35 25, 27. 36 19. 37 16, 18,
22, 24. 41 25. 42 13, 16,18‚31,10d,
11d. 43 14. 44 30. 47 25, 32. 48 9,
22, 23, 8s. 49 23, 31, 5. 50 16, 4.
51 12. 52 27, 32, 1. 54 31, 3. 56 8.

