414

55 30. 56 12, 16. 57 19, 21, 26. 56
33. 59 14, 20, 24. 60 2, 6, 9, 10,10.
61 1. 62 5, 16, 27, 26, 3. 63 5, 13,

3, 10, 12, 12. 65 20, 23, 27, 35, 1,
5, 8, 10, 14, 15, 22 d, 27 d, 32 d, 28,
48, 68. 67 25, 27. 68 24, 8, 11, 17,
18. 69 27, 31. 70 1, 3, 4, 7,11, 17.
71 4, 10. 72 18, 19, 20. 73 16, 24.
74 29. 75 20, 21, 30. 76 15, 19, 20.
77 29,13, 16. 78 24, 30. 79 13, 23,
29, 4. 809, 22, 12d. 81 15, 16, 17,
18, 30, 31, 1, 7, 9, 158. 8224. 83
6, 17. 84 28, 30, 32, 33, 34, 34, 1,
2, 13. 85 26, 32, 1. 86 29. 87 9, 30.
88 12. 89 34, 5, 22 8, 27 8, 27 s, 28 s,
30 8. 90 22, 29, 30. 91 2, 10, 16. 92
22, 27, 29. 93 18, 9, 10. 94 12, 15,
19, 1. 95 8, 9, 12,15,18. 96 21, 22,
27. 97 19, 24, 25, 26. 99 15. 100 21,
25, 2, 8. 101 12, 14, 15, 27, 30. 102
11, 27, 27, 10 d. 103 15.

2 4, 6,10. 315, 21, 30, 3. 417.
6 7. 7 28, 32, 33. 9 14, 17. 10 21.
11 13, 17, 18, 22,26,27,30. 121, 3.
13 21, 22, 27, 29, 30, 33, 35, 5, 8,11.
14 14, 21. 15 25, 26, 33. 16 3, 5, 7.
17 20, 26, 30. 18 35, 7, 8,10. 19
23, 26. 20 30, 32, 35, 10. 21 16, 23.
22 4, 29 8. 23 6, 15, 22, 26. 25 24,
26, 28, 29. 26 5. 27 13, 20. 28 26.
29 6. 30 21, 25, 29. 31 3. 32 14, 17.
33 33. 34 14, 23. 35 31. 36 12, 27,
30. 37 13, 14, 16, 17. 38 19, 21, 22.
39 32, 34, 36, 24 8, 25 8, 30 8. 40 7,

’’’’’’

19. 44 27, 26. 45 1ο, 13, 25, 35. 46
12, 14, 29. 47 1, 6. 46 19. 49 33.
5127, 26, 30. 52 13, 24. 58 33, 35,

1. 54 14, 25, 25, 26. 556. 56 18, 28,

30. 573,,1522. 5827,28,35,,,45
9,,.1215 5924, 26,.33,,219 62
5,,19 2126 6328,1.6413 23,,25
33. 653,13,.14 661926, 30, 32.
6711, 16,22. 686 69212 7020,
24,29,,,,,.341133 718,12. 72
15 23
12,25,

73 26, 27. 74 31, 32, 36. 75
28, 33. 77 10, 12. 78 20, 32.

'te

79 37. 89 11. 81 24, 25, 26, 31, 3, 9.
8217, 26, 33, 11, 296, 286, 356,
3s,'3s. 63 20,21. [64 32, 35, 4, 5,6.]
85 15. 86 5, 7,19. 67 24. 69 18, 24.
90 3, 5, 7, 6. 91 12, 21. 92 8,11,
13, 14, 16, 23. 93 26, 30, 3, 5. 94
12, 15, 29, 23. 95 19. 96 26, 31. 97
4,17. 96 19, 19,21, 23, 25,33, 34, 1.
100 16, 17. 102 11, 27. 103 9. 104
26, 31, 31, 34, 3, 4. 105 7. 106 25.
108 23, 24. 109 7, 19, 23. 112 19,
28,37. 115 26.

6214. 335, 1, 8. 420, 22. 64,.6

711, 14. 632, 4, 6, 14, 14, 186,
196. 928, 31, 1, 3, 13. 1025, 27,
33, 9, 19. 11 13, 15, 29, 23, 31, 35.
12 36, 4, 9, 10, 11, 13, 16. 13 24,
26, 27, 27, 35. 14 14, 16,16, 20, 24.
16 22. 17 29, 9. 16 19, 23. 19 6, 16.
29 25, 39, 32, 32. 21 6. 22 30. 23

2 s. 26 23, 27, 30, 32, 34, 2, 15. 27
20, 22, 23. 28 19, 26, 28. 29 2, 21.
39 39, 33, 34, 2, 6. 31 13, 17, 29.
32 26, 31, 32, 35, 6, 9, 9, 11. 3313,
23, 24. 34 31, 2, 4, 7, 9, 11,12,15.
35 29. 36 6, 19, 12, 13, 14. 37 23.
38 28. 49 31,35, 4. 41 13,16,20,21.
42 30. 43 20, 27. 44 4, 9, 10. 45 30,
36. 46 6. 47 26, 1, 3. 46 6, 9, 15,16.
52 26, 30, 35, 4, 6. 53 11,16, 20.
54 1, 3, 5, 7. 55 22. 56 2, 7, 13. 57
26,29. 56 11. 59 29. 601,6. 61 13,
14, 27. 62 19, 23. 63 26, 33. 64 6,
9, 16, 24, 25. 65 6. 66 12, 23, 27.
67 34, 2, 23. 66 32, 21. 69 27, 30,
34, 34, 4, 6, 9. 70 17, 19. 71 4. 72
26. 74 29, 7. 75 22, 26, 31. 77 34, 4.
76 15, 19, 22, 30, 33, 35, 5. 79 15.
60 29, 29, 6, 10, 13. 61 15, 17, 21,
23. 62 31. 63 37, 16. 64 25, 26. 85
2, 4, 6, 9. 86 22, 23, 4. 87 17, 34,
35. 88 5. 89 25. 99 2, 6, 12. 92 32,
2, 5, 19, 16, 24, 25, 32 s. 93 4, 9.
94 26, 34. 95 36, 6, 6. 96 22, 27, 36,
3, 7. 97 14, 25, 27. 98 37, 37, 8,14,
16,19. 199 33,35,2,6,13. 10131,4.
192 13, 25. 103 32, 35, 3. 105 1.
106 13, 19. 197 34, 2. 198 19, 11,

