ταύτην - τουτων

[84 36.] 92 32. 94 21. 116 21. —- ὃ
5017. 7014. - ε 17 2. 28 4. 30 31.
56 27. 78 7. - ζ 61 16. 92 16. —
η2813.3415.-θ58.131. 21
35. 29 27. 44 8. 52 15. 61 1. 63 1.
73 17. 76 23. 78 6. 87 31. 91 21.

ταύτην α 3 1. 24 16. 58 27. 76 19.
99 31. - β 36 7. 55 29. 62 23. 80
136. 88 17. 1021, 6d. — y 2 2.
24 34. 31 1. 9124. - ὃ 6 8. 8 11.
1318. 38 7. 4111. 675. 691. 90 6.
101 28. 103 25. 118 8. —- ε 10 1.
23 2, 9. 47 30, 33, 3, 6. 54 24. 58
28. 65 8. 67 6. - ζ 10 12. 33 6.
87 15. - η 129. 36 1. 56 7. 73 20.
- 3 68 9. 95 24d. 103 19. 106 12.

τρύτοιν γ 112 16.

οῦτοι α 8 29. 35 29. 39 32, 4. 83 19.
— β 64 17. 89 24, 8, 12. 96 33, 4.
99 15. 100 20. - y 5 28. 12 4. 39
34. 40 20. 61 33. 62 14. 66 2. 70 18,
25. 95 16. 98 22, 3. 101 1. 107 10,
16. 108 1. — δ 33 17. 4319. 67 7.
126 37. —- ε 31 15. 36 17. 60 13.
61 3, 4. 66 35, 35. 75 27. 9111. 99
21. — ζ 33 26. 36 8. 54 15. 76 2.
79 35. 83 21. 98 3. — η 19 6,16.
33 23. 53 11. 57 28, 29, 32, 29 s. 58
14. 68 27. 69 20. 77 4. 831,6. 85 3.
- 9 23 27 d. 40 20. 66 13. 73 31.
75 10.

οξτοι β 4 6. - 6 3613.-ζ2717.

αὗται α 9 4. 14 26. 51 12. 66 15. 146
13. - β 49 29. 90 16. —- y 88 36.
-δ1076.-ε2020.472.-ζ
365.-η7016.-θ8024.

ταῦτα α 6 32. 1124. 1210. 1412,13,
19. 18 17. 23 2. 24 33. 2815. 314.
32 17. 45 4. 54 33. 56 16. 57 27, 6.
66 22. 70 24. 82 29. 85 22. 87 27.
90 16. 98 19. 1001. 105 22. 108 28.
111 14. 112 1. 113 5, 9. 114 21.
115 6. 118 29, 32. 122 4. 124 23.
128 31, 5. 13027. 1318. 133 6. 137
15. 143 8. 144 27.

β28. 328. 526,2.626.710. 13
15, 21 d. 24 17. 32 9. 35 31. 36 22.
40 23. 48 15. 49 31. 54 25. 56 13,
17. 60 9. 62 25. 64 28, 4. 70 20.

335

72 28, 3. 73 14. 79 13. 87 35. 92
22, 11.

y 15 32. 18 10. 31 5. 64 23. 66 31.
67 3. 69 13. 71 7. 7517. 78 25.
98 9. 114 2, 22, 23. 116 20.

δ 8 21 d. 9 33. 16 13. 28 29. 30 24.
38 28. 41 22. 42 24. 46 3. 52 8. 59
26. 61 27. 65 1. 76 18. 77 2. 78 2.
8714‚33. 8812. 103 33. 105 2. 107 8.
113 6. 117 10. 118 24, 24 d. 11911.
136 10.

ε 6 13. 9 17. 10 16. 11 31. 1617. 23
4, 11, 14. 24 35. 26 16. 27 28. 28
34. 31 13. 37 32. 38 31, 8. 39 15.
40 3, 7. 4134. 42 3. 45 32, 4. 46 4.
5ο 23. 51 12. 60 30. 61 35. 70 23.
81 33. 91 17. 116 10.

ζ 9 2. 1230. 1427. 16 26,15. 17 21,1.
20 9. 23 2. 26 5. 30 19. 34 15 d.
38 36. 39 34. 43 16. 47 28. 5ο 34.
59 35. 61 16, 26. 62 13. 64 7. 7427.
78 18, 20. 83 28. 86 1, 16. 89 21.
90 14, 24. 91 21. 92 25. 93 30, 7.
95 5. 102 29. 103 1.

η 4 33. 6 25. 14 18. 25 33. 31 15. 33
7, 14. 38 15. 42 30. 44 27. 48 25.
49 2. 56 33. 60 30. 63 14. 73 12,
16, 25. 75 20, 16. 79 27. 87 1.

91 2. 5 23, 4. 6 4,18.119. 14 21.
216. 2211. 2322. 2715. 38 9. 45 4.
46 16. 47 24. 48 18 d. 50 25. 51 31,
34, 8. 56 30. 57 22. 69 10, 21. 774.
80 31. 84 15, 20. 92 7. 108 19.

ταῦτά β 65 8. 69 27. — ε 36 19. -
9 82 27.

ταῦτ’ α 90 5.- β 714. - ε 15 22.
— η 25 3s. 83 29. — 9 24 6d. 91
16. 92 9 s.

ταυτὶ γ 113 21.

τούτων α 11 23. 14 22. 26 27. 29 18.
32 15. 36 17. 38 16, 24. 44 19. 46
10. 7311. 7715. 97 9. 107 27. 128 6.
143 23,11.— β 8 24. 9 11, 22. 13
21, 22 d. 49 20 d. 65 25. 67 12. 80 6.
81 27. 89 25 s. 95 17. 9724. 1001.
101 1. — y 25 26. 49 24. 61 29.
64 17. 67 13. 90 33. 92 35. 94 33.
100 21. 101 27. 102 28. - 6 9 2.
10 22, 4. 14 5. 16 13, 18. 32 32.

