7 8 γῆν - γιγνομένους

10 2. 13 35. 14 6. 26 29. 78 31, 34.
80 27. 89 25. - ε 5113. - ζ 33
23. 68 9. — η 27 17. 30 23. 34 8.
—- θ 10 31. 71 32. 107 4.

γῆν α 2 20, 22. 12 1. 13 28. 15 33.
18 18. 24 28. 50 20, 23, 28. 57 10.
61 33. 64 30. 73 27. 74 11. 80 24.
81 4,14. 82 33, 2. 93 20, 23. 100 10.
105 25. 109 13. 114 3. 142 32. 143
33. -— β 12 30, 33. 20 2. 23 8. 24
12. 25 5, 13. 27 32. 30 11. 33 22.
39 30. 41 14. 47 22. 48 2. 55 27.
56 34, 12. 57 27. 66 18. 71 27, 30.
71 2, 12. 73 16, 17. 74 27, 34, 2.
75 17, 33. 80 29. 81 15. 83 6. 85 12.
86 17. 90 10, 19, 29. 91 9. 101 17.
102 1. —- γ 1 24. 7 29. 18 35. 50
17. 5814. 65 4. 68 28. 80 15. 8122.
88 36, 2. 91 23. 95 2. 102 10. 106
19. 116 15. -· δ 2 14. 8 32. 11 15.
12 6. 16 9, 17. 24 22. 25 26, 28,
30, 19 S. 41 8. 45 30, 36. 54 9. 55
12. 87 21. 92 22. 98 4. 107 36. 118
19. 122 11. 130 20, 24. — ε 4 3.
14 9, 18. 18 24, 31. 23 33, 6. 25 12.
31 34, 6. 32 25. 33 24. 47 18, 26,
36. 64 26. 69 17. 84 29, 31. 110 32.
11418. -ζ 413. 5 5. 6 20. 13 20.
17 1, 20. 64 22. 94 20. 99 29. —-— η
1 25. 11 9. 22 32361. 42 8d. 46
20. 52 32, 5. 56 25. 67 8. 70 10 s.
7110, 23 (1. 72 5. 73 9. — θ 1029.
19 6, 11. 21 5. 24 30 s. 35 28. 40 13.
46 26, 3. 55 13. 56 18. 76 29 d. 80
28. 95 15. 104 32, 13. 105 24.

γᾶν ε 77 30.

γηραιοῦ ζ 54 37.

γῆρας ζ 18 22.

γίγνεται α 13 23, 5. 105 22. 118 29.
132 22. 138 4. — γ 42 26. 53 2.
74 31. 89 17. — δ 10 29. 58 8. 89
21. 95 35. 11719. — ε 49 17. 64 8.
— η 8212. - θ 50 8. 5128. 80 33.

γιγνόμεθα α 84 31. -· y 59 30. — δ
63 4.

γίγνεσθε γ 14 20. ¹

γίγνονται α 112 22. - β 11 22. 89
25 S. 102 29. —- γ 2 9. 67 34. 7531.
-2852—-228415,

γίγνηται α 65 2. - γ 31 3. 105 5. -—
ε 10 32. —- η 71 23d. - θ 100
23.

γίγνωνται α 95 20. - β 3 5. - γ
107 10. — ὅ 32 3.

γίγνοιτο β 10 30. - γ 2316. -- ζ 15
15. - η 69 19. 76 6. -- θ 86 22.

γίγνοιτό δ 56 1.

γίγνοισθε η 64 10.

γίγνοιντο α 73 11. —- γ 10 24. —- ε
41 18.

γίγνοιντό γ 52 7.

γίγνου ε 9 32.

γιγνέσθω ε 88 24.

γίγνεσθαι α 37 2. 86 9. 139 3.2140 12.
141 13. 142 12. - β 13 15. 28 5.
65 25 d. 7616. 84 28, 32. - γ 18 19.
38 8, 10. 42 13, 16. 47 13. 81 10.
92 13. - ὁ 914. 2228. 2428. 67 6.
73 9. 76 19. 81 20. 97 25. 981‚12.
— ε 10 26. 27 25. 32 1. 38 4. 46
19, 4. 60 22. - ζ 8 12. 22 21. 85
19. 92 32. 9918. — η 14 23. 25 28.
48 12. 49 16. 77 9s. 79 25, 27.

γίγνεσθαί ζ 90 26.

γιγνόμενος β 43 9. - δ 68 29. - θ
45 27.

γιγνόμενον β 51 3. 75 27. - γ 22
26, ld. — ὃ 116 26. —- ε 35 23.

γιγνομένου ε 17 30. - θ 92 23 s·

γιγνομένης α 1311. -— δ 20 29. 96 8.
113 5. - θ 89 8.

γιγνομένῳ ε 90 4.

γιγνομένῃ β 6 21. - ὃ 32 29.

γιγνομένην γ 10 23.

γιγνόμενοι α 2 12. 8 7. 139 17. - β
2132.-γ2720. — 63611.-
η 8 4. ·

γιγνόμεναι η 27 4.

γιγνόμενα α 15 29. 146 18. — β 4 18.
38 18. 54 20. 92 22. -- y 75 30.
81 34. 82 24. -- ε 113 10. - ζ 70
18. -88 25 s. 102 29. - η 71 14ᾶ.
- θ 104 22. ,

γιγνομένων α 13 14. - β 50 28. -
ε 55 31. -ζ 54 17. — η 8 33.-
θ 66 12. 93 31. .

γιγνομένοις α 64 23. -, ζ 100 33.

γιγνομένους α 23 10. - β 43 20., ,

