250 μετ’ - μετάλλου

12 d, 19 d. 3826. 43 16. 44 2. 50 35. 24 33. 48 10 d. 5422. 64 26. 69 24.
51 32. 55 6. 57 35. 58 24. 59 29, 71 31. 73 29. 85 32. 90 32. 92 11 S.
34, 12. 61 13, 2. 62 13. 65 9. 68 94 6. 97 6.

36, 2. 71 13. 72 2, 3. 79 32. 82 4, μεθ’ α 6 31. 40 23. 62 12. 63 2. -
14. 83 1. 85 19. 86 23. 88 7, 35 s. β 25 1. 36 21. 67 22 d. 72 25. 101

89 24. 90 12, 24. 92 1, 24. 94 33. 32. -— γ 5 5. 10 6. 104 21 s. 113 22.
95 5. 9716. 10012,14.10121. 103 - ὃ 18 20. 19 17. 70 24. 1281.-
l5, 17. 105 6. ε 8 26. 10 29, 2811. 55 34. -ζ 34
η 2 33. 3 17. 4 33. 6 25. 7 14. 9 14. 14. 4417. 4810. 7518. 80 29. 86 9.
16 31. 19 8. 20 33. 25 23, 33. 28 6. 87 17. - η 33 24. 61 22. 75 30 S.

31 6, 10. 32 3. 33 25. 37 22. 39 23. — 9 5 6. 23 14. 48 11 d.
46 16. 48 11. 54 30. 55 7. 56 3, 4. μεταβάλλετε β 6122.
57 1, 8, 24 s, 27 s, 32 s, 7 d. 62 29. μεταβάλλειν α 123 11. - β 16 6,
67 8. 70 4, 8, 26 d. 71 27. 73 29. μεταβάλλοντες ζ 77 15.
75 22, 31, 23 s. 78 3. 79 32. 81 11. μετεβαλον α 23 26.
82 11. 83 23. 85 1, 9. μεταβάλοιτε α 77 19.
θ 10 16, 22. 12 32. 13 2. 14 21. 15 μεταβαλλόμενοι α 71 21. -— 9 73 19.
4, 7. 16 19. 17 9. 19 1,16. 21 1,6. μεταβαλλομένους 9 90 26.
22 11. 23 22. 24 2, 14, 17, 22, 24, μεταβαλεῖται 9 54 20.
27, 311. 25 ι15. 27 2, 3, 6. 28 24. μεταβολὴ β 43 5.
31 11. 32 32. 35 22. 38 31, 5, 9. μεταβολῆς β 4811. 61 27. — ζ 20 12.
39 1. 40 18. 42 34. 45 19. 46 30. 59 32. - η 55 13. —- 9 75 10.
50 3. 52 9. 53 23. 54 7. 56 30. 57 μεταβολῇ ζ 18 30 d. 31 1s. 76 4. —
22. 59 3. 61 1. 62 11. 63 6. 64 30. η 76 4. 8713. — 9 98 9.
69 23. 71 19, 33. 72 12. 73 27. 75 7. μεταβολὴν β 53 19. - η 87 16.
80 14, 27, 29, 31. 82 28, 9. 83 18. μεταβολαὶ y 82 27. — 6 17 7.
851. 86 20 s. 102 9. 10317. 104 30. μεταβολὰς α 2 27. - ζ 17 30.
107 32. Μεταγένης ε 19 13. 24 25.
μετ’ α 3 29. 18 7. 33 7, 25. 36 22. μεταγιγνώσκετε ζ 17 28.
40 20. 57 7,11 61 21. 67 30. 9112. μετέγνωσαν α 44 13.
95 16. 112 33.113 14. 120 21. 129 μεταγνώτω 6 92 34.
25. — β 2 25,5. 154. 2218. 24 20. μεταγνῶναι γ 40 5. 46 6. 58 26.
25 25. 29 4. 40 7. 42 5. 65 53. 73 μεταγνόντες ζ 40 6.
19. 79 16. 80 25. 98 24. — y 5 35. μεταγράψαι α 132 25 d.
10 24. 13 22. 48 21. 56 25. 591, 4. μεταγραψάμενοι δ 50 8.
61 32, 2. 63 33. 3613. 82 356. 102 μεταδίδωσιν ζ 39 37.
17, 21. 105 10. 106 13. 107 19. - μετεδίδοσαν θ 21 8.
6 25 24. 38 31, 34. 68 7. 91 21. μεταδώσετε α 39 6.
121 23. 125 31. 130 35. — ε 9 23. μετάθεσιν ε 29 29.
1618. 2512. 26 30. 31 16. 3519. μετακαλεῖν 911 19.
44 12. 45 13. 46 2. 52 29. 59 15. μετακινητὴ ε 21 13.
67 9, 20, 22. 73 20. 8131. 89 26. μεταλαμβάνειν α12ο 8.
103 11. 107 13. 111 19. — ζ, 2 3. μετέλαβεν γ 55 8.
317. 8 33. 17 25. 28 34. 30 30. μεταλάβετε ζ 37 19.
34 28. 53 17. 60 31, 3. 61 8, 12 s. μεταλαβόντες α 39 6.
70 21. 81 33. 93 2. 98 6. 10122,24. μεταλήψεσθε ζ 13 7.
- η 4314s. 44 25 d. 52 3. 57 13, 6. μεταλλάξαντες 9 70 3.
58 9. 63 1. 31 26. 32 13. 83 29.- μέταλλον (acc.) α 10131.
9 1 24. 5 16. 11 14. 19 15. 23 7. μετάλλου α 100 8.

