οὐ - οὐκ

66 21. 67 1. 69 5. 72 26,29. 75 28.,
76 26. 78 1. 80 9. 85 11. 86 33. 87
21, 27. 8810. 89 24. 91 17. 92 34,9.
93 7. 94 30. 95 2, 4. 97 21. 98 20.
101 22,30. 1038. 106 18, 19. 107 5.
108 34. 110 9. 114 27, 32, 6. 120 1.
121 22. 123 20, 25. 124 29, 29. 126
24, 27, 32. 128 22. 131 22.

ε 1 16. 2 28. 6 16. 7 34, 14. 8 20.
9 8s. 10 21, 30, 156, 196, 28 d. 14
1, 6. 17 10, 11. 20 28. 21 8. 22 27.
24 32. 25 10, 12. 26 32. 28 6. 29 14.
30 2, 8. 32 3. 34 36. 37 19. 38 35,
37. 40 10. 43 31, 35, 3. 44 12. 47
29 d. 48 25. 49 8, 10. 51 12. 52 23.
54 19. 57 3. 59 7, 18, 18. 59 25. 60
30, 32, 14. 61 31. 63 25, 27. 64 17,
21. 68 35. 69 16. 70 26. 72 23, 31.
73 27. 78 10. 80 12. 81 26. 83 34.
85 1. 86 11, 12. 89 30. 91 10, 12.
9528. 98 7,12. 9917. 10129. 103 2.
104 16, 19. 105 32, 34, 6. 109 22.
110 34. 11113. 116 8.

ζ 122, 24. 5 21. 7 8,14. 9 24. 11 25.
13 19, 26. 15 19. 16 5', 13. 18 27,
35, 28 d. 21 28. 22 19. 28 34, 35.
32 11, 23. 33 33, 33, 34, 17. 34 1,
17, 12d. 36 2, 11. 38 3,11. 39 37.
40 15. 4125. 44 8. 45 32. 49 29, 30.
50 2. 51 30. 53 21. 54 5, 12. 55 7,
14. 56 30. 57 15. 61 15, 18, 5, 9s.
64 24, 26. 68 2. 69 25. 72 25. 76
21, 27, 28, 1. 77 5, 12, 23. 78 28,
30, 5, 10. 79 32, 34. 80 9. 83 22,1.
85 22. 86 5, 12, 23. 88 10 6. 91 32,
19. 92 5, 26. 94 25. 95 9,10. 96 19.
98 24, 2. 100 20. 101 21. 102 5.
104 18.

η 1 19, 7. 3 19, 22. 6 29. 8 5. 12 28.
1430. 16 21. 19 27, 9. 21 19. 2417.
25 20, 30 d. 29 20,31. 30 18. 3416d.
36 26, 106, 12 d. 42 6d. 44 296.
47 27. 48 26. 51 12, 13, 20, 24. 53
19. 55 12. 56 21,29. 57 12, 31,-138,
19 s, 22 s. 61 16. 67 28, 6. 69 11.
70 6,11s.7123.7311, 20. 75 25,
14. 77 19, 14 s. 7814. 79 22. 80 24.
81 10,18,24,30,32. 82 10. 83 32, 5.
85 7.

329

9 5 20. 9 28, 32, 7. 10 22. 11 35, 3.
14 20. 15 4, 6. 16 30. 17 11. 20 30.
24 2, 25. 25 21, 25. 26 5. 27 1, 4.
28 29. 29 22. 31 19. 36 4. 38 3, 4.
40 25. 43 24. 4411. 45 32. 46 22 d.
47 1. 48 2, 3, 6d, 9d. 50 18. 5126,
30, 3, 5. 52 19. 54 29. 56 34, 7.
60 11. 61 27. 63 10. 64 8. 68 15, 6.
70 4, 6. 71 18. 72 7, 8. 73 25,156.
74 20. 76 30. 78 16, 16. 79 30. 81
11, 25. 83 25. 84 10. 85 9. 86 6.
87 4, 26. 89 31. 91 30. 92 14, 29 s.
94 2. 95 23 d. [101 17.] 10210. 103
19. 109 8.

οὕ «214617.- β 56.-y626.
101 2. — ζ 38 18. 60 25.

οὕ ζ 68 7. 78 26.

οὐκ α 2 19, 21, 8. 5 17, 23. 6 30. 9
4, 5. 10 9, 83, 36. 11 12,20. 15 30, 4.
20 6, 17. 22 6. 23 30. 24 1. 25 25.
26 14. 28 7. 32 14. 33 20. 35 19,
29,30. 37 25,31. 3814,20. 4011, 1.
41 5. 42 25. 49 20, 25. 50 13. 52
27, 30. 54 26, 32. 65 5. 67 31, 2.
68 22. 69 3, 12. 70 32. 73 6, 8. 74
21. 75 33,4. 76 31. 77 3. 80 21,28.
83 13. 84 26, 28, 7. 86 28. 87 14.
90 1,20. 91 26. 92 20. 97 10. 99 25.
102 2, 14, 16. 105 35, 5. 10614,17.
107 1. 110 26, 31. 116 29. 120 28,
16. 121 5, 9, 11. 122 16, 19, 27, 2.
126 2. 127 7. 130 2. 131 12, 14.
133 7. 136 22, 25, 30. 137 5. 13815.
14126. 14210. 143 25, 3. 144 27,33.

β 2 15. 6 24. 8 19. 11 8. 13 33, 35,
22 6. 17 20. 18 3. 19 17. 20 2, 4.
21 33, 1, 6. 2210,18. 23 31. 25 29.
31 28, 30, 31. 33 19. 36 12, 23. 37
31. 39 21. 40 14, 28. 42 25. 43 28,4.
4410,21,29. 45 32. 49 8. 51 14, 27.
52 8. 54 22. 60 12, 16. 61 22. 62
7, 17. 64 9. 6516. 68 29, 19. 7124.
72 1. 73 17. 77 15, 17. 81 5, 17 s.
83 3,10. 85 29, 13. 87 12, 4. 89 23,
26, 2, 6, 10, 12, 16, 22 s, 46. 90 7.
93 1. 04 16,18. 95 12. 97 23, 5. 98
21. 100 34, 2. 101 30. 102 16, 26,
1, 811.

y 318‚21. 47. 532. 9 13,18. 10 30,35.

