318

ὀξὺ y 82 6.

ὀξεῖαν 3 104 20.

ὀξεῖς α 70 3.— «5126 19 d. - 89619.

ὀξύτερον β 817.

οπῃ α 52 28. 65 10.107 12. 129 27.
-β11100, 1005. —y125. 112
36. —61328 1272 2.4 -ε1876,
4015.-ζ810. 726. 933. -η

,s7116d. —— θ 54 22. 56 18. 67 6.

ὀπᾳ ε 77 31. 79 26.

ὁπηνίκα ὃ 125 34.

Ὀπικίᾳ ζ 4 10.

Οπικας ζ 2 17-

ὄπισθεν η 79 30.

ὁπλίζει y 2717,

ὁπλίσει γ 22 4.

ὥπλισεν ὁ 9 31.

ὥπλισαν θ 25 10.

ὁπλίσας θ 23 12·

ὁπλίσαντες θ 17 1.

ὠπλισμένοι ὃ 94 26.

ὡπλισμένων δ 9 4.

ὡπλισμένους ζ 100 10. — η 1 13.

ὡπλίσθη ς 17 10.

ὁπλισθεὶς y 75 26.

ὅπλισιν ε 8 25.

ὁπλιταγωγοί θ 2511.

ὁπλιταγωγοῖς θ 30 5.

ὁπλιταγωγούς ζ 31 17.

ὁπλιταγωγοὺς ζ 25 30.

ὁπλιτεύογτι 8 73 34.

ὁπλιτεύσουσιν ζ 91 8.

ὁπλίτῃ ε 47 17 d.

ὁπλίτην ε 49 2.

ὁπλῖται α 27 31. 47 28. - β 13 1011.
208. 6617. 79 16. 8026. -γ17
26. 9120. 981. -δ269, 31 14,
16. 38 14. 68 14. 90 10. 93 14. 94
23.1138.1293.- 810170. 5511.
57 10, 12. 58 19. —- ζ 17 6. 20 21.
318. - η 1916. 318. 3319. 37 20.
44 1. 58 28. 67 25. 75 17. 77 27.
78 23. —- θ 25 8, 15. 92 34, 28 s,
4d. 93 18.

ὁπλῖται β 79 13. — ὁ 9 1.

ὁπλιτῶν β 22 20. 25 32. 31 28, 31.
58 9. 87 31. -- γ 87 20. - <513 26.
47 35. 5318. 55 15. 56 5. 72 16,17.
100 35. 124 19. 129 7. — ε 12 18.

ὀξὺ - ὅπλοις

319. 5230. 6127. 75 25. —- ζ315.
96 28. 98 6. — η 51 21,22, 24. 541.
64 5. — θ 1 14. 24 8. 30 5. 71 27.
92 6. 93 30. 94 5.
ὁπλίταις α 29 22. 49 18. 61 33. 106
18. 107 30. 113 8.- β 3313. 79 6.
102 10. - y 75 12. 105 28. - δ
33 15, 18. 42 26. 53 11. 54 25. 67
36, 27. 7811. 129 32. — ε 84 22, 25.
-ζ 7 15. 25 31. 43 23. 691. —
η 20 28. 35 23. 63 14. - 69227 8.
ὁπλίτας α 4911. 5710. 6013. 61 22.
64 26. 105 28. - β 13 6d. 231.
56 2. 80 10, 18. - y 18 14. 91 13.
100 21. 102 18. 107 32, 8. 112 35.
114 24. — δ 8 12,21d. 9 7,16. 31
11. 70 23. 72 14. 80 12. 101 32.
123 34. 124 6. 12510.— ε 2 23, 27.
8 29. 49 36, 6. —- ζ 22 8. 37 22.
5818. 67 23. 70 26. - η 1 14. 61.
17 3, 11. 19 1, 3, 5, 9, 13. 20 26.
25 1. 26 9. 30 33. 31 11, 31. 42 9.
50 13. 53 19. 63 14. — θ 23 12.
62 17. 65 11. 100 28. 108 27.
ὁπλιτικόν ζ 23 25. 72 32.
ὁπλιτικὸν ὃ 124 9. - ε 6 24.
ὁπλιτικοῦ δ 73 20. - η 11 5.
ὁπλιτικῷ η 75 328.
όπλαα533. 8220. 8315—,82
14, 21. 48s. -γ223, 27 19. 75
28. 91 27. 103 14. 113 14, 20. - ὃ
9 32. 16 8, 16. 21 13. 30 7. 32 27.
33 26. 37 22, 24. 38 6. 40 33. 44 3.
4612. 56 7. 68 2. 69 8. 7833. 9011.
91 20, 25. 93 13. 130 28, 33. —- ε
18 31, 5. 34 3. 47 18, 7. 49 35,13.
74 34. - ζ 56 32. 58 23. 69 32.
72 33. - η 13. 312. 18 33. 4512.

57 6. 73 24. 82 12. 83 3. - 9 25
29. 55 29. 69 18. 92 10 s, 20 s. 93
21, 22. 97 30.

ὅπλων α 6 31. 8 34. 83 14. 111 10.
-β812οε, - γ126. 471.-
374 6. 78 20. 126 3. - ε 55 34.
- ζ 31 25. 45 30. 58 21. 64 2. 96
27. — 9 71 29.

ὅπλοις α 80 27. 81 3. - β 2 2. 90
34. 100 26. - 111412- ε1182.
50 26, 30. - ζ 17 32. 41 30. 56 27.

