ὕπουλον - ὕστερον

ὕπουλον θ 64 7.

ὑπουργῶσιν η 62 6.

ὑπουργεῖν α 34 6. — ζ 88 27.

ὑπουργῶν α 43 5.

ὑπουργοῦντα α 41 15.

ὑποφαίνονταιε u›20

ὑποφευγούσῃ η 75 13.

ὑποφευγούσας β 90 29

ὑπέφευγε δ 28 21.

ὑπέφευγον γ 97 8.

ὑποχείριονι11284.

ὑποχείρια α 88 3. - γ 86 11.

ὑποχειρίους γ 11 10. - ζ 36 34.

ὑποχωρεῖ θ 45 24.

ὑποχωροῦσιν η 70 12 s.

ὑποχωροίη δ 10 8.

ὑποχωρεῖν α 77 11. — β 88 18. - η
81 20.

ὑποχωρῶν δ 125 14.

ὑποχωροῦντος ε 10 11 d.

ὑποχωροῦντες δ 35 22.

ὑποχωρούντων γ 78 32.- δ 12 10

ὑπεχώρουν α 106 M.— y 78 30. 97 15.
— δ 36 16. 127 28. - η 79 3.

ὑπεχώρησειῖῦθ 5

ὑπεχώρησαν α 54 30 -— δ 44 2.-
η 4318s.— 9 79 29.

ὑποχωρῆσαι δ 28 18. - ζ 34 27. -
θ 27 2.

ὑποχωρήσασα η 73 9.

ὑποχωρήσαντες δ 43 21.

ὑποχωρησάντων ὃ 96 23.-— θ 2526.

ὑποχωρήσασι δ 10 29.

ὑποῃύα ζ612ἱ

ὑποψίας α 42 26. 132 29. — ζ60 30.

ὑποψίᾳ α 107 13.

ὑποψίαν οι 102 12. — β 13 15. 37 4.
·- δ’ 2730. —- ε2926.- ζ103 34.

ὑποψιῶν θ 92 32.

ὑπτίας η 82 16.

Ὑσιάς γ 24 7.

Ὑσιὰς ε 83 1.

Ὑστάσπου α 11519.

ὕστατοιγ2325

ὕσταται θ 102 12.

ὑστάτοις η 79 4.

ὑστεραίαςδ1318

ὑστεραίᾳ α 44 13. 52 18. — β 22 23.
82 24. -— y 3619. 73 25. 79 5. 9125.

437

109 4. 113 10. — δ 13 30. 25 29.
31 10. 38 8. 45 31. 69 2. 9610.
115 12. 130 17. — ε 46 16. 66 22.
—— ζ 719. 5010. 6713. 712. 9718.
99 9. 101 25. —- η 3 25. 11 31. 35
31. 38 5. 3917. 45 8. 52 26. 78 30, 9.
791. 83 22. - 3112. 231. 28 23.
35 24. 79 6. 93 16.

ὑστερήκει y 316.

ὑστέρησαν α 134 20.

ὑστερήσας θ 100 6.

ὑστερήσαντες θ 44 10.

ὑστερήσαντας η 29 19.

ὑστέριζον ζ, 69 23.

ὕστερος β 5415- ο 00 29. - 9
68 14.

ὕστερος η 77 14.

ὑστέρα γ 49 5.

(ὕστερον α 2 14. 3 27, 35. 8 11. 920.
12 10. 13 4. 15 29. 16 15. 18 5, 14.
26 3. 30 10. 31 28. 45 30. 50 31.
51 15. 60 18. 62 25. 64 26. 69 31.
73 26. 74 25. 75 4. 78 32. 87 28.
94 32. 95 19. 100 6. 105 19, 9. 111
14. 112 2Ῑ,3. 114 21.1154. 116 4.
117 19. 118 30. 124 29. 126 266,
29 d. 128 35. 13122. 13429. 136 24.
137 3, 17, 19. 139 35. 14513. — β
518. 6 23. 9 9. 16 34. 17 24. 2011.
25 14. 27 30. 30 17. 31 33. 48 7.
49 32, 14. 65 30, 24 d, 6 S. 68 34, 15.
7019. 79 33. 80 6, 9d. 91 10. 9216.
97 21. 99 2. 100 23. 1013. — γ 4 5.
5 4. 7 27, 34. 16 12. 34 25, 27. 50
11,19. 5136. 55 34. 6131. 62 7, 21.
66 22, 30, 33. 68 8, 21. 77 12. 85
13, 20. 87 18. 94 11. 96 29. 98 7.
104 20 S. 107 30. 11312. — (5413.
12 6. 18 29. 25 55. 2614. 40 36.
47 34. 50 14. 54 32. 74 31. 75 28.
80 9. 8123. 8811. 93 7. 101 23, 29.
102 12. 107 6. 108 28. 121 22. 122
36, 13. 131 22. 134 2. - ε 3 27.
4 8. 5 4. 9 25, 31. 24 33. 26 31.
27 11. 30 14, 25. 32 4. 34 36, 8.
3720. 38 3. 5022. 55 4. 614. 6417.
65 18. 72 20. 75 25. 76 6. 78 10.
80 22. 82 13. 114 17. 116 9, 16. -
ζ 3 13. 4 22, 30, 11, 18. 5 21, 4.

