76

6, 20, 28. 50 12,17. 52 4. 53 19, 23.
54 2. 57 32. 59 21, 28. 60 4. 6121,
24, 30, 35. 62 20, 24. 64 13, 23. 67
17, 25. 68 35, 11, 13, 19. 69 4. 70
26. 71 4. 72 21, 25. 73 8,14. 75 17.
76 3. 78 19, 35. 79 14. 80 25, 1.
81 18, 27. 85 1,4, 11. 86 33, 2, 7,8.
87 27. 90 4. 91 19. 92 30, 34,6, 14,
22. 93 1. 95 3. 96 19, 24, 11. 97 22.
98 34, 2, 13, 20. 103 32. 106 29.
108 19, 27. 110 8. 113 8. 114 29,
32. 116 31. 11715. 118 26 6. 12213.
123 21. 125 6. 126 24, 33, 2, 5,11.
128 8. 129 29. 130 27,
134 32. 135 5, 6.

1, 5. 132 31.

ε 41. 5 33, 34. 7 30, 4, 12, 15. 8 22,

24. 9 9, 30, 31. 10 17, 32. 15 25.
16 17. 17 10. 20 28. 21 34. 22 28.
26 23, 34. 27 10. 28 2, 4. 29 12, 25,
28. 30 12, 16. 31 30, 31. 35 16, 29.
36 10, 22, 24, 26. 37 5, 10. 38 29,
37. 39 15. 40 1. 41 34. 42 15. 45
2, 8. 46 23, 6, 11. 49 7. 51 11, 12.
55 32. 59 14, 27. 60 8, 21. 61 29,
33, 37. 63 26, 33, 2. 64 22. 66 29,
32. 68 26, 31. 72 27. 73 27. 75 15.
76 11. 83 6. 85 4, 6. 86 13. 91 10.

. 95 28. 97 1. 98 7, 12. 99 17, 22.

101 29. 103 4. 105 22, 25, 1. 111
13, 15.

‘1124 216 616 928102 611

5,7,13. 15 9,13.16 23, 24, 26, 32,
17.17 29,12‚14,22s. 18 27,35, 15.
20 10,16,21. 22 19. 23 23, 3. 24
12, 14. 27 21. 293. 312,.7 331,

21, 116. 36 3, 11. 37 24. 38 16, 18,
22. 40 12. 48 8. 49 17, 22. 50 8.
53 18, 27. 54 32, 36, 13. 55 34, 4.
56 19, 31. 58 24. 60 25, 30. 62 26.
63 3. 64 23. 65 13. 66 34. 68 34,
1,12,14. 69 25. 70 25. 71 7. 72 24,
29,1‚7. 74 21. 75 11. 76 25,28, 33.
77 5. 78 1, 5, 12. 79 34. 80 9, 10.
82 2, 14. 83 33. 84 12. 85 22, 30,
34. 86 2. 87 31, 10. 88 46. 89 27.
91 33, 11, 22, 25. 96 19, 20, 25.
101 15. 102 35, 1, 5, 6. 103 26, 30.
105 1'.

γὰρ -

η14.228.

γε

4 8, 18, 28, 31. 5 18. 6 29.
11 26, 3, 10. 12 19, 23, 28. 13 31.
14 19, 23. 15 13. 17 6. 18 30. 219,
18. 23 22, 27, 31. 24 11, 17, 19. 25

31, 15. 29 23, 9. 31 32. 32 10, 11.
34 7, 14. 36 15, 21, 25, 30, 30. 42
22, 27, 3, 5, 116. 44 27, 31, 6, 8,
23, 24 6. 45 13. 47 26, 28. 48 12, 17,
24, 26, 3, 6. 50 9, 14, 1. 51 13. 53
11 25. 55 6, 10. 56 21, 27, 29, 6.
57 9, 22 s. 58 28. 60 18, 31. 61 14.
62 30, 7. 65 27. 66 1, 3,10. 67 1, 4.
68 23. 69 20. 70 8, 15, 16, 33 6. 71
19, 22, 33, 20 d. 72 35. 73 19, 21.
75 30 1, 12, 14, 19, 21, 26 s. 77 20,
25, 3, 5, 14 s. 78 3, 4, 15. 79 19, 22.
80 32,5. 81 18,27, 31. 84 19. 8510.
86 23, 28. 87 9, 18, 31.

9 1 13. 5 5,10,16,18. 610,13. 7 31.
8 23. 10 12, 21. 11 2. 12 26, 30.
17 4. 23 28, 3, 10. 24 16. 25 9,31.
26 5, 18. 27 28, 1. 28 2. 29 21, 25.
30 30, 3. 32 7. 3632. 39 33. 40 14.
41 16. 43 20. 45 23. 46 3, 5, 15.
47 30. 48 11, 96. 52 15. 53 14. 55
16. 56 34, 10, 14. 60 10. 61 10. 63
33, 2, 10. 64 29, 5. 65 13. 66 9,10,
12. 68 4. 71 23. 7315,18,31. 7421.
75 10. 76 31, 2, 5. 79 31, 2. 80 21.
83 18. 84 2. 86 32, 12. 87 6, 9,14,
22, 26. 88 7. 89 6. 90 8. 91 20, 30.
92 24, 33, 16 s, 86. 95 24, 28, 6.
96 28, 30, 18, 22. 97 2. 98 12, 22.
196 25, 27. 105 28. 10611,14. 109 9.

‚ Γαυλίτην θ 85 28.

γεα326 1120, 24. 3214. 3929.
40 24. 66 21. 6925. 7032, 2. 74
5, 10. 75 30. 80 28. 81 13.111 20.
1214. 122 25. 12318. 13219. 1391.
142 30. 143 11. - β 13 11. 21 29.
34 5. 38 13. 40 15. 41 9. 43 24, 7.
47 26. 49 18 6. 5414. 56 11. 60 17.
62 7. 65 29. 87 16. 89 33. 102 4.
- y 11 21. 39 35, 21. 45 15, 21.
58 24. 59 6. 63 33. 36 4. 66 2. 82
·15. 86 1. 87 19. 89 21. 104 1. 113

. 23, 24, 25. — δ 20 1. 2812. 48 28.
61 15. 6418. 72 30. 73 5. 78 20,21, 1.

