ἐμφανοῧς- ἐν 135

22 16,18. 23 34, 6. 2414. 25 24,
31, 1, 3, 9, 11, 12. 2623. 298, 19,
21, 22, 27 308. 31 22, 23, 25, 29,
33. 329. 3320. 3426, 27, 5, 6. 35
23, 25. 36 6,14,19. 37 8. 3925,
31, 34. 40 6. 41 2. 42 8. 43 18, 22,
28, 28, 31, 32, 5, 5. 44 11, 16, 29.
45 4, 7. 47 16, 23, 25. 48 4. 49 25,
5, 16 d. 50 26. 51 26. 52 2, 4. 52 6.
53 30, 31 54 7,11. 55 33. 56 33,

ἐμφανοῦς y 4218.

ἐμφανεῖ β 21 28. - 686 8. - η 48 23.
ἐμφανῶς η 4810.

ἐμφράξαι δ 8 2.

ἐμφράξασαι η 34 25.
ἐμφρουρούντων θ 60 8.
ἕμφρουροῦντας δ 110 4.

ἔμφρων α 84 24.

ἔμψυχα η 29 8.

ἐν α 3 23, 31. 5 10. 6 34, 4, 12, 14.

7 25, 25. 8 31, 33, 11. 9 21, 2. 10
33, 34, 1. 11 21. 12 30, 3, 5. 13 13,
19. 14 20. 16 14. 17 17, 22. 18 28,
3, 6. 21 31. 22 35, 6. 23 23, 23. 24
14, 22, 27, 28. 25 3, 16. 28 2, 4, 6,
15. 29 27, 29. 32 20, 21, 25. 33 15.
35 10, 17, 18, 26. 37 7. 39 4, 5. 40
13. 41 7, 13. 42 22,, 24. 43 34, 5.
44 13, 26. 46 16. 47 26, 29. 49 22.
52 20, 20, 26, 27. 54 17, 17, 21, 21.
55 4, 8, 14. 57 29. 60 8. 62 6, 12,
15, 16. 64 24. 65 7. 6617. 67 3. 68
17, 18. 72 26,31. 73 28. 74 1,6, 22.
76 11, 13. 77 32, 33. 78 27, 30, 33.
79 13. 80 17, 28, 2. 84 11. 85 14,
25. 86 4. 87 30. 89 4, 9, 22. 90 12,
19, 22. 92 22. 93 28, 12. 94 33. 95
5, 21, 23. 97 5, 9,12. 98 15. 99 28.
100 2, 8,16. 101 22, 27. 102 32, 10.
103 21. 105 33, 5, 8. 107 5,15. 108
16, 23,1. 109 3,16. 110 24. 11115.
112 27,30, 2. 11312. 11518.11712.
118 33, 1. 120 31, 34, 15, 22. 121
25, 30, 2. 122 18, 29, 1. 124 4. 126
22 d, 29 s. 128 14, 17,29, 34. 129 20.
130 28, 31. 132 27, 34, 9, 2611. 133
4, 5. 134 11, 13, 24, 29, 31. 13511.
136 28. 137 7, 10, 26, 27. 1381,16,
22, 22, 28. 139 3, 4. 140 25, 13. 141
28, 16. 142 25, 26, 7. 143 30. 144
16, 21. 146 15, 16.

β12ο.2 26, 28, 29, 11. 3 25, 6. 4 9,
17, 9s. 5 18, 23, 30. 6 13, 16. 7 30.
8 18, 19, 23, 32. 9 16, 18. 10 26, 3.
11 6, 25, 32, 33, 1,1. 1217. 13 2,
10, 26, 7d, 18 d. 14 32. 15 16, 20,
21. 16 33. 17 22, 28. 18 34, 4, 6, 8,
9, 12, 13. 19 19, 26. 21 28, 32, 4.

3, 7, 18. 5720, 22,24,.28 586,10.
5916. 601,11. 6124,33,35. 62
6, 10, 19, 3. 639,11,17, 17. 6428,
29, 30, 7. 65 29, 35, 2, 6, 27d‚ 3211,
18, 18, 38, 98. 67 17, 20. 6830,
31, 16, 21. 7010, 20. 711, 7. 73
16, 19, 20, 22. 743. 75 30. 76 34,
15. 77 11. 78 2. 80 23, 24. 8127,
31. 83 33, 35, 37. 84 22, 25, 32, 4,
20 8. 86 14, 14, 14, 22, 26, 33, 2. 87
16, 24. 88 12, 16. 89 24, 29, 30, 32,
16, 21, 25 8, 298. 93 31. 94 13, 15.
97 33, 4, 4. 98 15, 16. 99 28. 100
22, 24, 35. 101 21, 32, 1. 102 6, 21,
26, 2.

3 27. 4 20, 22. 5 32. 9 10, 11, 19,
20. 10 25. 11 22. 12 34, 35, 36. 13
17, 23, 27, 32, 1. 14 15. 15 29, 33.
17 18, 23, 24. 18 3, 15. 22 21, 26.
23 4, 11, 19, 23, 26, 29. 24 33. 26 6.
27 13. 28 23, 30. 29 5, 6. 31 34.
33 33, 2. 34 11, 14, 18, 21. 35 33.
36 24, 31. 37 35, 18. 38 21. 39 31,
9, 22. 40 10,11. 416. 42 27. 4315.
45 6. 46 7. 47 32,13. 49 26. 5017.
51 21, 36, 36. 52 15, 17, 21. 53 29,
30. 54 18, 21, 26. 55 1. 56 14, 23,
24, 28. 57 12, 16. 58 3, 9, 12, 14.
59 1. 62 9, 24. 65 1, 2. 66 27, 32,
35. 67 15, 30. 68 5, 13, 25. 69 4.
72 17. 741, 6. 75 20. 761. 77 9,
15. 78 27. 79 6. 80 10. 81 28, 1, 9,
13, 15. 82 19, 28, 24 d, 25 d, 34d.
[84 27, 5, 8.] 85 15, 17, 18, 25. 86
11. 87 24, 24, 25. 88 26, 30, 33. 89
11, 20. 90 29, 37. 91 24. 92 33,15.
93 30. 94 8, 10,16. 95 3. 96 21,21,
23. 97 3, 17. 98 29, 4. 99 12. 100
22. 102 8. 103 35, 6. 104 21, 22,

