ξυμβοηθήσωσιν - ξύμμαχοι

ξυμβοηθήσωσιν δ 76 19.

ξυμβοηθῆσαι γ 94 29.

ξυμβοηθησάντων y 7 33. — η 56 3.

ξυμβολαίαις α 77 32.

ξυνεβούλευε α 65 2.

ξυμβουλεύσαιτό 9 68 19.

ξυμβουλευτέα α 140 27.

ξύμβουλος γ 76 6.

ξύμβουλον y 69 6.

ξύμβουλοι 9 41 29.

ξυμβούλων y 42 28.

ξυμβούλους β 85 22. - ε 63 2. — 9
39 24.

ξυνεμαρτύρησε 9 518.

ξυμμαχεῖ α 3511.

ξυμμαχοῦσιν ε 98 12.

ξυμμαχεῖν α 39 2. 91 18. - β 2 20.
- ζ 33 15. 78 15.

ξυμμαχοῦντας ζ 85 26.

ξυνεμάχουν β 66 16. - η 58 16.

ξυνεμάχει α 62 10.

ξυμμαχήσειν ζ’ 49 29.

ξυμμαχήσοντες ὃ 86 28.

ξυμμαχήσαντες η 50 17.

ξυμμαχήσαντας ζ 80 10.

ξυμμαχία α 102 20. 130 7. - β 9
15,24. 6812- 71027·- η22 31.
24 32. 40 37. 45 33. 80 3. - ζ 73
14. - θ 17 17. 19 1.

ξυμμαχίας α 19 35. 32 11, 17. 33 16.
35 16, 30. 118 8. 119 20. -- β 67
28. — y 10 21. 55 35. 63 35. 65 6.
82 20. —- ὃ 60 3. — ε 2322. 30 20.
32 10. 37 23. 44 21,28. 47 10 s. 48
24. 79 19. 81 25. - ζ 501. 82 34.
- η 57 21, 22s. —- 3 44 31.

ξυμμαχίᾳ α 32 26, — y 45 12. — ε
47 2811. 60 15. — ζ 2 2s. 33 3.—
θ 49 22. 108 1.

ξυμμαχίαν α 15 10. 33 28. 37 29. 42
30. 44 14. 57 34. 61 28. 71 16. 102

18. 103 31. 11519. -β 7 11. 10 27.*

29 31. 30 13. 73 25. 95 13. —- y
9 10. 11 15. 86 34, 5. 11415. - ὃ
19 34. 77 5. 118 3,13. —— ε 115.
22 23. 25 1. 27 17, 22. 28 32, 9.
29 30. 30 24. 31 27, 33, 14. 33 26.
38 9. 39 22, 29. 40 35, 4. 42 19.
43 8. 44 13, 25. 46 29, 37, 2, 13.

271

52 31. 76 6. 7812,13. 7916. 82 20.
83 12. 104 17. -- ζ 622. 34 31‚34.
50 16. 51 31. 75 9. 79 22. 80 4. —
θ 3 4. 6 3.18 20. 31 12. 76 26d.

ξυμμαχίαι ε 27 11. 48 19.

ξυμμαχικόν α 107 14. - ε 610.
·-· θ 9 4.

ξυμμαχικὸν β 22 24. 101 26. - y 3
33. 91 16. - δ 6125. 77 6. 105 5.
- η 20 25. 33 5.

ξυμμαχικοῦ γ 107 1. - 9 45 6.

ξυμμαχικῶν y 58 24.

ξυμμαχὶς α 98 21.

ξυμμαχίδος α 110 29. — β 80 10. -
ε 36 13. 110 1.

ξυμμαχίδα α 66 19. - β 2 3.

ξυμμαχίδων 9 7 6. 23 21. 40 12.

ξυμμαχίδας β 7 3. - 9 48 5. 53 6.

ξυμμαχόμενοι δ 44 34.

ξυνεμεέχετο 9 26 19.

ξύμμαχος α 57 31. — β 29 5.

ξύμμαχον β 2913, 29. - y 47 35, 5.
73 29. 102 29. —- ὃ 10 28. 83 3. -
ε3511.-ζ7831.-31228.
53 28.

ξύμμαχόν α 37 31. —- y 47 9.

ξύμμαχοι α 29 19. 30 10, 20. 48 7.
49 32. 62 8. 64 23. 83 13. 86 1. 89
12. 91 7. 95 18. 99 30. 102 19. 105
23. 108 17. 109 3. 120 27. 121 8.
124 31. 141 9. - β 7 33. 9 6.115.
47 19. 66 13. 71 24. 73 21. 81 21.
831. -- y121. 8 3. 99. 1029,2.
12 3. 13 14. 14 16. 15 24, 32. 16 9.
26 35. 58 7. 63 31. 68 34. 70 22
86 31,4. 881. 89 6. 90 32, 3. 9516.
103 3. 115 33. — ὃ 211. 2418. 25
3, 35, 68. 65 33. 118 27 d, 33d. 119
12. 122 33. 129 15. 134 30. -— ε 9
34. 11 32. 18 21, 1, 15, 22s, 26s.
2217. 23 32. 2619, ’28. 2910. 301.
31 29, 17. 32 29, 13. 37 4. 40 7.
4612. 47 25d. 48 22. 50 4. 57 1,
8,9. 60 3. 6214,19. 6417. 65 26, 9.
66 22. 67 16, 20. 70 24. 72 30. 73
21. 74 5. 75 27. 79 23. 83 31. ·- ζ
7 7. 1813. 215. 3110. 42 6. 43 26.
67 13, 16, 24. 76 35. 87 1. 103 23.
105 31. — 714 33. 14 23. 19 21,31.

