27, 27. 13 30, 31, 33, 1, 2, 3, 5, 7,
9, 12. 14 16, 17, 20, 22, 24, 26, 31.
15 2, 3, 4, 6, 10, 10, 10, 13, 14,18.
16 24, 26, 27, 27, 28, 29, 31, 32. 17
2, 3, 3, 4, 5, 7, 8, 10,11,13,15. 18
19, 20, 21, 23, 25, 28, 28, 32, 1, 2,

18, 18. 19 21, 23, 26, 27, 27,28, 30,
31, 3, 4, 5, 6, 11, 12, 14,18. 20 21,
22, 23, 24, 26, 28, 29, 29, 30, 34, 2.
21 5, 7, 9, 11, 15, 16, 17,20,21,26,
27,27, 28,29. 22 33, 1, 2, 3, 4,7, 8,
10, 11. 23 15, 17, 18, 20,21,21,24,
25, 26, 29, 31, 32, 33, 2. 24 6, 7,
10,11,13,13, 14, 14, 15, 16, 20,
21. 25 24, 25, 27, 30,31,33,1,7,10,
12, 14, 14, 16, 21, 23 6, 24 6, 25 6,
25 6, 27 6, 28 6, 28 6, 296, 326, 33 6,
336, 336, 18, 38. 26 7,8,9, 10,
14, 15, 17, 18, 21, 22, 23. 27 24,26,
2, 3, 6, 7, 8, 12, 13, 14, 16, 18. 28
23, 25, 27, 27, 29, 1, 3, 8, 10,11,12,
16, 17. 29 22, 23, 25, 26, 27, 28,31,

12, 13, 14, 16. 30 17,18, 19, 20,26‚
27, 28, 30, 30, 31, 31, 33, 33. 31 10,
11, 12, 13, 14, 17, 18,20, 21,25,26,
30, 31, 33, 1. 32 5, 7, 8, 8, 14, 15,

17. 33 17, 18, 20, 20, 21, 22, 27,

29, 30, 32, 33, 34, 2, 2, 4, 6, 6, 7,
9, 10, 12, 13, 14. 34 16, 19, 21,23,
27, 28, 31, 31, 32, 34, 2, 5, 6, 8,12,
14, 17 11, 1811, 2011. 35 21, 26, 27, 30,
31. 36 4, 8, 10, 11, 12, 13, 19, 22,
22, 1, 1, 311, 411, 511,1011,1111,1111.
37 14, 14, 16, 16, 19, 20, 20, 23, 23,
25, 25, 26, 28, 29, 30, 31, 31, 32.
38 33, 1, 1, 4, 7, 10, 14. 39 18,19,
26, 29, 30. 40 1, 2, 2, 4, 7, 10, 12,
15, 16, 19, 22, 23, 24. 41 26, 32, 33,
34, 1, 2, 3, 4, 5. 42 6, 8, 9, 10,10,
11,11, 11,12,13,16, 20,24,28,31,
31, 34, 1, 2, 611, 711,1011,1111,1211.
43 17, 19, 20, 21, 22, 23, 23, 24,25,
.26, 28, 29, 31, 32, 4, 5, 7, 7, 8,138,
138, 148, 148, 158, 178, 198, 238,
238. 44 24, 24, 2, 4, 7, 8,11,12,12,
14, 17, 19, 22, 2411, 2511, 29 d, 30d,
3111, 3311, 28. 45 9, 12. 46 17, 22.

καὶ

205

47 25, 27, 30, 31, 33, 1, 2, 3, 7. 48
8, 14, 18, 19, 19, 21, 22, 26, 27, 27,
28, 31, 35, 4, 5, 7, 88, 118. 49 14,
15, 16, 17, 24, 25, 28, 29, 29, 30, 1,
1, 3, 3, 4, 5, 6. 50 7, 11,14,15,16,
17, 17, 20, 20, 21, 23, 23, 25, 29,32,
33, 1, 3, 4, 4, 78. 51 9, 11, 13,16,
17, 20, 20, 21, 22,24. 52 25,27, 27,
29, 29, 30, 31, 32, 33, 2, 2, 3, 3, 4.
53 6, 6, 8, 10, 13, 14,16,16, 17,18,
19, 19, 20, 22, 22, 23, 24, 26,28,28.
54 31, 1, 3. 55 6, 8, 11,11,12,12,
16, 16. 56 18, 22, 24, 25, 25, 26,31,
32, 33, 33, 1, 2, 3, 4, 4, 5, 9. 57 10,
16, 17, 17, 18, 18, 21, 22, 22, 23, 23,
23, 24, 24, 25, 25, 27, 28, 29,31,32,
4, 7, 108, 138, 148,178,178, 198,
238, 258, 27 8, 298, 298, 32 8, 33 8,
348, 211, 311, 411, 511, 511, 7d. 58 9,
11, 14,’14, 15, 16, 20, 22, 22,22,23,
24, 25, 28, 29, 29, 29, 30, 32. 59 32,
1, 2, 4, 7, 10,11,11,13. 6014,15,
16, 17, 22, 25, 25, 26, 30, 30, 31,33,

7
22, 23. 62 27, 28, 30, 30, 31,2, 8, 9.
63 11, 14, 18, 18, 20, 23, 23,24,26,
30, 1, 1, 2. 64 4, 8, 9, 10, 13, 14,
15, 15, 16, 16, 19. 65 22, 23, 25,26,
26, 27, 28, 29, 30, 31. 66 32, 33, 2,
5, 6, 6, 7, 13, 14. 67 16, 17, 21,23,
26, 27, 29, 30, 31, 5. 68 10, 12,16,
17, 19, 23, 25, 25, 26. 69 29,29,30,
31, 33, 33, 34, 1, 2, 4, 5, 6, 9, 12,
13, 13, 15, 17, 19, 20, 23. 70 25,26,
27, 28, 29, 30, 1, 3, 5, 6, 7, 7, 10,
18, 21, 22, 22, 276, 276, 286, 316,
3211, 3411, 18, 38, 48, 58, 68, 78.
71 16, 21, 21, 23, 25, 28, 28, 30,31,

5
22 d. 72 24, 25, 26, 27, 27, 2, 3, 4,
5. 73 8, 9, 12, 14, 15, 16,17,19,
23, 25, 32, 3, 3. 74 6, 6, 7, 9, 12,
14, 14, 15. 75 22, 23, 27, 27,27,28‚
29, 32, 33, 34, 1, 2, 4, 6, 7, 8, 9, 11,
13, 15, 17,17,20, 21, 228, 248, 258,
258, 368, 328. 76 3, 5, 6. 77 8, 8,
9, 15, 17, 20, 21, 23, 23, 24, 26, 27,
29, 32, 1, 1, 2, 2, 3, 7, 7, 118, 128,
148. 78 17, 17,18,18,19,22,23,25,

