τὰν — οἱ 295

1d, 5d. 25 27, 28. 26 12. 27 4. 28
1, 9, 10, 12. 29 14,16,20. 30 1. 31
9, 12. 32 32, 4, 7. 33 13,16, 28,28.
34 4, 7. 35 22, 28, 28. 36 30. 37 24,
25, 28. 38 34, 10, 12, 17. 39 4, 6.
40 12, 20, 25. 41 33, 33, 1, 5, 7,15,
16. 42 18, 24, 33, 2. 43 4, 8. 44 27,
28, 14. 45 18, 20. 46 24, 20 d. 47
26, 27, 6. 48 7, 15, 22, 29. 50 30,
33, 13. 52 13. 55 12, 14, 18. 56 18,
21. 57 23, 24, 31. 58 9, 13, 14, 16,
25. 60 12, 14, 15, 20, 20,22. 61 11.
63 31, 33, 3. 64 23, 24, 26, 27, 32,
7, 2, 3, 6, 7. 66 26, 6, 14,15. 67 23.
68 9, 25. 70 2, 5. 71 12,13,24‚30, 1.
72 3, 9,12. 7316, 32. 74 16, 18, 24,
27, 30. 75 2. 76 23, 13, 26 d. 77 3.
79 25, 26, 28, 29, 12. 81 6, 13, 14,
23. 83 16, 18, 20. 84 7. 85 26, 5, 9,
11, 12. 86 32, 8, 288. 87 31, 5, 13,
23 30 d. 88 9,11. 89 30, 31, 2. 90
21, 22. 91 19, 25, 27, 29. 92 26, 26,
1, 24 6. 93 28. 94 4, 9. 95 15, 16.
96 26, 10. 97 26, 33, 5. 98 11, 14.
99 29, 12, 14. 100 21, 2, 3, 6, 12.
101 18,19, 21. 102 6,10, 16. 103
19, 24, 29. 104 32,1,13,16, 21. 105
24, 29. 106 12, 15, 27, 28, 28. 107
32, 5, 10. 108 14, 21, 28. 109 15.

ταν ε 77 30, 4. 79 20, 24.

τώὁ42ι,-ε234, 11.

τοῖν ε 2924. -— ζ 465. -η 247,8.
- θ 44 5.

οὶ α 2 7, 10, 11. 3 34. 5 9, 20. 6 32,
1, 9,13. 8 28, 2, 4. 915. 1115.
12 32. 13 26, 1. 15 30, 4, 7. 17 21.
18 26, 27, 11, 16, 18, 18, 19,20. 19
27. 20 2, 16. 22 10. 23 31. 24 26,
28, 1. 25 2, 8. 26 27, 5, 8, 10, 14.
27 22,22,25. 28 32, 10. 29 19, 29,1.

30 7, 10, 10, 12, 20, 23. 31 28, 32,

4, 8. 36 21, 22. 42 24. 43 9. 44 16.
45 26. 46 5, 21. 47 23, 30. 48 7, 8.
49 25, 27, 31, 32, 32, 33, 2, 6. 50
9, 13, 20, 26, 30, 32, 33. 51 2,8,15.

52 20, 21, 29. 53 7, 9. 5416, 18,31,

32. 55 1, 10. 56 19. 57 28, 34, 7.
58 30. 59 3. 60 8, 15. 62 4, 8, 18.
63 5, 9, 12,14. 64 19, 23, 23, 24.

66 22. 67 31. 69 4, 7. 70 2, 6, 12.
71 18,19,24. 72 25, 4, 5. 73 11. 77
4, 12. 78 31. 79 7, 8. 80 19. 85 12,
18. 86 34. 87 18, 23. 26, 27. 88 33.
89 3, 6, 11, 11, 17, 22. 90 4. 9123,
33, 1, 7. 92 19. 93 27, 29. 95 35, 2,
5, 17, 18, 19, 20. 96 24. 99 24, 27,
30, 31. 100 9. 101 20, 22, 25, 26.
102 1, 7, 13, 20. 103 21. 104 9, 15,
16. 105 23, 24, 2, 6, 7, 11. 106 13,
17. 107 27, 9. 10817. 109 3, 3. 110
23, 27. 111 10. 112 23. 113 19, 19.
114 25, 28, 30. 115 9. 117 12, 23.
118 32, 3. 119 21, 22. 121 8. 123
20, 20. 124 9. 125 10. 126 22, 6, 8,
9, 12,13,15, 18 d, 25 d. 127 30. 128
9, 10. 131 7, 16. 132 25, 25, 34, 5.
133 28. 134 11‚19, 2. 135 4, 10. 138
27.1395,14.1408.14131,3,9,14,15.
142 23 143 28,8. 144 32.1456,12.

β2510 322 48 16„24„,26263

98 510, 20,26, 26, 6„7,911d.
624, 26 731 32, 33 81 1, 2 9
6, 16, 17, 23. 10 26. 11 5, 5, 7, 3.
12 17, 18, 29. 13 13, 9d. 14 26. 15
22. 16 32, 33. 17 9, 28. 18 35, 9,10.
20 7, 10. 21 29, 32, 33. 22 19, 23.
23 31, 32, 34, 4, 5. 24 11,18. 2524,
4,9, 11, 12, 17. 26 18. 27 31, 1, 2.
29 10, 28. 30 8. 31 20,22,29. 34 26.
35 17, 31. 36 8, 10, 13, 17. 39 25.
40 19, 22. 43 3. 44 21, 24. 46 9.
47 19. 48 5. 49 10,14. 50 31. 51 6,
6, 20, 23, 24. 52 8, 14, 15. 54 5, 8,
13. 55 26. 57 20. 58 7, 11. 59 14.
61 35. 63 14. 64 20. 65 21, 25, 29.
8, 24 d, 30 d. 6613, 13. 67 9‚10,16,
20. 684 5,6, 13. 70 34,9,15. 71
23, 24, 27, 6. 72 28. 73 11, 18, 24.
74 26, 3. 7521, 22, 32. 76 34, 2, 17,
21 77 29, 17. 78 211. 191515,
18, 22, 28, 32, 3, 3, 3 8016,25.
81 21, 21, 25, 26, 27, 29, 31, 3, 10,
15 s, 20 s. 82 27. 83 31, 37,1,14,20.
84 20,7,11,16. 85 22, 31, 5. 86
14, 14, 25, 30, 32, 1. 87 6. 88 8,16.
89 8, 9. 90 6, 7, 15, 20,33. 91 2, 9.
92 23, 27, 4, 8, 14. 93 20, 32. 94 13,
15,19,22,29. 96 26, 26, 30, 31.

