ἦμεν - ἔσοιτο 1 2 l

53 19,22. 55 26. 57 31.-65 9. 66 28.

67 5, 15, 20. 78 20. 80 31. 84 29.
90 3, 4, 12. 931, 23. 97 25. 103 29.
108 10,12.115 17. 124 29. 128 18.
130 20, 6.133 16.

8325. 821. 1025. 167. 255. 3216
358. 4627. 5036. 51 12. 521. 54
21. 57 13. 6010. 6415, 21. 6823, 3.
70 23. 72 36. 73 27. 74 7. 80 13.
81 33. 83 13.

ζ 4 16. 29 2, 3. 31 7, 36 d. 35 29,31.
46 2, 4. 47 25. 49 32. 50 21. 54 14.
55 4. 57 4. 60 16, 7. 61 13. 62 25.
64 24, 32. 65 16. 66 4. 6718. 70 33.
71 7. 78 13. 89 31. 101 5. 102 2.

η 1 11. 3 29. 4 6. 513. 6 25,7. 721.
20 30. 22 3. 25 32, 18, 20. 28 17.
29 13. 43 31, 2. 44 26, 31, 7, 25 d.
47 31. 48 19. 4915. 50 33, 3. 51 18.
53 25. 55 9. 56 23, 33. 60 4, 6. 65
30. 69 34. 70 7. 71 20, 1, 17 d, 22 d.
74 13. 75 25, 12, 21. 78 5, 7, 15.
79 19. 80 17. 811. 84 23,29. 85 16.

9 5 5, 6, 15. 6 23. 9 29, 30. 15 14.
28 2. 29 23. 39 25. 41 16. 45 23.
46 15. 48 27. 51 33. 56 32, 35. 60
11. 61 10. 64 29. 66 25, 9. 68 8, 13,
1,4. 7617.7811. 80 22. 85 2. 89 2.
90 31, 12. 91 28. 92 12, 1, 9s, 13 s,
15 s, 26 s, 5d. 93 31. 95 25. 96 14.
98 14. 99 3. 100 4. 105 28.

ἦμεν α 74 20. 143 31. — y 10 35.
11 9. 12 3, 9.

ἤτε y 53 8. 56 23.

ἦσαν α 3 30. 8 28 32. 10 33. 13 14,
30. 151. 1716. 209. 23 12 2525.
27 22. 29 19. 30 23. 31 33. 35 28.
379, 10. 393. 467, 11. 4729. 49
20,3⁷3. 5026. 5219. 556. 57 30
62 26. 72 35. 99 23, 25, 27. 113 15.
115 17, 25. 116 2. 122 20. 140 34.
143 32. - β 4 21. 5 22, 9. 616.
7 3. 13 1od,11d. 17 29.2132.'22
29. 27 34. 31 29, 30. 48 7. 57 20.
58 7. 78 31, 1. 80 20. 81 7. 83 12,
16. 96 33. 98 26. 101 21. — y 2 7.
3 14. 11 9. 15 33. 17 22. 18 34. 21
22. 22 32, 4, 26. 29 13. 39 32. 50 9.

52 15. 56 26. 74 7. 77 14, 19. 82
7s. 86 31, 2, 5. 88 1. 95 16.9712,
18. 98 19, 26, 32. 100 22. 104 20.
107 18. 109 17. - ὁ 1 3. 8 240.
9 29. 12 8. 16 7. 28 27. 31 16. 32
24. 38 16. 43 12, 19. 44 33. 54 34.
55 16, 31. 66 15. 70 25. 91 20. 93
20. 96 30. 103 31. 106 15. 108 6.
113 7, 15. 122 4, 7. 129 32. —- ε
7 14. 15 25. 26 28. 28 2. 32 3. 35
12, 32, 35. 37 34, 17. 43 27. 45 12.
46 5. 49 2. 53 7. 55 29. 57 8. 59
13. 6011. 617. 6717. 68 32. 7314.
761. - ζ26 11. 27 12. 32 8. 35
24. 42 6. 43 20, 24, 30. 46 37. 56
30. 60 20. 61 5, 8. 65 17. 69 21,25.
72 29. 75 4,11. 76 35. 88 21, 7.
89 34. 100 5. 101 15. 104 5. — η
1 8. 2 7. 18 12. 24 18. 25 18. 33
24. 37 20, 31, 32. 42 29. 43 6. 44
2s. 51 10. 55 8. 5724. 5832. 6024.
69 7. 70 21. 72 35. 73 33. 75 34.
80 13. 81 27. 86 31. 87 17. — θ 1
7, 18, 1. 2 6,15. 7 5. 1415,26.
25 11. 28 5. 29 26. 30 30. 32 30.
3710. 61 3. 6217. 66 29. 69 11,18.
82 2. 84 3. 91 22. 92 23, 10 s. 94 2.
96 9. 98 10. 107 8.

ἦσάν ε 42 8.
ἔσται α 35 13. 70 2. 73 19. 78 30.

81 8. 90 15. 118 15. 127 5. 142 30.
143 27. — y 12 8. 13 2, 4. 25 25.
3833. 46 6. — δ 10 30. 6034. 73 3.
95 4. 118 45. - ε 69 7. 10414.
110 2. 111 30. — ζ 11 1. 1712.
22 19. 34 17. 68 12. 85 34. — η 16
33. 4214. 4928. 6113. 62 2. 66 33.
77 2. - 8 [27 31]. 47 27. 52 10.
91 8.

ἐσόμεθα α 32 32. — ζ 18 16. 23 27.

- η 67 24.

ἔσονται α 142 8. - β 44 22. 45 4.

— 665 34. 69 27. 118 29d. —— ε
23 32. 30 1. - ζ 10 6. 33 12. 72
34. 9136.-η672.-θ218.
48 9d.

ἓσοῦνται ε 77 2. 79 22, 24.
ἔσοιτο β 2 10. 80 15. — 8 48 18.

50 28.

