στρατηγοῖς - στρατοπεδευσάμενοι

ε 59 24. 69 5. -ζ 34 4d. 4122.
72 29. 9914. - θ 9 2. 4111. 73
27, 31. 85 5. 89 25. 92 13 s.

στρατηγοῖς β 70 6. -— γ 412. 109 10.
—- ὃ 8914.132 29. -gs 13. 64
31. — η 73 4.

στρατηγούς δ 66 23. - ζ 63 10. 103
35. - θ 76 26, 28.

στρατηγούς β 10 2. 70 17. ——- δ 215.
4 13. 15 35. 46 23. 65 1. 118 5s.
— ε 6514. -— ζ 85. 264. 3133d.
5123.724.-η502.-θ453.
54 26.

στρατιοῖ δ 69 34.

στρατιὰ β 2516. 56 6. 79 13. 10129.
-— y 28 34. — δ 42 3. 44 6. 75 32.
122 31. 128 7. — ε 10 17, 291183
12. — ζ22 18. 53 19. 61 15. 100
12, 21.102 11. - η 7 24. 15 6. 43
29. 52 25. 73 8. - θ 28 2. 32 1.
34 30. 37 23. 40 17.

στρατιᾶς α 93 19. 105 33. 106 21. 109
13. 129 24. - β 2214. 3315. 58 6.
69 33. 70 10. - y 7 33. 19 27. 30
17. 35 2. 94 22. 100 24. - δ2717.
37 19. 85 31. — ε 60 24. 79 25.
116 9.- ζ 7 10. 2128. 26 3. 3158.
37 19. 91 8. 99 20. - η 3 25. 27
32. 31 29. 33 30. 53 10. 79 29.

στρατιᾷ α 59 7. 114 23. —— β 57 21.
69 31. 82 22. 95 19. - y 9511.
110 32. — δ 57 27. 7019. 85 18.
108 1. 130 7. — ε 21. 6 10, 20.
47 16d. 52 32. -— ζ 33 2. 44 4. 47
26. 48 9. 5134. 52 3. 93 12. 94 28.
103 22. — η 1 20. 113, 7. 2518.
31 17. 33 31. 42 25. 43 17. 79 32.
— θ 196. 20 28. 3317. 38 34. 87 2.

στρατίαν α 27 17. 30 19. — β 58 4.
- δ 30 34. 78 14. 80 28. 108 8. —
ε1027.1325.-ζ916.-η7
19. 1212. 17 2. 4824. 50 24. 8015.
82 20. 84 8.- θ 7130.

στρατιὰν α 10 25. 95 17. 114 29. —
β 10 23. 29 34. 56 31. 81 15. — y
28 28. 100 19. 102 21. 105 27. —
δ 30 3. 70 16. 75 25. 83 34, 18.
121 23. 132 32. 135 9. — ε 63 3.
83 33, 10. — ζ 48 6. 49 26. 50 6.

405Ν

51 22. 62 34. —— η 1 24, 6. 3 23.
4 7, 24. 11 28. 12 14. 15 9. 16 25.
21 6. 22 31. 33 9. 42 6 d. 43 26.
46 21. 49 20. 50 11. 79 18. 83 30.
-- θ 5 7. 6 8, 6126. 7113,18.
108 32.
στρατιὰς α 141 32.
Στράτιοι β 81 3. 82 27.
Στρατίων β 8122,17 s. -— γ10617,19,
στρατιώτης ζ 2418. 3113.
συρατιώτην β 11 19.
στρατιῶται α 60 16. - β 58 11. 88
16. 89 22. — δ 29 6. 12815. —- ε
67 8. — ζ 5126. -- η 6111. 748.
77 SS. — θ 32 2. 47 32. 7419. 75
19. 76 25, 19. 78 7. 83 24. 86 18.
στρατιωτῶν α 95 11. - β 88 10. —
157 15. 30 25. -ε 730. 34 32.-
ζ46 24. 5316- η 15 3. 44 2s.
4830.-914.735. 814.848.
στρατιώταις 6 4 15. 26 29. 125 17. —
η 69 30. — 9 36 34. 74 27.
στρατιώτας β 58 4. 86 4. — y 18 11.
-δ413.-ε91.3531.-ζ61
33. - η 47 27. 60 6. 85 36. — θ
75 11. 95 4.
στρατιωτικόν θ 83 26.
στρατιωτικώτερον β 83 2.
στρατιώτιδι θ 86 213.
στρατιῶτιν θ 74 24.
στρατιώτιδες α 116 2. —- ζ 43 21. -
θ 62 17.
Στρατόδημος β 67 23.
Στρατονίκην [31013.
στρατοπεδεύεσθαι ζ 42 8.
στρατοπεδευόμενοι δ 23 14.
στρατοπεδευομένοις α 51 11. - δ26 27.
ἐστρατοπεδεύοντο α 30 20. 62 5. —
δ1256.-η4730.-θ1135.
ἐστρατοπεδευμένοι ζ 88 1.
ἐστρατοπεδευμένους δ 54 29.
ἐστρατοπεδεύσατο y 107 3. - δ 78 5.
ἐστρατοπεδεύσαντο α 47 25. 61 3. -
β 8131. — y 105 2. — 612916.
-ε6526.-η76 1.-92514.
79 4.
ἐστρατοπεδεύσαντό δ 131 20.

στρατοπεδευσάμενοι β 81 23. - y 91
24. - ε 64 25. 84 30.

