64

15, 17. 52 22, 26. 53 7, 9, 11. 54
16, 22, 26. 55 1, 3, 7, 9, 13. 56 21.
57 27, 32, 4. 56 15, 17. 59 32, 3.
6119, 26, 27, 34, 2, 3624, 6, 11,
13, 26. 6331, 5, 6, 10, 14, 16. 65
33, 11. 6723, 29, 31, 3, 5. 6611,
20, 22, 26. 6935, 29,13, 26. 76
4,6„712,1,.5167134‚„.61220
72 25, 30. 73 6, 16, 21, 22, 31. 74
6, 10, 21, 24. 75 34, 1, 3, 9. 76 30.
77 4, 16. 76 27, 32, 33, 3. 79 7, 7,
13. 60 24, 29, 32. 61 5, 15. 62 21,
29, 9. 63 16. 64 32, 32, 4, 6, 10. 65
16, 20, 21, 24. 66 32, 1. 67 12, 20,
20, 24, 26. 66 33. 69 11, 16, 22. 90
23, 25, 32, 9, 12. 91 23, 24. 92 19,
22. 93 34, 11, 13. 94 27, 29. 95 33,
2, 5, 12, 13, 14, 16, 16, 21. 96 24.
97 34, 5, 11. 96 17, 19, 22. 99 35.
100 1, 11, 13,15. 101 16, 20,22,24,
26. 102 3. 103 27, 31. 104 5, 15.
105 17,21,29,33,35, 7. 106 13,17,
20. 107 22, 35, 11, 12, 13. 106 16,
21, 26. 109 12. 110 23, 24, 25, 27,
29.1115,11,13. 112 21,24‚ 26,26,
1. 113 6, 16. 114 21, 27, 26. 115 3,
6, 11, 15, 17. 116 33, 3, 6. 117 12,
16, 21, 22, 24, 26. 116 29, 32, 3, 14,
15. 119 16, 25. 120 32, 34, 10, 11,
22. 121 22, 25, 33. 122 13, 17, 20,
22, 32, 1. 123 9, 19. 124 29, 3, 6.
125 10, 13, 15, 16. 126 16, 23, 25,
27, 29, 34, 5, 6, 12, 13, 166, 25 6.
127 32. 126 9, 14, 15,19,22,24,27,
30, 31, 33, 34, 4. 129 6,16,17. 131
7, 12, 17, 16, 21. 132 30, 11, 12.
133 26, 29. 134 10, 11, 15, 19, 20,
29, 2. 135 4, 6, 10, 11. 136 14, 16,
22, 29, 1. 137 13, 15, 27. 136 3, 7,
17, 19, 25, 26, 27. 139 35, 6, 11.
140 25, 26, 34, 2, 4, 6, 10, 16. 141
25, 2, 5, 9, 15, 17. 142 21, 23, 34,
7. 9. 143 16, 23, 1. 144 11, 17, 21,

β 1 19. 2 26, 31, 4, 6, 14. 3 22, 2.
4 19, 20, 26, 29, 30, 6. 5 20, 26, 31,
1, 7, 9. 6 11, 22, 24. 7 30, 32, 11.
6 16, 22, 24, 26, 26, 2. 9 6, 9, 9,

δὲ

13, 15. 10 26, 30. 11 6, 25, 29, 4.
12 16, 26, 31, 33. 13 1, 15, 22, 30,
34, 66, 14 d, 156, 20 6, 24 6. 14 26,
29,31. 15 33, 4, 14, 23, 25, 29. 16 4.
17 10, 22, 26. 16 30, 6, 13. 19 21.
20 30, 6. 21 25. 22 7, 9, 24, 27, 29,
29. 23 31, 34, 2, 5, 7, 10. 24 11.
25 29, 32, 4, 6, 11, 17. 26 16, 20.

30 15. 31 19, 29, 3ο,31; 32, 33. 32 4.
33 15. 34 26, 31, 32, 33, 1, 6, 7,10.
35 2. 36 6, 13, 20. 37 26, 29, 3ο, 2,
6,7. 3614,15. 39 19, 27. 40 21, 26.
41 9, 15. 42 32, 2, 5, 7. 43 13, 15,
25. 44 14, 19. 45 2. 46 10, 13, 14.
47 16, 20. 46 33, 1, 3, 7, 12. 49 31,
35, 216. 50 29, 31. 51 5, 6, 6, 11.
52 11, 15. 53 21, 27, 26, 31, 2. 54
7, 12, 16, 21, 23, 24. 55 26, 30, 31.
56 5, 6, 6, 11, 13, 14, 17, 16. 57 9.
56 33, 1, 7, 11. 59 13, 16, 21, 26.
60 33, 35, 12, 13, 14. 61 22. 24, 26,
32, 3. 62 4, 6, 13, 30, 31, 33, 3. 64
16, 29, 31, 4, 6, 10, 11, 16. 65 21,
24, 26, 27, 33, 2, 3, 6, 12, 23 6, 24 d.
66 13, 15, 17, 16. 67 33, 5, 9, 10.
66 23, 26, 34, 4, 9, 12, 13, 16, 19.
69 26, 31. 70 9, 14, 16. 71 25, 27,
5, 6, 10, 14. 72 23, 25, 26, 26, 32,
3, 4, 7, 6, 9. 73 15, 16, 17, 23. 74
31 7, 6. 75 16, 16, 20, 22, 30. 76
34, 2, 6, 11, 16, 20, 27. 77 29, 33,
4, 6, 6, 13, 17. 76 21, [22], 24, 27,
2, 3. 60 16, 16, 20, 25, 31, 2, 3, 5,
66. 61 15, 19, 21, 27, 26, 31, 11,
16 s. 62 21, 27. 63 37, 12, 13, 17.
64 32, 6,11,16. 65 22, 31, 33, 5, 6,
9. 66 16, 20, 22, 23, 32. 67 12, 17,
19, 23, 25, 27, 29, 30, 31, 3, 6. 66
9, 19. 69 33, 4,13, 14,16, 27 s, 32s,
32 s,3d. 90 6, 6, 20, 26, 26, 32. 91 3,
9,12, 20. 92 23, 25, 26, 30, 30, 4, 7,
11. 93 16, 23, 24, 1, 6. 94 11, 16,
21, 22, 26. 95 3, 7. 96 26, 31, 3, 7.
97 6, 14, 16, 25, 30, 2, 3. 96 13,15,
16, 17, 16, 23, 25, 26. 99 33, 5, 7,
11, 14, 17. 100 22, 26, 31, 33, 34,
34, 1, 3, 4, 6. 101 11, 22, 24, 27,

...ιμ’-Ι. ‘.. x

h-4.4*2..1 .. . . .

