αὐταὶ - αὐτῶν 6 l

αὐταὶ δ 69 37.

αὐτοὶ α 11 24. 121 7. 144 2. — ,3 62
29. - 6 166 22. - ε 27 12. 57 4.

, - ζ 16 26. 18 20. 40 14. 721. 878.
— 8 10 12.

αὐτὰ α 22 16. 36 1. 42 19. 54 21. 97
5, 8. 121 12. 131 8. 133 6. 139 11.
142 22. 143 10. 144 4. - β 13 14.
36 26, 24. 39 4. 43 23. 60 16. 37
35. - y 59 8. — 659 25. 6131.
76 23. 1264. — ε 66 2. — ζ 23 28.
38 9. 78 2,15. 88 6d. 90 26. 9131.
- η 48 10. 74 16. 86 27. - 9 50
21. 71 20, 24. 87 29.

αὐτῶν α 1 10. 5 14. 8 4. 10 15. 11
15, 26. 12 2. 17 20. 21 24, 27, 33,
34. 22 11, 13. 23 25, 34. 24 26. 25
7, 15. 26 33, 9. 27 30. 31 33, 3. 32
20. 33 25. 34 5. 37 33. 39 6. 40 20.
45 31. 46 9. 49 29. 55 10. 56 19.
57 7. 60 14. 63 18. 67 36, 34. 69 23.
72 3. 75 1. 77 1. 79 14. 81 3, 14.
82 22, 2. 83 20. 841,9. 8519. 89 7.
90 27. 91 28, 30. 99 32. 100 7. 102
13. 105 25. 106 14. 112 26, 33, 4.
113 14. 118 9. 121 32. 126 296.
128 18. 131 10. 136 15, 18. 142 24.
143 15, 2.

β 2 31. 4 11, 24. 5 27,32,10d. 6 26.
7 33. 11 7, 12. 12 23, 31. 14 23.
15 3. 212. 2210,18,21,27. 23 34,1.
24 11, 20. 25 25. 26 20, 23. 27 2.
33 22, 23. 35 1. 36 25. 37 9. 39 24,
35. 42 3. 43 29. 46 10. 47 22, 32.
48 5. 4924. 5121. 56 33, 14. 59 14.
62 22. 63 15. 65 5s, 12 s. 67 10.
68 15. 72 21, 25. 73 19. 75 13. 79
17, 2. 81 22, 26. 84 25,10, 13. 85 1.
86 4. 87 28. 89 4, 36. 90 31. 913.
93 28. 99 13, 17, 18. 101 26.

y 1 22. 2 8. 3 34. 9 19. 11 26, 30.
12 8. 1310. 16 11. 18 6. 20 8. 2125.
22 35, 23, 26, 27. 23 5, 7. 24 9. 30
23. 37 3. 38 20. 40 32, 4s. 43 23.
44 5. 48 16. 50 14. 52 4, 6, 10, 19,
23. 54 32. 56 36. 591. 6017. 61 2.
63 33. 66 34, 2. 67 5. 68 5,11, 16.
70 27, 31. 72 24. 75 21, 27, 28, 29.
76 5. 78 26. 8012. 81 5. 82 11,

32 d, 33 d. 83 22. [84 27, 10.] 85 15.
86 29. 91 14, 16. 92 6. 93 2, 6. 94
24. 98 1. 101 3. 102 7. 10618. 108
35. 109 17. 111 5, 11. 112 31. 113
18. 115 35.

1 25. 2 17. 8 25 d. 9 31. 10 26, 34.
11 17. 14 10. 18 25. 20 32. 23 35.
24 22. 27 30. 31 9,18. 32 27. 3526.
36 8. 38 37, 5. 40 1. 41 12. 42 5.
44 4, 23. 52 35. 53 13. 54 34. 56
6, 8. 62 13. 64 7, 12. 65 33, 35. 66
29. 68 31,7,15. 7518. 76 20. 7919.
80 28, 33, 3, 11. 85 10. 92 34 S. 93 2.
96 33, 7. 97 30. 99 28. 102 13. 109
31. 110 5,9. 11310. 114 32. 11833 d.
121 23. 122 3. 123 18, 31. 125 30,
33. 126 31, 35, 7, 12. 128 16. 129
4, 10. 130 35. 131 22. 132 8. 133 16.
4 9. 8 27. 9 22. 10 9. 12 20. 13 27.
15 25, 27, 29. 1615. 17 11. 18 30 S.
22 18, 22. 26 7. 2910. 32 8. 35 25.
36 12. 37 18. 39 21. 41 16, 36. 42 S.
43 1. 45 13. 46 17, 35, 2. 47 16, 9,
24 d. 49 35. 50 5. 51 16. 54 22. 55
13. 59 15. 60 6. 6112, 62 21. 64 6.
8, 14. 65 11. 67 7, 9, 13, 19, 20, 22.
72 28, 30. 73 20. 74 6. 83 6,10. 8431.
106 9. 111 22. 114 14, 17. 116 13.

ζ2 2, 7,13. 4 23. 6 26. 7 23. 8 33.

113,8,17. 13 24. 19 4. 21 3. 229.
23 25. 25 29. 28 33. 30 29. 31 8.
32 28. 33 11. 38 1, 28. 40 14. 41 32.
43 24. 49 26. 50 6. 54 17, 21, 21.
66 15, 19. 62 26, 33. 68 9, 15. 69
32. 70 26, 31. 71 3, 5. 72 19, 24.
75 6. 76 23. 79 34. 82 4. 83 25.
84 9. 87 33. 88 18, 26, 96 13, 26.
91 22. 92 33. 96 18. 98 6. 100 4, 9.
101 6, 18. 102 28, 34, 8. 105 14.
315. 436. 6 12. 717. 14 1. 1633.
17 15. 21 24. 23 26. 24 7. 25 24.
25, 33, 2s. 29 24. 30 21,27. 34 27, 4.
36 3, 11. 46 14, 24. 41 32. 43 17 s.
44 2s. 45 12. 48 15, 25, [27,] 9s.
50 22, 33. 51 11. 53 22. 55 16. 56
31. 60 14. 61 24. 66 2, 12. 67 22,
24. 70 26. 72 3. 73 7. 75 12, 18.
77 25. 78 3. 79 23, 31, 9. 31 26.
85 8. 87 14, 18.

