αἰ - ἰδόντας

35 36, 3. 37 7. 38 8. 39 17. 40 5.
41 24. 46 31, 36. 49 11, 15. 50 19.
56 21. 57 3. 58 1. 64 5. 73 13. 76
10, 10. 85 '8. 87 17, 20. 88 24. 97 6.
98 10. 100 24. 104 13, 18. 110 32.
111 11.

ζ 1 19. 6 24, 2. 9 22, 33. 10 16, 22.
1129,3‚10,11,12,26. 14 30. 17 5.
18 4, 6, 9. 19 5. 21 31. 23 4. 24 7.
28 31. 29 4, 5, 7. 31 30. 33 6, 10.
34 3, 13, 13, 25, 26, 27, 32 5, 13 d,
16 d. 35 26. 36 2. 37 16, 19, 22, 28.
39 4, 5. 40 9, 12, 14. 44 22. 45 31.
47 28. 52 1. 55 9. 56 31. 57 7. 60
28, 1, 7. 61 19. 62 16. 63 14. 64
21, 3. 78 7, 16. 79 28. 80 10, 20,
22, 25. 86 3, 24. 87 13. 88 22, 16.
90 11, 14. 91 31, 1,6, 20. 92 1,17.
96 17. 99 18, 19. 100 13.

η 3 13. 4 3, 17. 5 22. 6 27, 30, 12.
8 1. 13 31. 14 24, 30. 28 5. 34 14.
38 2. 42 14, 26, 29, 1. 44 12, 19, 21.
46 20. 48 1. 49 20. 56 20, 24. 60 19.
66 5,13. 6719. 68 18. 70 10 5, 12 5.
71 24. 73 8. 79 3, 3.

9 2 10, 26. 6 33, 15. 24 20, 26. 251.
26 20. 28 34. 43 18. 45 13. 47 27,
29. 48 10, 19. 52 12. 53 31, 8, 11.
55 20. 66 32, 1, 3. 76 4. 81 7, 26.
83 28. 86 9, 14s. 91 28, 2, 7. 92
29, 30 s, 1d. 96 6,8, 10. 97 31. 100
20, 26. 10412. 109 11.

αἱ ε 77 21, 29, 6. 79 25, 27, 29.

5ἰά 91. 10 8, 27. 14 21. 17 21. 18
21. 33 19. 49 23. 53 5. 58 16. 67 32.
68 25. 70 28. 72 3. 73 22. 76 30.
82 24. 99 24. 129 24. 132 32. 136 25.
14312. - β 219. 511,24. 7 2.
8 27,31. 1116. 1216. 13 33. 1712.
20 10. 35 29. 36 17. 4813. 49 17 d.
60 30, 15. 63 10, 14. 67 25. 72 6.
75 17. 77 2. 83 19. 84 27. 87 8. —
y 4 18. 10 7. 12 5,8. 21 16. 2228.
23 15. 26 6. 28 24. 30 26, 29. 32 14.
34 30. 35 35. 45 16. 52 20. 54 17,
27. 55 10. 58 26. 63 34. 67 7. 68
5, 12. 81 29. 82 23 d. [84 9.] — 6
4 19. 10 7. 11 24, 27. 22 28, 30.
23 16. 26 35. 37 21. 38 33. 47 2.

115

58 11. 62 7, 7, 14. 68 21. 69 36, 9.
85 8. 86 31. 92 33. 93 9. 107 35.
114 8. 125 12. 128 17. 130 11. -
ε 3 25. 415. 112. 18 235, 285.
26 21. 30 10. 35 31. 37 4, 8. 46 27⁷
33. 59 28. 80 4. 115 27. — ζ 8 13.
12 35. 1312. 1616. 17 4, 20. 2421.
2718. 29 2. 30 25,32. 3216. 34 5d.
50 13. 51 23. 58 24. 59 32. 69 12.
70 27. 75 10. 78 25, 34. 86 9. 89
23, 25. 90 9. — η 7 21. 10 20. 18 3.
20 31, 2. 21 28. 33 10. 38 9, 13.
64 6,17. 66 2. 67 31. 70 35, 75.
75 3, 5. 77 21. 78 17. 79 5. 82 8.
85 32. 87 23. - 3 419. 5 7. 14 24.
20 29. 23 32. 42 18. 43 10, 13. 53 3.
55 16. 69 25. 71 13. 76 26.

αἰέ 77 24, 5.

εἴγε ζ 18 32. - 9 87 21.

Εἰδομένην β 100 30.

εἶδος β 50 24. — ζ7719.- 9 56 3.

εἴδει y 62 9. — 9 90 14.

εἴδη β 41 1.

εἴδεσι γ 82 26.

εἶδον α 62 23. - β 2126. 79 23.
81 10. 86 28. - y 16 17. 108 25.
112 2. — 6 13 26. 15 32. 25 33.
3313. 4414.- 5 65 27. - ζ 51
29. — η 23 19. -- 3 19 9. 34 32.
79 28. 84 8.

εἶδόν (3. pl.) ζ 57 3.

εἶδε α 134 14. - 6125 7. - ε 816.
— 9 74 26.

εἶδεν β 77 11. — ε 10 20.

ἴδοι y 82 26d.—- 6 47 2.- η7531,3.
- 3 71 14.

ἴδοιεν ζ 34 13 d. 46 21. 70 27. — η
29 8. - 3 93 24.

ἴδοιέν η 71 24.

ἰδεῖν 6 34 7. 36 3. 125 6. — ζ86 26.

ἰδών α 93 19.

ἰδὼν β 39 23.4815.- y11314.—
6112 28. — ε 914. - ζ1ο1 19.
— η 38 7. 42 20.

ἰδόντες α 516. 54 31. - β 90 20. —
y 7716. — 6 25145. 4417. 55 11.
67 17. 127 22.

ἰδοῦσαι γ 33 32.

ἰδόντας β 92 21. - 6 36 9. — 3 2316.

8*

