ἥκιστ — ἡμῶν

99 14. — η 4 27. 21 12. 44 23. 86
32, 1, 5. — 9 65 15. 73 6.8415.
86 26 s. 97 1.

ἥκιστ’ y 718.-ζ3412. 66 33. 8210.

ἥκω α 137 23, 33. — 6 86 33.

ἥκει 6 61 33.

ηκομεν α 3223. - δ 1813. - 893.
- ζ 77 6.

ηκετε β 71 10. - 6 126 27.

η’κουσι ε 45 30. — ζ 50 15. 76 25.

ήκουσιν α 39 34. - ε 84 36. —· θ·
33 21.

ἥκοιεν ζ 63 15. - 9 92 29.

ἥκειν ε 10 22. 30 26. 41 1. 43 9. 45
1, 10. 46 18. - ζ 56 20. 61 19. 64
33, 8..83 34. 87 3. - η112. 75
28 s. — 9 46 7.

ἥκων 6 87 20. — 9 92 12.

ἥκοντος θ 23 27. 36 30.

ἥκουσαν ζ 53 14.

ἥκοντες α 140 9. - η 10 18. 44 48.
- 9 69 21.

ἡκόντων ε 34 31. - θ 85 4.

ἥκοντας οι 26 34. 3211. — y 10614.
- ε 86 13. - ζ 94 32. 96 13.

ἡκούσας θ 31 12.

ἡκον οι 9132. — γ 27 14. - ε 5919.
-ζ832, - η17 7. 2728.-9
41 32. 51 3. 99 31.

ἧκεν ζ 31 1. 103 28. - η 4 23. 215.

ἥξειβ 54 9. -γ426, - 642 3.-
ζ 91 27. 93 4. — η 16 32.

ἥξομεν ζ 87 13.

ἥξοι 6 110 5.

ἥξειν οι 90 22. — [91121. 101 14. -
6 24 25. 85 6. 124 25. - ε 98 14.
- ζ 4926. 6517. 7724. — 9910.
46 19 d. «

ἥξων 6 30 2.

Ἠλεῖος y 29 16.

Ἠλείας β 255- ε 34 2.- ζ8816.

Ἠλεῖοι β 9 13. - ε 31 34, 2, 5, 9.
37 5. 44 22. 47 16, 25 d. 49 34, 6,
14. 50 25. 61 32. 62 15, 18.

Ἠλείων α 30 14. 46 7. — β 25 8,15.
84 18. - ε 17 15. 31 26, 32. 43 9.
47 36, 12. 49 32. 58 19. 75 24. 78
12. — η 31 7.

Ἠλείοις ε 34 2. 47 31, 5. 48 23.

179

Ἠλείους α 27 30. - ε 31 8. 45 7. 47

- 19, 22, 25,-27, 7s.

ἡλικία β 44 20. — y 98 3.

ἡλικίας β 44 29. - ζ 26 9. 54 2. --
η 29 6. 60 33. - 91-14.

ἡλικίᾳ οι 8017. — β 36 14. - ε 26 2.
43 28. — ζ 24 16. — 9 7517.

ἡλικίαν y 67 14. — η 64 5.

ἥλιος β 28 5.

ἡλίου α 23 32. - β 96 5. 102 4. -
γ7834. — 63530. 5226- η
16 29. - 9 39 22.

η’λιον β 9 21.

ηλιοι η 87 10.

Ἠλι6ος β 25 6. 66 15.

Ἤλιδι ε 47 3 s

Ἠλιν ε 47 35,6 8.

ἡμεῖς α 32 12, 30. 35 18. 37 25. 38
15. 39 4. 40 27. 43 33. 74 21. 76
14,16. 78 33. 82 26. 86 32. 121 22,

- 2, 5, 9. 122 32. 142 32. 143 26. —
β 11 29. 36 13. 39 27. 87 4. 8915.
- y 10 2. 11 14. 12 36. 43 4. 444.
56 22, 32. 59 26. 61 30. 62 6. 65
3,10‚ 10. 676,12. 11324‚26. —
6854. 92 21 11829. -ε8926.
90 1. 91 9. 93 23. 104 12. 105 22,
27 1068. — ζ 1025. 1830. 3614.
38 7. 41 32. 79 34. 80 26. 82 1,16.
84 6. 86 8,19. 89 35. — η 11 1.
67 3.

ἡμῶν α 32 25. 37 27. 38 27. 39 7. 40
23. 43 7. 68 12, 26. 73 6,9, 10, 15.
74 11, 20. 772. 80 23. 81 8. 82 19,
29 32. 84 21, 9. 120 32. 122 20.
124 22.140 3.142 27, 4. 143 13,14,
26, 6. 14415, 20, 33. -βιι6,7,
12. 36 11, 18. 39 24, 30, 33, 35, 36.
41 33. 74 3. — y 10 2, 6. 1125, 27.
13 24. 30 22. 39 33, 4, 16. 53 35,
10. 54 32. 55 2. 56 26. 57 4, 6, 9.
58 5. 59 14. 61 31, 35. 62 9. 67 4,
14, 22. 113 22. — 6 10 25, 28, 32.
20 34. 60 2, 4. 61 19. 92 28, 22,

, 28 s. — ε 9 10. 85 3. 108 17. 109
28. 111 27. 112 4. — ζ 10 16, 23.
12 30. 16 27. 17 27, 15, 20. 18 28,
19, 26. 22 9. 34 14, 6d. 38 10, 14.
76 24. 77 20. 80 29. 84 11. 85 32, 35.

12*

