29, 30, 30. 36 34, 4, 5, 6, 7, 9, 10,
12, 14, 16, 16, 18, 19. 37 24, 25, 26,
26, 28, 30, 33, 6, 11. 38 14, 17, 18,
19, 21, 22, 24, 25. 39 28, 29, 31, 33,
34, 1, 2, 4, 7, 9. 40 10,11,16, 19,
21, 25, 1, 2. 41 4, 10,10,13,16,17,
17. 42 19, 20, 23, 25, 26. 43 2, 5,
6, 7, 8, 9. 44 11, 15, 20, 21, 24, 26.
45 29, 31, 32, 2. 46 7, 8, 9, 9, 11,
15, 19, 19, 20, 22. 47 24, 25, 25, 26,
28, 29. 48 34, 35, 6, 9. 49 13, 17,
17, 20, 22, 28, 29, 30„3132,6,7,.9
5015,20, 21, 26, 27, 29, 30, 33. 51
2,5,78,10,13„1417.5219,22,
25, 27. 53 33, 2, 5,9. 54 17,18,20,
21, 24, 25, 25, 28, 30, 30, 32. 55 4,
4, 5, 7, 8, 9, 12. 56 16, 17, 22, 23,
26. 57 32, 33, 2, 4, 5, 8, 10,13. 58
15, 17, 21, 21, 24, 25, 26, 30, 31.
59 1, 2, 4, 5, 6, 7. 60 8,9,10, 11,
13, 13, 17. 61 19, 20, 20, 22,22,25,
26, 28, 29, 39, 31, 32, 1, 3. 62 4, 6,
10, 13, 14, 15, 18, 19,22,23,24, 25,
25, 26. 27, 28, 29, 30. 63 3, 4, 7,8‚
9, 11, 12, 15, 16, 18, 18. 64 22, 23,
24, 26, 27, 28, 30, 31, 33. 65 34, 4,
6, 7, 8, 12, 12,13, 13. 66 14,16,17,
19, 20. 67 24, 26, 27,32,34, 1,2, 4,
5. 68 9, 10, 16, 19, 20, 24, 24, 27.
69 29, 31, 33, 1, 3, 6, 6, 7, 8, 12, 17,
18, 19, 21, 22, 25, 26. 70 29, 29,31,
1, 2, 3, 3, 4, 5, 6, 6, 7, 10, 10, 11,
13, 14, 17, 22, 24, 24, 25, 26. 71 32,
2, 4, 7, 9, 9, 12, 14, 15, 23. 72 27,
32, 33, 34, 3, 4. 73 13, 16, 18, 18,
20, 23, 26. 74 34, 3, 4,8,10,12,16,
18, 19, 22, 23, 25. 75 29, 30,31, 34,
3, 4, 4, 5, 7, 8. 76 12, 15, 18, 20,
20, 23, 367732, 33, 1, 1, 2, 7,2ο,
21, 23. 78 25, 26, 30. 79 9,11, 12,
14,14. 8016,17,19,22,23,25,26,
27, 27, 27, 27, 27, 29, 30, 33, 1. 81
3, 5, 7, 12, 15 8219,21,22,23,23,
25, 27, 28, 28, 30, 30, 31, 32, 33, 34,
34, 2, 4, 7, 8, 8. 83 11, 13, 14, 15,
17, 18, 19. 84 20, 20, 23, 23, 24,26,
28, 30, 1, 2, 5, 7. 85 12, 15, 15,15,
17, 19, 22, 22, 23. 86 29, 32, 32, 32,
1, 1, 3, 3, 4, 4, 8. 87 14,18,21,24,

καὶ

197

26, 27, 30. 88 34. 89 6, 6,6,11, 11,
13, 15, 18, 18, 19, 2ο,21. 90 24,26,
28, 29, 31, 4, 13, 13, 13, 15, 16,17,
18, 19, 22. 91 25, 25, 28, 29, 31, 32,
33, 3, 9,1ο, 11, 13,14,14,18. 9222.
93 28, 28, 30, 32, 33, 34, 4, 7, 8, 12,
13, 15, 16, 21, 25. 94 29, 30, 30, 31,
32, 32. 95 34, 35, 1, 3, 6, 8,10, 14,
15, 16, 19, 21, 22,22, 23. 96 27,29,
32, 33. 97 35, 1, 2, 3, 4, 5, 7,9, 10,
11. 98 14, 16, 18, 20, 22. 99 23,24,
24, 25, 27, 28, 33, 36. 100 1, 2, 3,
3, 5, 5, 8, 9, 10, 12. 101 18,19, 21,
22, 23, 23, 26, 29, 30, 31. 1021, 5,
6, 9, 9, 15, 16, 19, 20. 10323, 25,
27, 27, 28, 31, 33, 34, 34, 1,2. 104
8,10, 11,13,15, 16 10518,18,19,
20, 23, 23, 24, 24, 25,28, 30, 33, 34,
2, 3, 4, 6, 9, 10, 11, 13. 106 15,16,
18, 19. 107 22, 24, 24, 26, 26, 26,
30, 30, 31, 33, 2, 3, 3, 4, 6, 8,9, 10,
11, 13, 14. 108 17, 17, 18, 19, 20,
21, 22, 24, 24, 25, 28, 29, 30,31,32,
1. 109 3, 4, 6, 9, 10, 14, 14, 15,16,
17, 18, 19, 20. 110 21, 26, 29, 32,
1,4. 111 7, 7, 9, 17,18,19,20. 112
22, 23, 25, 26, 29, 30, 31, 31, 32, 32,
2, 3, 4. 113 5,7,7,10,[11],14,14,14,
15, 17, 19, 19. 114 22, 24, 25, 27,
27, 29, 30, 32, 33. 115 5, 6, 6, 6, 8,
9, 11, 14, 15, 16, 19, 22, 22, 24, 25,
27. 116 32, 33, 3, 5, 5, 6, 6, 6, 7, 9,
11, 12. 117 15, 15,17,17,19,20,21,
21, 22, 22, 24, 25, 26, 26, 28, 28.
118 30, 31, 33, 1, 2, 5, 7, 8,10, 13,
16, 17, 17. 119 19, 20, 22, 22, 23,
25, 26. 120 28, 29, 31, 34, 2, 3, 6,
7, 11, 18, 21. 121 23, 23,24,26,29,
30, 2, 3, 10, 11. 122 13, 15, 20, 23,
23, 24, 24, 26, 26, 27,28, 30, 2. 123
11, 12, 15, 16, 18. 124 22, 23, 23,
25, 26, 31, 4, 7, 8. 125 12, 12, 12,
15, 18,126 21, 25, 30, 33, 2, 7, 10,
14,15,16, 21d, 23d, 236, 246, 256,
266, 276, 296. 1271, 4, 6, 7. 128
9,13,14,18,23,25,28,28,33,33,
2, 2, 3. 129 8, 10, 12,13,14,15,17,
18, 21, 23, 26, 26, 27. 130 28, 30,
33, 33, 2, 4, 6. 131 9,10,14,16,18,

