210 . Καμείρῳ - κατὰ

Καμείρῳ θ 441.
κάμνειν β 41 19.
κάμνων β 51 12.
κεκμηκόσιν ζ 34 27.
κεκμηῶτας y 59 31.
ἐκεκμήκεσαν y 98 22.
καμφθῆναι y 58 25.

κᾶν α 42 29. 120 6. 141 5, 6. 142 6.
-β421.-γ83 24. [84 8]. 95 6.—
6 7311.— ε 17 32. 38 4. 1032. -
ζ 1128,5. 17 21 s. 33 24. 34 4. 80
28. 9218.-η6122.-329. 9411.
xciv α 374. 8111. 8222. — ε 10 28.

98 14. - ζ 60 6.
Καναστραῖον δ11013.
κανοῦν ζ 56 20.
κάνταῦθα α 10 27.

Καπιὶτωνος y10313.
καπνόν γ 88 35.
Κᾶρα θ 85 28.

Κᾶρες α 8 33.

Κᾶρές α 8 29.

Καρῶν y 19 26.

Καρσὶ β 9 19.

Κᾶρας α 4 6.
Καρδαμύλῃ θ 24 9.
καρδίαν β 49 27.
Καρία β 9 18.

Καρίας α 116 30, 9. — β 69 26. —

y 19 24.

Καρίαν θ 5 24 d.

Καρκίνος β 23 2.

Καρνεῖος ε 54 20.

Καρνείου ε 54 23.

Κάρνεια ε 75 15, 28. 76 35.
καρποῦσθαι β 3818.
καρπουμένῃ η 68 25.

καρποῦ y 15 33. - δ 84 26. 88 6.
καρτερῶσι η 4816.

καρτερεῖν β 44 19. - δ 66 22.
καρτερήσατε η 64 13.

Καρτερίοις 310120.
καρτερὸς η 78 7.

καρτερά α 49 14.

καρτερὰ β 100 21. — y 110 31. —

(14317.- η 70 7.
καρτερὸν δ 3 l. 4 25. - ε 65 31. —-

θ 38 2.
καρτεροῦ δ 129 5. 131 17. — ε 7 9.

καρτερᾶς θ 61 8.

καρτερᾷ δ 96 20.

καρτερῶν γ 18 16.

καρτερώτατον ε 10 1.

Καρύας ε 55 7.

Καρύστιοι δ42 28. 43 28. -η 57 23.

Καρυστίων δ 43 19. - η 57 28. —
θ 69 19.

Καρυστίους α 98 17.

Καρχηδονιακὸν η 5018.

Καρχηδονίων ζ 90 13.

Καρχηδονίους α 13 11 S..

Καρχηδὼν ζ 2 38.

Καρχηδόνα ζ 15 7. 34 35. 88 15.

Κασμέναι ζ 5 30, 32.

κατά α 24 28. 2513. 136 20. — β
27 33. 8115. 89 5. - γ86 4.—
δ8 32. 10734. - ε 4334. -ζ52
10. 63 5. 67 31. 8916. - η 44 31d.
51 21. 56 33. 70 26, 34 d. 77 14.

κατὰ α 1 14. 2 19. 3 20, 34. 5 16.
6 6. 9 24. 10 19. 13 28, 28. 15 33.
17 24. 18 18. 22 15. 24 18, 28. 25
9 23. 26 33. 28 16. 32 28. 33 4. 37
2, 6. 41 4. 45 3. 46 11,13. 48 6, 9.
5023. 5315. 5419,29. 56 24. 5823.
6015. 6132. 6216. 64 29, 32. 6731.
71 13. 73 27, 29, 33. 74 11. 76 28.
78 4. 7910. 8916. 93 29, 19, 20, 22.
95 1. 10617. 107 22,33, 14. 10913.
110 31, 3. 114 28. 116 9. 117 27.
118 16. 119 23. 120 12. 121 25, 1.
122 23, 24. 123 14. 127 32. 132 22.
136 19. 138 30. 142 32. 144 26.
145 10.

β123. 219. 3 4, 7, 8. 4 24, 26, 7.

5 22‚8. 7 7. 10 27,31. 1315. 15 35.
16 31, 5. 18 7. 21 31. 22 24, 30. 23
10. 24 12,12, 20. 25 33, 3,13. 27 2.
28 4. 30 12, 15. 31 33. 36 16. 37
29, 30, 1. 46 8. 50 25. 5415,18, 25.
58 11. 61 31. 62 5,19. 65 26,9,31‹1‚
3s‚ 9s. 68 23, 10, 21. 715. 72 1.
73 23. 76 10, 18. 78 24, 28. 79 5s.
80 29. 82 22, 25. 8311,12. 84 20, 6.
85 32. 86 17. 87 14, 15. 88 11. 89
13, 26, 26 s. 90 19, 21. 91 8. 93 27.
94 13, 20, 25. 97 12, 31. 9928. 100
26, 30. 101 26, 2, 4. 102 30.

