au

a..

τῳ-τῃ 289

57 1d. 58 10. 59 8. 60 6. 6317, 18.
65 22. 66 8,13. 67 22, 30, 31. 6910.
70 2, 6. 71 29, 1, 17 d. 73 24, 33.
74 12. 75 22, 22, 21, 24 s. 77 15, 6.
78 4, 6. 79 27, 8. 80 10, 18, 31, 31,
1. 81 17, 18. 84 25,27,28. 85 31,11.
86 32. 87 14.

θ· 1 12, 17,18, 19. 2 21. 3 29. 415.
5 26, 15. 6 29, 27 3. 7 29. 10 21. 11
7, 16. 12 30. 14 20. 15 33, 2, 9. 16
22. 17 7. 20 18. 25 19. 26 10. 27
31, 4,4,15,18. 28 26, 30. 301. 32 5.
34 6. 35 21. 39 18,19. 41 1,14. 42
21, 29. 44 33. 45 23. 46 19, 15. 47
24. 48 6, 8, 22, 24, [32], 14 d, 21 d.
50 16, 25. 51 28, 31, 6. 53 25, 14.
55 9, 24. 57 22. 60 23. 61 25, 9. 62
13. 63 4. 65 17, 19. 66 16. 67 17.
6817. 6926. 70 29,11. 7114. 7214.
73 34, 34. 78 7,13. 79 30. 80 14,25.
81 13, 17. 82 13, 13. 83 16. 84 6.
85 7. 86 25, 2, 17 s. 87 15, 24, 24.
89 4. 90 14, 16, 18, 6, 8, 13. 92 33,
83,103,163, 173, 203, 283, 293,
9d, 10 d. 93 17, 22,1. 94 15. 98 24.
99 32, 10. 100 10. 101 22. 102 8.
10411,15,17,21. 105 25,’25. 108 25.
τῇ oc16. 2 26. 3 23,25. 510. 635,4.
8 33, 34. 9 21, 2, 6. 10 26. 11 13.
12 3. 14 20. 16 14. 18 2. 20 9. 21
26. 23 23. 24 27, 28. 25 21. 27 19.
29 3. 30 7, 24. 32 26, 31, 2. 38 23.
43 34, 2, 3. 44 12, 13,18. 4613,16.
47 27, 29. 49 14. 51 11. 52 18. 54
17, 22,24,30. 59 4. 64 24, 29. 65 9.
67 3. 69 11, 11, 24. 70 12, 16. 71
34, 34. 72 26, 74 25. 76 11, 13, 27.
77 6. 80 17. 8113,16. 82 7. 90 12.
93 8. 94 33. 97 9. 100 3, 8, 16. 105‘8.
109 3. 115 18. 116 1. 119 25. 120 3,
12, 20. 121 4, 9. 122 15,28. 12313,
13. 124 4. 126 28, 28, 34, 9,17, 22d,
29 d. 128 26. 129 8. 130 3, 4. 131 9.
132 30,10. 134 11, 13, 20, 2. 13710.
138 22, 22, 29. 139 4, 4. 140 24.
142 21. 144 28. 145 8.

β 3 25. 4 93. 613,16, 21. 8 18. 11
13, 25, 25, 33. 13 8, 10, 25, 26. 15
13, 17, 21, 23, 24. 16 31. 17 19, 27.
Index Thucydideus.

18 4,8, 13. 1916. 20 32,10,15.
21 31. 22 23. 23 34, 4, 6. 24 14,18.
25 1, 11. 27 29. 29 21, 25. 36 14.
37 6. 3812,17. 39 31, 33,34. 41 14.
43 13, 31, 32. 44 22, 27. 47 23. 49
4, 9, 166. 51 13. 53 17. 55 33. 56
1, 8, 18. 57 20, 20, 21, 22, 24, 26,
28, 28. 58 34, 10. 59 20. 60 12. 62
17. 63 9. 64 28. 65 35, 7, 12, 14.
68 30, 31, 1. 71 1, 9. 72 32. 73 20.
76 16, 17. 79 5, 15. 82 22, 24. 83
37. 86 14, 22. 87 9, 31, 6. 89 8, 9,
13, 14, 15. 90 22. 91 14. 92 28, 6.
94 30, 2. 97 33, 1, 4, 4. 98 13. 99
28. 100 22, 24, 26. 102 2.

y 4 22.915,16,19. 12 36. 13 17, 1.

18 1. 20 4. 21 15. 22 4, 21. 24 10.
29 9, 10, 13. 31 6. 32 8. 33 33. 35
33. 36 18. 37 35, 9, 20. 38 27, 30,
18. 39 23. 40 6, 24, 33. 41 6. 44 29.
45 8,11. 46 4. 49 26, 31. 5017.
51 34, 36. 54 21,26,26. 56 29. 58 3.
59 22. 62 7. 63 30. 6810,27. 69 3, 5.
73 25. 74 4. 75 9, 26,27. 76 8. 77 9.
79 3, 5. 82 21, 2, 45. 83 15. [84 27,
36] 85 15, 17, 18,25. 86 11. 88 33.
90 29. 91 24, 25. 92 11. 93 27, 31.
94 8. 95 11. 96 23, 24, 25, 25. 97 4.
98 29. 102 8, 27. 103 35, 6. 104 22,
20 s. 105 30. 107 27, 4, 10. 109 4.

110 31. 112 30, 3. 11310, 25. 114
19. 115 27. 116 16, 17.

6219,22. 3 3. 6 34, 8. 8 22, 5, 7.

10 19, 3. 11 30. 13 19, 30, 35. 14
6, 11, 19, 27, 28. 16 6, 10, 10. 17
29, 9. 2021. 21 8,13. 23 14. 2417.
25 8, 20, 22, 27, 28, 18 s. 26 20,20,
21, 24, 26, '29. 27 18, 2, 9. 28 32.
29 1, 6. 30 4, 6, 8. 31 10,16. 33
13, 19. 34 31, 35, 4, 13. 36 12. 37
22. 38 35, 8, 9, 13. 39 19, 20, 24.
42 32. 43 12. 44 3, 11, 25. 45 30.
46 19. 49 32. 50 7. 52 5, 7. 53 16.
54 3. 55 14, 18, 30. 57 17, 27, 5.
59 19. 61 10, 20, 22, 23. 65 2, 6.
6611.6711. 68 5. 69 2, 3. 70 18,
21, 28. 72 9. 74 34, 4. 75 21,23,29,
33. 76 15, 17. 78 12, 31, 34, 4. 80
26, 26. 81 15. 83 2, 10. 85 2, 5, 9.
19

