ἐγίγνετο - ἐγένοντο 7 9

ἐγίγνετο α 63 8, 11. 137 27. — β 1
23. 1433. 4812. 52 3. 77 30. 97 18.
-γ1234, -δ819. 26 28,7.
28 33. 46 3. 67 17. 68 12. 131 18.
- ε 64 21. 66 29. 6716. 116 3,.10.
— ζ 811. 26 6. 3020. 56 26. 99 12.
101 28. 103 31. - η 28 22. 57 21 S.
70 7, 10,1S. 7525. 81 2. -- 365.

10 11. 20 25. 55 16. 66 1.
ἐγίγνετό β 65 2211.

ἐγίγνοντο α 12 31. 75 9. 96 34. -- y
1 24. 11 14.1724.-6164. —- ε
39 15. 69 6. 72 27. 82 18. - ζ 97 11.
- η 24 20. 44 25. 7ο18.- θ 97

31.

γεγένηται α 50 19. - β 60 28. 61 18,
32. 72 21. — γ 13 24. ·—- δ 85 32.

γεγενήμεθα γ 54 22. 67 29.

γεγένηνται α 76 28. 86 31. - δ 125 32.
γεγενῆσθαι β 85 28. - y 116 19. —
ὃ 55 32. 80 3. 108 17. -- ε 11 4.

- ζ 27 23.
γεγενημένος α 21 34.

γεγενημένον β 5 20. 64 24. 67 2. —

64416.—-g2718.

γεγενημένου β 7 30. — δ 55 18. 66 33.

- θ 92 21.

γεγενημένης β 79 21. - γ 63 36. 109 6.
- ὃ 10414. 11415. -- η 447. 55 5.

- θ 106 7.
γεγενημένῳ ζ 72 23. - θ 1 12.
γεγενημένῃ η 59 5. Υ
γεγενημένην ε 40 35. — η 47 24.
γεγενημέναι ζ 28 26.

γεγενημένα β 6 15. - γ 112 25. --

δ 15 29. -- θ 74 20. 96 27.

γεγενημένων α 110 32. - β 5 13. -
> γ 24 13. 110 29. —— δ 10122. - η

15 4. —- θ 109 15.

γεγενημέναις η 80 13. -— θ 27 5. 106

28.

γεγενημένους α 93 5. - γ 58 1. —

ε 20 33.

ἐγεγένητο ε 5 32. 16 33. 43 7. 76 3.
803.- η4219. 50 8s.— θ 5216.

ἐγεγένητό η 18 26.
γεγένητο ε 14 10.
γενήσεται α,33 3. 65 10.
γενήσονται ζ 6 25.

γενήσεσθε α 35 21.

γενήσοιτο ε 7 33.

γενήσεσθαι β 8 26. -- ε 14 3.

γενησομένου α 138 13.

γενησόμενον θ 71 23.

ἐγενόμην ζ 16 31.

ἐγένετο α 1 9. 4 6. 8 2. 18 7. 19 33.
20 20. 24 17, 21. 41 13. 49 5. 5033.
51 9. 55 13. 73 7. 74 2, 7. 87 29.
93 29. 97 2. 98 18. 99 24. 100 1.
102 7. 105 18. 106 20. 108 18. 110
24. 115 8. 118 33. 128 15. 138 19.
- β 12 26. 13 28. 2124. 22 20, 25.
29 28, 5. 31 27. 32 10. 36 21. 47 16.
50 30. 54 10, 16. 65 1. 6813, 21‘. 70 21.
71 34. 77 9. 8221. 8710. 94 12, 17.
97 8, 1. 101 5. — γ 5 32. 10 27.
23 30. 24 15. 26 7. 28 32. 33 30.
34 11, 49 32. 50 20. 54 28. 67 7.
81 15. 82 15 d. 85 18. 87 17. 89 9,
19, 23. 93 29. 107 5. 113 32. 114
7, 26. - 116 21. - δ 1125. 30 24.
39 19. 40 32. 48 23. 52 27. 68 24.
69 26. 72 24. 73 13. 78 12. 83 1.
88 12. 106 24, 28. 119 22. 134 31.
135 8. - ε 5 31. 14 21. 20 24. 24
32. 26 17, 20. 45 8. 46 7. 49 30.
50 29. 5110. 53 4. 55 8. 5628. 631.
74 31.«- ζ 3 14. 4 3.10 11. 31 5,
5S. 59 28.’74 21. 101 9. -— η 4 27.
25 7. 33 28. 34 6. 42 14. 44 30, 68.
75 273. 817. 84 8. 85 7,12. - θ
9 5. 10 30. 1719. 191. 21 35. 39 3.
47 30. 64 4. 72 13. 86 3. 97 3.

ἐγένετό ὁ 14 14.

ἐγένετ’ θ 33 23.

ἐγενόμεθα β 73 21. — γ 10 30. 55 34.
61 30.

ἐγένεσθε α 40 25. - γ 63 30. 64 17,
29.

ἐγένοντο α 14 19. 15 2. 18 13, 26 s.
23 5. 29 26. 62 23. 86 30. 87 21,
31. 99 30. 101 24. 102 19. 107 11.
113 20. 146 14. -— β 2 25. 20 8.
29 18. 31 33. 43 13. 57 28. 59 20.
-- γ 17 19. 22 15. 24 12. 39 4. 49
25. 68 31,34. 87 23. - δ 3 26. 9 2.
16 25. 23 14. 26 15. 55 23. 74 5.
94 27. 106 12. — ε 18 8. 20 20.

