ἑτοιμάζειν- Εὐβοίᾳ

63 16. 67 17. 69 2. 70 6. 71 18. 72
32, 34, 5. 75 ld. 76 5. 77 5. 7815.
79 26. 81 1. 8416. 8711.

θ· 2 8. 19 7. 21 10. 24 24. 36 31, 4.
40 21. 42 24. 45 18, 14. 48 26. 50
33. 56 31, 1. 57 25, 30. 61 31. 63
1, 4. 64 27. 66 27, 31. 67 2. 76 18.
78 10, 18. 83 17, 22. 85 7. 86 159
87 28. 90 23, 31. 92 23 S, Sd. 9610.
99 4. 101 23. 106 17, 30. 109 11.

ἑτοιμάζειν β 7 8. - ζ 34 1711.

ἓτοιμάζων δ 30 1. - η 17 3.

ἡτοίμαζον ζ 88 21 s. - η 18 14.

ἑτοιμάσειν ὃ 46 22.

ἓτοιμάζεται ζ 17 1.

ἡτοιμάζετο δ 77 8.

ἡτοιμάζοντο η 31 29.

ἡτοίμασται η 62 30.

ἡτοιμάσθαι ζ 64 8.

ἑτοιμάσαιντο α 58 18.

ἑτοιμάσασθαι ζ 22 20.

ἑτοιμασάμενοι ζ 25 1.

ἑτοῖμος δ 2815. 83 5. - ζ 29 2. -
η 315. 83 27. - θ· 9 30. 5019.
80 22. 92 11 S.

ἑτοίμης η 33 29.

ἑτοίμην ὁ 123 24. — ζ 86 22. 87 11.

,ἑτοῖμοι α 28 15. 145 11. — y 82 7s.
- ὃ 73 6. 108 5. 110 34. 122 4, 7.
-ε4125. 4512- η18.-θ
11. 215. 512. 82 2. 92 98.

ἓτοῖμαι 9 26 10.

ἑτοῖμοι α 20 21. 70 13. — β 3 2. 10
30. 562. 9810.-—‹561 12. — ζ83.
22 22, 23. 65 16. - η 25 32. 50 33.
60 6. 65 29.

,ἑτοίμων α 85 19. 135 12. — y 82 19.
—- δ 80 29. 124 19.

ἑτοίμοις ζ 9 34.

ἑτοίμους δ 21 8. - ε 59 26.

ἑτοίμας ζ 93 7.

ἑτοιμότερός 61913.

ἑτοιμότερον y 82 15 d.

ἑτοιμότεροι α 141 3.

ἑτοιμοτέρως δ 61 29.

ἑτοίμως α 80 2. —— δ 92 20. -ζ
83 21.

ἔτος α 56 24. - β 31 33. 4717. 49
16. 70 21. 10318. - γ 25 30. 58 4.

167

88 3. 116 21. — δ 5124. 5318.
6612. 116 4. 13511. — ε 39 31.
5118. 5634. 8134. 8315.-ζ”1 29.
9313. - η1818.-96 27s. 6023.

ἔτουςβ522. -ε2435, -ζ310,
70 18. — η 79 25.

ἕπει α 12 32, 4 18 7 87 30. 101 28.
10321. 1158 -β226, —y68
3311618. - 610215. — ε 1626.
-ζ315, 41. 5912. — η286.
- 9 58 4. 68 5.

ἔτη α 6 14. 11 16. 13 21, 24. 18 32.
24 23. 110 21. — β 2 24, 27. 65 3,
4s. — y 68 29. 8719. 114 16. —
ο 133 23. - ε 18 28. 23 32. 24 35.
25 11, 14. 26 20, 32, 1, 4,8. 4127.
4715,25. 7916. 112 35. — ζ2 274.
4 28. 10 23. 59 7.

ἐτῶν α 82 30. 112 21. - ε 14 8. 20
22. — η 28 4.

ἔτεσι α 118 33. — ο· 10212. -ζ4 5.
5 31.

ἔτεσιν α 18 5. 118 29. — β 2123.-
g 4 30. 5 33.

εὖ α 18 25. 3431. 7123. 73 24.7510.
76 14. 84 6. 12011. — β 35 24.
40 25. 64 26. — y 38 9. 40 12,13.
42 19, 20, 33. 43 12. 48 20. 54 15,
19. 55 6. 10417s. — 959 29. 6133.
62 4. 63 35. 87 33. - ε 15 28. 16 5.
46 23.10412. 111 19. -ζ 11 23.
2411. 34 6d, 22d. 36 8. 38 1. 68
11. 7514. — η 1514. 2121. 23 24.
48 24, 29. — 9 38 5. 46 16. 48 7d.
82 12. 84 19. 87 2.

,Εὐάλας 9 22 26.

εὖαποβατωτὲραν δ 30 33.

εὖαποτείχιστοι ζ 75 1.

Εὕαοχος β 3611.3311.

Εῧαρχον ζ 3 19.

Εὐβοῆς 9 5 25.

Εὐβοέων α 9818. 11314.— 99120.

Εὐβοέας δ 92 10.

Εὔβοια α 114 21. - 9 95 24.

Εὐβοίας α 23 5. 114 29. 115 3. —- β
2 25. 26 19. - y 89 10. 93 28. —
ζ36.412.-η2819.2926.57
24. - 9 5 33. 60 10.

Εὐβοίᾳ y 87 24. 92 11. 93 27. -

