οὐχὶ -

63 9. 64 32. 69 27. 72 24. 73 34.
33 24. 92 34, 6, 12. 94 21. 99 14.
- η 4 19, 27. 9 15. 11 24. 13 32.
13 33. 21 11. 23 13. 25 19. 23 16.
31 24. 34 13. 36 15. 42 21. 43 12.
44 13, 22. 57 26, 16s. 61 13. 6315.
6915. 707. 7316. 3631,1.-9
1 15, 16. 31 14. 43 5. 45 1. 65 15
71 12. 73 31, 6. 34 15. 36 26s. 39 6.
90 1. 94 15. 97 1. 100 27. 104 13.

οὐχὶ α 120 33. — β 37 9,10.- y
53 10. 67 25.— ζ 4019. — η561.

οὐδαμόθεν 6 72 22.

οὐδαμόσε ε 49 13.

οὐδαμοῦ α 3 23. 36 27. — β 47 27.
-γ334.-65513.-ζ613.

οὐ6έ ζ 16 2.

οὐ6ὲ α 2 22. 3 13, 20, 32. 10 23. 31
34. 35 9. 37 32. 40 24, 26. 69 3. 70 5.
31 11. 32 13. 36 34, 2. 92 20. 99 26.
132 14. 142 24, 1, 3. - β 22 10.
29 13. 37 5. 47 26. 517. 63 17. 31
29. 37 15, 33. 100 4. - y 20 31.
314. 3220. 33 22. 4315. 52 2. 57 3.
61 25. 63 3. 64 14. 73 23. 91 15.
- 6 33 19. 44 6. 62 21. 64 23. 63
19. 73 35. 34 30. 36 33. 37 23. 93
34. 114 29, 29, 29. 130 31. -— ε 7 4,
12. 21 7. 35 17,19,19. 33 11. 40 3.
45 6. 47 30 d. 50 22. 54 17. 60 32.
72 3. 73 27. — ζ 10 12. 13 26. 217.
25 24. 44 9,1ο,17. 54 35,13. 55 6.
56 21. 69 25. 791. 3212. 92 3. 103
27. — η 11 3, 10. 32 10. 33 23. 42
21, 3. 42 11 d. 44 25, 27. 50 29. 57
13. 61 16. 66 1. 75 20. 77 14 s. -
3 1 16. 33. 329. 43 25. 47 1. 50 5.
76 23 6. 33 27. 37 5. 92 13. 96 31.
99 30.

οὐδ’ α 2 19. 3 29. 10 2. 11 12. 15 5.
20 19. 22 7. 33 15, 21. 41 6. 70 32.
76 16,17,20. 77 10.11111.12232.
132 14. 142 23. — β11 29. 1213.
2129. 37 32. 62 10, 21. 63 10. 71
29. 763. 3722. 3917, 22s. 974, 6.
102 30. - y 57 6. 62 6,13. 64 15.
65 2. 32 19. — 6 27 22. 43 10, 12.
62 13. 37 30. 99 23. 114 36. — ε
51. 113. 30 6. 4321. 55 5,8. 10521.

οὐδὲν 33 1

111 4.115 26. — ζ 16 13. 17 6. 20
14. 34 34 s. 35 25. 37 21, 34. 53 29.
55 2, 7. 77 14. 79 26. 35 13. 36 6.
92 9. 96 17. — η 14 20. 21 13, 14.
24 13. 34, 7, 13. 42 26. ’44 26. 47 6.
43 10. 49 19. 50 5. 56 2. 63 30. 67
27. 72 30. 75 23 s. — 9 117. 3 13.
21 9, 9. 24 20, 24. 27 27. 43 5. 43
23. 63 16. 71 12, 14, 26. 73 17. 31
22. 36 15 s.

ού6είς α 76 24. 132 23. 133 4. — β
39 33. 77 10. — y 45 9. 57 22. -
ζ 16 30. 27 16.

οὐδεὶς α 15 1. 64 30. 7411. 77 1.
120 20. 143 19. - β 53 25, 29, 31.
73 2. 100 7. - y 22 25. 24 14. 61
26. 77 16. — 6 59 21. 67 4. 30 10.
— ε 7 13. 32 35. 54 17. 61 10. 65
16. - ζ 17 31. 55 2. 60 26. 66 6.
- η23 4. 6331. - 3 6631. 7911.
36 2. 99 23.

οὐδεμία β 47 30. 37 25. 93 31. - y
20 31. 5219. — 6 7221. - ε 5623.
—- ζ 41 29. 103 23, 31. - η 5 13.
34 33, 6, 9. 77 29.

οὐδέν α 110 32. - β 12 29. 21 5. 29
13. 50 31. - y 10 23. 24 13. 93 30.
— ζ 23 24. 32 24. 74 29. — 9 43
25. 43 4, 21 d. 67 26. 36 27. 96 29.

οὐὸὲν α 3 17, 36. 17 20. 26 9. 29 13,
33. 49 7. 5319. 7117. 74 26. 76 17.
77 4. 34 29. 102 13. 111 12. 132 24.
133 4. 133 11. 139 11. 145 10. -
,3 327. 57. 623. 3 16. 16 7.1917.
39 27. 41 11. 43 17. 51 4, 9. 53 21.
60 35. 62 5, 19. 70 2. 77 30. 34 3.
37 27. 33 14. 39 33. 93 31. 94 27.
97 32. 93 13. 101 29. 102 24. — y
4 19. 5 26. 6 8. 2611. 40 15. 45
21, 30. 55 1. 75 27. 79 5. 31 10.
33 25. 35 20. 97 5. 110 29. - 6 4
25. 12 10. 14 17. 22 21, 25, 27. 34
12. 52 33. 6413. 63 22. 73 23. 73 3.
39 27. 90 4. 97 19. 93 33. 101 22.
104 21. 11125. 113 5. 114 35. 117 3.
120 3. 125 34. — ε 16 10. 26 23.
31 7. 32 32,14. 35 23. 36 15. 45 5.
46 9. 50 7. 5513. 60 7. 39 30. 105
22.1117.11414. — ζ 2415. 23 33.

