ὁπόθεν ᾖ ὁρῴη

61 22. 74 26. 105 5. -- η 28 26.
75 18. — 8 32 3. 69 13, 16, 21.
ὁπόθεν ὃ 26 3. - ζ 2 30. - η 14
20. -· θ· 80 16.

ὅποι β 72 7.- ε 18 3. 5417. —
ζ21.- η 77 29‚10s.

ὁποῖον (acc. neutr.) y 28 27.

ὁποῖόν (acc. neutr.) η 38 6.

ὁποίῳ ε 23 35. 47 28, 2.

ὁποῖοι α 50 17.

ὁπόση 9 37 8, 22.

ὁπόσον δ 21 20.

ὁπόσην 9 18 21.

ὁπόσοι y 113 17. — ε 21 16. —- ζ
34 ld. —819. 74 31. 97 29.

ὁπόσαι θ 37 25.

ὁπόσα y [84 28.] 114 20. - ε 80 4.
—- θ 18 24. 58 27.

ὁπόσοις δ 118 16.

ὁπόσους η 86 20.

ὁπόσας 8 27 29.

ὁποσονοῦν δ 3718.

ὁποσοιοῦν ζ 56 31.

ὁπόταν β 84 30. — 3 219— ε 7
11. -· θ 67 8.

ὁπότε α 2 22. 9019. 911. 99 35.
-- β 13 9 d. 15 36. 18 35. 34 12.
43 23. 49 26. 51 12. 60 1. 65 19d.
76 25. 79 28. — y 21 26. 22 14.
6814. - (5 2311. 26 7. 77 31. 100
10.11116. -- ε 1616. - ζ 66 32.
97 22. - η 4 29. 44 26 d. 48 12.
70 9. 75 30. — θ 53 9. 73 10. 95
11. 96 1.

ὁππότε γ 104 13.

ὁποτέρα α 8715.

ὁποτέρου 3 48 11 d.

ὁπότεροι ζ 49 30.

ὁποτέρων α 28 5. - δ 20 28. 73 2.

ὁποτέροις γ 12 4.

ὁποτέρους α 35 12. 40 13.

ὁποτεροιοῦν ε 18 fid.

ὁποτεροισοῦν ε 41 28.

ὁποτέρως α 78 30.

ὁποτέρωσε α 63 33. — ε 65 3.
ὅπου α 13513. - ε 3435. -ζ681,
- 3 27 28. 96 30.

Ὀπουντίων α 108 25.
Ὀπουντίοις β 32 6. - y 89 17.

319

Ὀποῦντος β 32 7.

ὅπως α 19 29. 31 5. 35 2037 6, 6.
55 8. 56 18. 57 1,14. 5818. 62 20.
65 3, 6. 73 11. 82 τ. 87 25. 91 26.
109 7. 122 2. 126 20. - β 3 33, 4.
12 25. 34 15. 60 29. 67 3. 69 27.
75 16. 76 1, 13. 81 23. 83 31, 19.
90 13. 99 29. — y 4 25. 83. 22 3,
13, 23, 32 s. 26 36. 31 35. 42 35.
44 5. 46 19, 28. 47 8. 49 28. 5127.
52 7. 57 7. 6912. 70 19, 32. 71 14.
741. 75 19. 80 12. 8123. 82 11.
85 23. 92 24. 105 4. 107 9. — ὁ 4
22. 8 2. 28 23. 32 1. 66 29. 67 13.
68 11. 76 19. 77 33. 87 24. 91 24.
93 9. 103 4. 107 31. 111 16,24. 118
27. 120 32. — ε 6 9. 10 12. 17 5.
2029. 26 3. 2719. 36 29. 45 5. 581.
8222. 852. - ζ1126. 123. 1312.
18 36. 22 12. 31 23. 34 34. 36 4.
41 27. 42 16. 71 10. 72 33. 73 14.
74 32. 75 35. 78 19. 87 32. 88 2,
31s. 96 18, 29. 97 22. 101 32. -
η 3 26. 4 2. 7 24, [25]. 16 24. 17
5, 14. 18 23. 19 18. 22 5. 25 9. 26
18. 32 8. 3813. 39 28. 43 9. 46 19.
50 6. 56 19, 22. 65 28. 67 27, 7.
69 18. 70 27. 74 8. 80 30. — 9 4
16, 22. 6 32, 6. 7 1. 8 21. 1014.
18 26. 23 32. 24 4d. 27 12. 41 30.
48 31. 49 25. 52 10. 54 4. 58 11.
61 29. 80 25. 87 20. 88 12. 89 6.
95 7, 9. 99 7. 100 21. 102 8. 10915.

ὁπωσοῦν α 77 7. - η 49 20. 60 33.
- 8 90 29. 91 6.

ὁπωστιοῦν 9 7126.

ὁρῶ α 8017. 140 26. — β 45 31.
8917.-- ὁ 10 25. - ζ, 20 8.

ὁρᾷς ε 9 26.

ὁρᾷ α 63 32. — β 55 29. - ε 1028.
- ζ 101 27.

ὁρῶμεν α 32 31. - ε 86 12. - ζ
83 28.

ὁρᾶτε α 68 23. 82 6. — β 35 23. —
y57 7. -ὁ 12612. - ε 8719.—
3337-277713.

ὁρῶσι ε 66 25. - η 60 14. 65 23.

ὁρῶσιν β 11 33. - η 13 10.

ὁρῴη ζ 59 32. - η 78 17.

