1 14- ἐθέλοντες- εἶ

ἐθέλοντες y 56 31.

ἐθέλοντας γ 91 15. - δ 98 18. -— ε

28 9.

ἤθελον α 28 4, 6. — ὁ 48 10. 122 8.
- ε 1417. 15 28. 216. 22 25. 50
23. 84 27. — ζ, 7 28. 105 6.- η

18 9. 72 3. ·— θ· 8618. 9212ᾶ.
ἤθελε α 65 4.
ἐθελήσουσιν ζ 33 14. — θ 45 14.
ἐθελήσειν ζ 56 32. —- θ 15 30.
ἠθέλησε ὁ 194 18.
ἠθελήσαμεν γ 55 3.

ἠθέλησαν ὁ 57 22. 85 19. 108 1. — ε

8211. -· θ’ 8319.
ἐθελήσειαν ζ 34 4.
ἐθελῆσαι α 39 28. - η 73 21.
ἐθελήσαντι ζ 78 11.
ἐθελήσαντες ζ 46 1.

ἐθελησάντων α 75 33. — β 64 21.

7133. - δ ’74 28.
ἐθελήσαντας ὃ 107 32.
εἰθισμένοι α 77 4.

ἔθνος α 2416- β 62 19. 97 4. -

y 94 26.
ἔθνους η 33 1.

ἔθνη α 3 20. 122 24. —- β 68 21. 96
32. 99 32. - ε 5112. —- ζ 2 27.
69. 67 31. — η 566. 57 Sd. 5815.

ἐθνῶν β 99 14. - y 92 19.
ἔθνεσι β 9 18. — 6 109 25.
ἔθνεσιν ὃ 61 21.

ἔθος α12311.- β 16 33. - 632 28.

ἔθει β 64 28.

εἴωθε y 3910.

εἷ’ωθεν β 45 32.

εἰώθαμεν α 140 33. — ζ 13 25.
εἰώθατε γ 38 7. — ε 9 5.
εἰώθασι ε 10 32.

εἰώθασί ὃ 92 16.

εἰώθασιν α 132 16.

εἰωθέναι β 14 31.

[εἰωθυῖα y 84 1.]

εἰωθὸς δ 17 32. 55 21. 67 16. — η

60 7. 75 17.
[εἰωθυίας γ 84 30.]
εἰωθότι ζ 18 18.
εἰωθότα α 67 34. — 968 8 S.
εἰωθυῖαν y 82 1.
εἰωθότες ὁ 108 30. —— η 57 27 s.

εἰωθότων β 51 4. - y 38 15.
εἰωθόσι δ 98 2.

εἰωθόσιν α 99 26.

εἰώθει β 13 24 d. 84 28.

εἰώθεσαν α 139 11. - y 1 24. - ὃ

67 9.130 11. — ζ 58 25. — θ 69
15. 97 27.

εἰ α 5 22. 9 5. 1012.1117.17 21.

25 5. 26 13. 27 19, 24. 28 3, 8. 32
14, 15, 32, 1. 33 10. 35 12, 32, 33.
36 17. 37 9. 38 19, 22. 40 12, 17,
20, 23, 29, 31. 42 21. 4415. 52 21.
53 4, 12, 13. 57 5. 68 20. 69 3. 73
18. 74 23. 7612, 18. 77 9, 18. 80
21, 32. 816, 9,12. 82 5. 86 29.
901. 916. 107 34. 118 4,6, 14. 119
19. 120 5, 9, 15. 121 2, 8. 122 20,
23, 26. 123 12. 124 28. 126 34. 128
2, 5. 13117. 136 31. 13711. 13913.
140 11, 12, 16. 141 20. 142 28. 143
31, 9. 144 22.

β 5 31. 7 14. 11 32. 18 11. 20 5.

37 5. 39 1. 45 3. 49 18,11. 53 26.
54 18. 60 11. 61 18. 62 12. 64 20,
25, 5. 67 27. 71 5. 72 23. 74 27.
76 13. 77 33, 16. 80 13 d. 81 23, 4.
90 13. 93 33. 94 17. 95 9. 98 19.

y 2 13. 3 29. 4 13. 5 36. 9 14,19.

10 23. 11 8, 21, 25, 32. 12 8. 13 4.
14 20. 30 25. 32 12. 33 31. 37 10.
38 16. 39 2, 25s. 40 19, 20. 42 17,
19, 23. 43 19, 23. 44 26, 28, 29. 46
13. 47 36, 7. 49 32. 52 7,11. 53 6.
54 18. 55 2. 56 18, 21, 26. 57 4,18.
58 10. 59 8. 61 22. 62 15, 23. 65
3, 5. 66 23. 74 4. 75 29. 82 216,
26 d. 86 10. 96 28. 112 5. 113 35.

ὁ 13 32. 24 26. 27 32, 4, 8, 9. 28 11.

29 18. 30 5. 31 23. 32 3, 4. 36 35.
37 17, 23. 40 1, 3. 48 9. 50 12. 59
26. 60 33, 34. 61 11, 35. 63 32, 3.
67 4. 69 28. 70 31. 73 8. 76 21, 22.
78 24. 80 27. 83 16. 85 34, 3, 9,13.
86 34. 87 14, 24, 31. 98 5. 99 22,
24. 10418, 33. 105 3. 106 29. 117 9.
118 24 d. 120 32,12. 122 9. 12618.
131 17.

ε 51. 8 24, 32. 14 9,17. 16 22. 18 5d.

21 12, 16. 22 29. 30 36. 32 31.

