88

74 16, 25. 75 7, 16. 76 24, 25, 27,
22 6. 78 6. 79 19, 3, 80 14, 28, 29.
81 1, 9. 82 4, 7, 13, 14. >83 15. 84
5, 7, 9, 11, 14, 19. 85 26, 27, 2. 86
18, 3, 5, 9, 16 s, 185, 195, 275. 87
30, 2, 4, 8, 12, 25, 27. 88 4. 89 2,
4, 8. 90 13, 30, 31, 11. 91 23. 92
12, 16, 31, 4, 6, 145, 15 s, 19 s, 265,
285, 56. 93 23, 28, 30. 94 1, 8, 16.
95 18, 20, 21,1, 18d, 226, 246. 96
19, 20. 97 29, 31, 31, 5. 98 9,14,22.
99 27, 12. 100 14, 7. 101 13. 102
9, 12, 16. 103 17. 104 30, 33, 5, 7,
8, 9, 13, 17. 105 25, 33. 106 8, 10,
19, 20, 20, 22, 22. 107 32, 4, 9. 108
12, 19, 25, 26. 109 6. ⁷

‘³ α 3 34. 6 32, 7,17. 10 5. 11 7, 12,
21. 13 21. 14 15. 22 2, 5. 23 25,26,
5, 11. 24 15, 17. 25 7. 26 14, 15.
27 16. 28 5,13. 29 26. 3127. 3314,
15, 27. 36 13, 17. 37 30, 7. 38 13,
22, 23. 39 32. 40 11. 43 4. 44 18.
49 20, 2. 52 18. 53 4, 13. 56 16.
60 14. 61 34. 62 17, 21. 63 1,5, 13,
17. 64 19, 20, 30. 65 4. 66 14, 18.
68 23. 70 19,20. 71 3, 4, 6, 16. 72 4.
77 10, 14. 80 20. 81 6. 85 16. 86
30, 34. 90 4, 7. 91 27. 93 2, 17. 96
31. 97 9. 99 22. 102 1, 2, 13, 13.
103 21. 105 1. 107 4, 9. 109 3, 9.
110 2. 111 15. 113 12. 114 2. 115
27. 116 28, 31, 4. 118 9. 121 2, 6,
7, 9. 122 19, 1. 123 17. 124 28, 1.
126 6,15. 133 5. 134 12,17. 136 31.
137 14, 22, 25, 33. 138 1, 14. 139
33, 5, 12. 142 28. 143 29. 145 6.

β 1 22. 2 16. 4 8, 3. 510, 14, 20, 3,
6. 6 14. 8 19. 9 4, 7, 14, 23. 11 26.
12 25. 13 12, 26, 26, 18 6, 19 6. 20
15. 25 24. 27 2. 28 4. 30 8, 17. 33
10, 20. 34 13. 35 20,1. 36 5. 39 29.
40 21, 27. 41 13. 42 10. 43 1. 44
12, 25. 45 31. 49 19, 216. 51 24.
52 32. 56 33, 2. 57 26. 58 29. 59 23.
60 2. 61 19. 62 25. 63 13. 64 8. 65
30, 13, 15. 68 6. 69 22. 70 34. 71
23, 25. 73 11. 75 26. 76 3. 78 31.
79 5, 29. 80 6, 16, 23. 81 26, 3, 14,
20 s. 83 29. 84 20,23, 11. 8614,21.

(γε-δ’

87 22. 89 31, 9, 26. 90 12. 92 21.
94 15, 29. 96 26, 31, 4, 6. 98 23.
99 33. 101 17, 24. 102 20, 5.

y 1 20. 3 14. 5 26. 7 26, 30. 13 31,

12. 18 16. 20 28. 22 29. 23 3, 11.
24 10, 12. 26 32, 10. 28 30, 36. 29
5, 10. 31 36. 33 24, 32, 2. ‘34 21.
36 21, 27. 37 34, 20. 38 35, 6. 40 3,
32. 41 5. 42 18, 25. 43 5. 45 22, 23,
26. 48 18. 49 5. 50 7. 52 22. 54 21.
55 2. 60 21. 61 29. 65 17. 70 34.
73 25, 29. 74 30. 75 9, 14, 25, 30.
78 22, 30. 79 2, 5. 81 2. 82 6, 9,
29 6, 32 6, 33 6. [84 27, 31.] 86 27.
87 15. 88 30, 1, 1. 89 5, 13,22. 90
28. 91 10, 21. 94 7, 21, 29. 97 3.
100 15, 23. 102 8. 103 35. 104 16,
12, 15, 17 s. 105 26. 107 3, 4. 108
20. 111 33, 37, 9, 12. 112 15, 19, 23.
113 14, 19, 20, 23, 37. 115 27. ·

«5123. 634. 8 20d,25d. 12 8,8.

13 30, 32, 35. 14 37, 5, 27. 16 18.
20 22. 22 26. 23 35, 2. 25 25, 28.
26 23. 28 32. 29 18. 31 10. 32 36.
35 32. 38 8, 13. 41 8. 42 24, 6. 44
11, 23. 45 30. 50 3. 51 19. 52 26.
53 16. 56 33. 58 7. 61 34. 62 19.
631. 65 9. 66 11, 32. 68 3. 69 31, 2.
75 14. 77 2. 8012. 82 30. 87 14,15.
89 13, 17. 90 10. 92 33. 98 7, 11.
102 6. 104 22. 109 15. 110 32. 115
12. 117 18. 120 27, 29. 122 2. 124
10. 126 18 6. 1291. 130 17, 12. 131

’ 19. 132 1.

1 13. 2 29. 6 24, 27. 10 25. 11 10.
13 22. 14 6. 17 9. 18 24. 9 34s.
21 6. 22 22. 23 4, 11. 25 4. 29 10.
30 17. 31 3. 33 27. 34 3. 35 10. 36
10. 38 34. 41 22, 23, 28, 36. 42 11.
46 15. 47 19 6, [16 s]. 48 25. 49 30.
50 18, 29. 51 9. 52 20. 53 3. 5418,
20, 22. 55 33. 56 15, 18, 26. 57 36,
3, 7, 8, 12. 58 17. 60 4. 61 4. 64 4.
65 26, 9. 66 22, 35. 67 7, 14, 16.
68 27. 71 29. 72 35. 76 34,10. 77 1.
80 17. 82 36. 83 29. 84 16, 26. 87
20. 89 31. 91 18. 96 31. 98 7. 103 3.
105 23. 109 22. 111 9. 115 29. 116
1, 5.

