3 84 πρὸς - προσῆξαν

59 16. 60 17, 20. 61 27, 1. 63 32.
66 21. 67 14, 35. 68 22. 69 2, 3,13.
70 31. 72 25, 25. 75 15, 15. 77 11,
13, 17, 18. 78 27, 32. 61 12. 62 32,
5, 24 d. 83 23. 66 32. 69 15. 90 32.
92 10. 93 26. 96 33. 102 26. 104 27.
105 30, 2. 106 30. 112 35. 113 34.
114 16.

ὁ 5 30. 8 7, 16 d. 9 5, 10, 15. 10 25.
12 6. 15 35. 17 2. 18 28. 1910,14,
15,17. 20 21. 219. 22 20. 2311.
2416. 25 30,9s. 26 4. 26 29. 2911.
31 13, 20. 32 2. 34 27. 38 35. 39 26.
43 21. 44 2,8. 4610. 471. 50 5,10.
51 21. 53 23. 54 28, 33. 55 25. 56
16. 58 8. 59 30. 6135. 62 3. 66 22.
67 15. 68 6. 69 32. 72 26, 31. 73 8,
18. 74 30, 36, 8. 76 15,17. 78 11d.
80 31, 1. 85 17. 87 11, 33. 89 19.
92 7, 288, 31s. 93 11. 96 29, 3, 4.
97 26. 98 2, 12. 100 11. 103 3. 104
19. 106 15. 107 33. 108 16, 25. 109
22. 110 1, 10, 12. 112 33. 114 28.
118 3‚4, 11. 120 25, 1,9. 124 6, 22.
126 21. 128 2, 8. 13018, 5. 132 29.
133 15, 18. 135 4.

ε23. 323. 533, 34, 2. 624. 732.
619. 911, 14, 16. 1027, 9. 1329.
14 33 14, 15, 21. 17 3,17,18. 18
36, 31s‚ ’26. 22 23, 28. 23 16, 17.
25 7. 26 26. 27 18, 22, 24. 2831, 2.
2913, 15, 30. 30 34. 31 27, 31, 3,
14. 323, 16 377, 8. 3829, 9. 39
30. 4036, 4, 6, 14. 41 17, 32. 4223.
43 26, 31. 44 14, 16, 26. 45 34. 46
20, 8, 13. 47 33, 6, 16 s. 48 28. 51
10. 54 15. 56 31. 59 16, 22. 61 30,
31. 64 6, 25. 65 31, 1, 15. 66 24.
73 21. 75 26. 76 5. 78 13. 80 18.
8133. 821. 83 8. 64 34. 851, 7.
89 33. 90 6. 91 12. 99 19 101 31.

19.111 10, 26. 114 15.

ζ123. 2 9,11, 24, 2911, 32116 4.
7 26. 8 7. 9 32. 11 17,19. 13 19,
23. 16 36,4. 18 24. 2127. 2212,16.
23 25. 29 1. 31 19, 26, 56, 76. 34
7d. 35 24. 3811, 11. 40 11, 15. 41
24, 26, 32. 44 33,7,19. 45 28. 46 24.

47 26. 49 14, 27. 50 1. 51 25. 56
24, 29. 56 19. 59 31. 61 17, 32. 62
19, 20. 63 4, 8, 13. 64 21, 27, 29.
63 4, 9. 71 34. 7314,17. 75 35. 77
21. 78 16. 79 22,23, 1. 80 30. 6322.
84 12. 85 16, 26, 33, 1. 86 7. 88 33,
2, 3, 33 s. 89 19. 90 19. 91 26. 97
6, 18, 21. 98 30. 99 10, 15, 22. 100
11, 13, 14. 101 27, 34, 11, 14. 102
28, 31. 103 29. 104 14. 105 33.
,711652 31, 4, 5. 3 21, 26,27. 42,
7, 18. 8 5. 14 27. 17 14, 16. 19 19,
19. 21 12, 16, 22. 22 4, 7. 23 14.
25 28, 3, 23 d. 26 7. 27 29. 28 24.
29 29. 30 25. 31 25, 28. 34 17, 8.

13,19, 27. 40 3, 5. 43 27, 28, 1. 44 6.
47 25, 4. 49 17, 26. 50 19. 51 19.
52 28, 32. 53 18. 54 31. 56 8. 57 30.
58 12, 13, 18, 26, 30. 60 16, 21. 62
26, 27, 3. 65 26. 67 20, 23. 68 10,
13. 69 11, 17, 22. 70 3, 6, 11, 1s.
7125, 30,15ί1. 72 27. 73 22, 30.
74 5. 75 34. 78 30. 79 16, 25, 33.
60 16, 19, 29, 4. 81 32, 32, 1. 82 11,
20. 84 11. 86 34.

79132. 24. 312. 513. 617. 72.
8 22, 10 25. 11 33. 14 25. 16 29.
17 17. 18 20, 27, 29. 24 7, 30 s. 25
28. 27 28, 29, 8, 20. 30 1. 33 13, 24.
344.361, 3, 4. 376 20. 3932,4.
40194130. 4217.4310. 45 22,
25, 30. 50 30, 14, 17. 532. 54 23,
29. 571. 587, 1 6015. 6213. 66
25, 14, 16. 675. 6827, 29. 701.
7120. 7429. 7514. 7616. 79 25,28.
80 34. 85 2. 86 12. 87 34. 90 30, 6,
10, 11. 92 3, 5d. 93 19, 23, 31. 94
10,15. 95 16. 9814. 10216. 10326.
10413. 106 9. 10818,20. 10913,14.

προσαγορεύειν γ 112 28.

προσαγορευόμεθα ζ 16 5.

προσάγουσι β 89 2.

προσάγειν θ 3 5.

προσάγοντες α 99 26.

προσῆγον β 76 17. - δ 100 8. - ε
61 31.

προσῆγε η 37 18.

προσῆξαν β 97 20.

