1 68 Εῧβοιαν - εὐθὺς

ζ7631.8410.-η5719.-θ·

91 26. 95 27.

Εὔβοιαν α 114 34. - β 14 30. 32 3.
- γ 3 36. 17 20. —- 6 16 11. 109
23. — 9 1 29. 5 29, 2. 60 12, 14.
74 25. 36 21 s. 9125. 92 27. 96 26, 3.

106 23. 107 10.
Εὔβοιαν β 55 30. - 9 95 23 d.
Εὐβοϊκοί α 81 31.
εὐβουλία α 18 2.

εὐβουλίας y 44 26.

εὐβουλία γ 42 12.

εὐβουλίαν β 91 6.

Εὐβούλου 9 23 8.
εὐβουλοι α 84 30, 32.
εὐγενής α 126 25.
εὐδαιμονήσαντες θ 2417.
εὐδαιμονία γ 39 5.
εὐδαιμονίᾳ β 97 1.

εὐδαιμονίαν γ 39 14.
εὔδαιμον β 431.

εὐδαιμόνων α 6 2. - β 53 20.
εὐδοκιμεῖ β 37 31.
εὖδοξοτάτην α 84 23.
εὔελπις ο· 10 21.

εὔελπι 0 62 22.

εὐέλπιδες α 70 7. — ζ2411.- 9 2 22.

εὐεπίθετος ζ 34 24.

εὐεργεσία α 41 10. 129 20. 137 23.

εὐεργεσίας α 32 10. - δ 56 15.
εὐεργεσίαν α 128 24.
εὐεργεσιῶν δ 11 33.
εὐεργέτης α 136 15.
εὐεργέται β 21 33.

εὐεργετῶν y 57 9.

εὐεργέτας γ 41 3. 53 1. 59 20. 63 4.

-ζ5018,
Εὖεσπερίταις η 5016.
Εὖετίων η 913.
εὔζωνος β 9715.
εὐζώνῳ β 9713.
εὐηθείας y 451.
εὔηθες y 8313.
Εὐήνου β 33 9.

εὐθέως 6 4410. — η 33 23. — θ

74 22.

Εὐθύδημος ε 1917. 24 23. — η

69 20.
Εὐθύδημον η 16 24.

Εὐθυκλέους α 46 12. - γ 114 25.

εὐθύυθη α 95 13.

εὐθύς β 5 9. 54 22. 93 2. -γ 41 34.
112 22. — 6 4415.-— ε 31 27. 51
13. 60 2. 30 12. - ζ 69 20. 33 7.
913. - η 436. 77 29. —9 929s.

εὐθὺς α 1 3, 1. 2 12. 26 2. 53 3.
56 16. 57 23. 61 19. 62 9. 64 19.
61 25. 39 18. 90 7, 9. 93 7, 25. 102
17. 111 13. 115 26. 125 13. 132 5.
140 16. 142 2. 146 15. - β 2 15.
3 7. 5 4. 6 15. 10 26. 29 3. 39 26.
41 18. 49 23. 51 13. 53 21. 53 32.
61 19. 71 27. 30 13, 23. 34 16. 93
29. - γ 2 30. 13 19. 36 5, 19, 27.
47 5. 49 21. 11 12. 11 14. 81 21.
91 19. 110 30. 113 29. — 0 3 33.
3 13. 14 25. 23 35. 25 6s. 32 25.
34 34. 42 24. 43 15. 52 26. 54 29.
51 21. 61 24. 69 21. 13 11. 14 1.
76 2. 33 34. 34 22. 39 13. 90 10.
100 32. 103 13. 104 19. 107 7. 110
32. 112 31, 1. 113 7. 116 27. 117 6.
113 7. 122 4, 14. 123 29. 125 36.
130 33. 132 30. 133 20. 134 36. 135 3.
— ε3 17.816.101od,15d.1322.
14 31. 15 26. 20 21. 21 1. 25 7. 31
16. 35 14. 39 30. 40 32. 43 27, 7.
44 21. 45 13. 46 10. 52 20. 61 2.
63 29. 65 29. 66 30. 72 4. 74 34.
75 27, 31. 76 34. 35 3. 102 35. 114
15. - ζ 23 30. 26 3. 46 36. 50 3.
51 29. 54 8. 56 29. 5710. 58 19, 23.
60 2. 62 29. 63 1, 5, 65 12. 69 32.
74 20. 33 29 s, 36 s. 91 2, 29 d. 94
15. 96 16. 97 6. 101 25 s. — η 221.
13 6. 15 14. 16 29. 19 20. 20 22.
22 1ο. 26 11. 29 21. 34 11. 37 22.
39 23. 40 4. 42 23, 27. 43 1, 9. 50
21. 56 13, 27. 64 7, 10. 65 21. 69
31, 22. 72 31. 74 6. 31 14. 32 17.
34 21, 27. - 9 1 19. 2 5. 3 23,12.
5 10. 6 19. 1 29. 8 21, 27. 10 14.
11 13. 14 23. 15 32. 17 18. 19 2.
2713. 33 22. 40 18. 41 33, 9. 42 23.
44 33. 50 13. 57 22. 61 25. 62 11.
64 17. 66 32. 67 13. 71 12. 72 12.
74 26. 76 25. 79 3. 30 14. 32 23, 9.
361. 90 5,12. 92 36. 93 21. 94 13.

