6 Ἀειμνήστου-Ἀθηναῖοι

38 3. 46 3. 53 31. 63 12. 77 15.
80 21. 86 22. 87 18. 88 23, 6. 91 17.
- η 5 8.12 25. 57 265. 71 33. —
3 46 24. 69 12. 73 1, 8.

Ἀειμνήστου y 52 24.

ἀείμνηστος β 43 36. 64 11.

ἀειμνήστου α 33 7.

ἀζημίους β 37 5.

ἀηδόνος β 29 22.

ἀηθείας ὃ 55 33.

ἄηθες β 11 2.

ἀήθεσι <5 34 5.

ἀήθως 6 17 5.

ἀήσσητοι ζ 76 25. - η 44 3.

Ἀθηνᾶς <5 116 31. ε 16 15.

Ἀθηνᾷ ε 23 20.

Ἀθηναγόρας ζ 35 30. 41 22.

Ἀθηναγόρου θ 6 28.

Ἀθήναζε δ 21 14. 46 15. 118 18. —
ε 32 6,10. 47 27, 85. - ζ 95 11.

Ἀθηνῶν α 36 5. 51 2, 12. 52 25.
110 29. 116 4. 117 19. 137 19. -
β 2917.- y 3 35, 2. 5 26. 21 17.
24 3. 33 25. 69 11. - ὁ 16 26.
22 34. 23 12. 69 30. - 5 82 27.
116 9. — ζ 53 14. 71 9. 94 32. --
η 42 7. 6417. — 3 17 12. 19 8.
23. 29. 25 7. 74 28.

Ἀθήναις β 819. - y 87 24. - ὁ 5
29. 27 17. - ε 18 245, 44. 19. 16.
2320. 43 26. — ζ 44 23. - 9 631.

Ἀθήνας α 31 5. 44 19. - β 6 12.
12 15. 29 31. 30 18. 54 23. 58 9.
67 9. 78 31. 79 1. 85 1. 93 26. 94
11. 103 15. - y 4 17. 15 30. 24 8.
28 29. 35 34. 71 12. 75 23. 86 4.
98 8. - <5 15 2. 16 27. 57 36. 109
27. 122 3. —- 5 3 26. 5 3. 23 16.
— ζ 33 27. 46 20. 61 3. 74 31. 93
29. — η 8 3216 18. 27 25. — 3
1 3. 7 3. 11 1. 15 27. 49 23. 53 25.
65 12. 74 20. 86 27 s. 89 16. 106 25.

Ἀθηναῖος α 1 1. 126 24. - y 102
13. — ε 26 16.

Ἀθηναῖον α 138 31. - β 29 32. 67 2.
-ζ7832.-87418.

Ἀθηναίῳ ζ 78 27.

Ἀθηναῖοι α 6 34. 152 7. 14 21. 18 11,

20. 19 30. 23 3. 3210. 4411. 45 28.
49 2. 50 32. 52 29. 53 1, 9. 54 29,
32. 56 19. 57 28, 34, 7. 58 23. 62 15.
63 14. 64 19, 25. 69 7. 72 5. 79 7.
87 18, 23, 27. 89 3, 11. 90 4. 91 2.
93 27, 24. 94 29. 95 2. 96 24. 99 25,
27. 100 4, 10. 102 13. 103 28, 33.
105 19, 20, 24, 35, 6, 11. 196 17.
107 23, 34, 9. 108 20, 31. 109 3, 5.
111 8. 112 23, 3. 113 6,17. 114 34.
115 7, 13. 116 28, 4. 118 1. 122 22.
126 6, 8, 25 d. 128 9. 135 4. 139 5,
14. 146 22. 145 6.

β 6 24, 26. 7 31,10. 12 17, 29. 1426.
15 13. 16 32. 18 35, 9. 19 17. 20 11.
21 17. 22 19. 23 32, 35. 24 11. 25
24, 4, 17. 26 18. 27 26. 29 10, 28.
30 8. 31 19, 22, 29. 34 26. 54 5. 57
26. 59 14. 67 10. 69 22. 70 16. 72
33. 79 6, 15, 28, 32. 84 20, 7, 12.
86 15. 88 18. 90 7,15. 92 27, 4, 14.
94 19, 29. 161 13. 162 6. 103 13.

y 3 14, 34. 4 5. 6 6, 16. 7 19, 35.
13 29. 16 34,16. 18 9. 19 19. 26 36.
34 28. 36 5. 49 24. 50 9, 18. 51 22.
64 15. 72 15. 78 22. 80 18. 85 13.
86 27, 8. 88 26, 1. 90 30, 2. 91 10,
21. 93 25. 94 8, 9. 97 18. 99 12.
103 35, 11. 104 16, 29, 215, 23 5.
107 29. 113 1. 114 10. 115 27, 3.

ὅ 2 14. 5 36. 11 13, 19. 12 6. 14 37,
18. 17 28. 18 28. 23 2, 9. 25 13,
13, 23, 8 5,145. 26 21. 32 24. 35 25.
36 16. 38 8, 9. 39 27. 41 6. 42 24,
10. 43 28. 44 8, 17. 45 27. 46 17.
48 36. 49 32. 56 8,14. 52 2. 53 16.
54 24, 2, 4. 56 7. 57 26, 1. 61 36.
65 2. 67 34, 16. 69 11. 72 27. 73
14, 24. 76 6. 82 31. 85 19. 91 20.
92 17. 94 23. 95 35. 96 17. 98 31.
102 12, 16. 106 16. 168 9, 1, 6. 109
16. 113 7. 114 25. 115 10. 116 29.
117 5, 7. 118 32, 9. 122 3, 133 123
29. 129 31, 15. 130 18, 5. 131 19.
133 26.

ε 1 14. 3 13, 21. 415. 10 12 d. 1434.
15 27. 17 5, 12. 18 26,11,16, 265,
25 5, 295. 24 34. 32 23, 12. 35 14,
23. 39 17. 42 16. 45 10. 46 9. 47

