264

2311, 25d, 32d, 2s. 6613. 67 21,
31, 6, 19. 66 23, 10, 14. 69 22, 25.
70 34. 71 23. 73 12, 20. 74 29. 75
11, 14, 26, 30, 33. 76 7, 11, 12,16,
20, 24. 77 4, 5, 6. 76 22, 27. 79 5,
6, 2. 60 6, 1, 4. 61 24. 63 30, 36, 9.
64 27, 33. 66 23, 25. 67 20. 66 20.
69 26, 31, 7, 33 5. 90 11, 16, 22. 91
4,18. 93 21,22, 22, 28. 93 33, 6. 94
22, 25, 25, 31. 95 3. 96 21, 24, 25,
34, 1, 5, 6, 6. 97 34, 34. 96 16, 23,
25. 100 33. 101 16, 31. 102 6, 18,
21, 23, 31, 66.

120. 21, 5. 315. 424. 719. 913.
10 20, 28, 31, 32, 34. 11 11, 12, 24,
30.12⁷9,10,11.1313s1416.15
34. 1720. 19 25, 25. 20 26, 35,1,
10, 12, 13. 221, 1, 28, 365, 36. 23
5,6,13142121,31. 2433. 2519.
26 32, 3. 30 29. 32 7. 33 26. 36 5.
37 19, 22, 23. 36 4. 39 6. 4012,23,
30, 31, 33, 35. 42 17, 20, 32. 43 8,
13, 21. 44 30,31, 34,1, 1. 46 4.
49 26, 32. 50 15,16. 5122,26. 521.
56 19. 57 13. 59 4. 62 15. 64 24.
66 24. 66 6. 69 1. 70 25, 29, 29. 74
36, 7. 75 16, 27, 34. 61 13. 62 22,
31,35, 5, 15 d, 27 d, 4s‚ 12 s. 6316,
22. [64 35, 3, 3, 4, 4.] 66 27, 33.
67 15, 22. 66 26. 69 5, 16, 21, 23.
90 26, 34. 91 10, 22, 22. 92 10. 94
7, 16, 17. 96 21, 21. 96 21, 33. 100
15. 101 25. 102 14,19. 103 35, 6, 9,
13. 104 16, 19, 7, 9. 105 26. 106
14, 22. 107 1. 106 25, 26, 26, 2. 109
14. 110 3ο. 112 18, 18, 2. 115 27,
6,10,11. 116 14.

δ123.210. 311. 420,24. 530. 63.

8 28, 2, 16 d. 9 4, 6, 10. 10 16, 24,
27, 2. 11 12, 26, 35. 14 15. 17 1, 6,
10. 19 6, 9. 21 9. 24 29, 31, 36, 36.
25 115, 135. 28 34. 29 6,15. 30
23, 6. 31 13,13. 32 34. 34 31,6, 13.
35 31. 36 3, 4, 7. 37 21, 23. 36 30,
31. 39 26. 42 24, 31, 34. 44 13,14.
46 16. 47 27. 46 10, 13, 26, 26. 49
33, 34. 50 3, 13. 51 19. 52 26, 26,
27. 55 16, 33. 56 7. 59 19, 25. 61
21, 23, 30. 62 11, 19, 22. 63 25, 2.

τοῦ

65 26, 30. 66 11,15,20,20. 67 1, 2.
69 31, 34, 37. 70 26. 72 11, 16, 21.
73 20. 75 14, 19, 31, 34. 76 10, 26.
79 20. 61 22. 63 1, 10, 12, 12, 16.
64 24, 26, 27. 65 33, 35, 36. 66 6.
6913,21. 90 32,34,3,6. 9121.
921. 93 2, 13. 96 12,13,16,32,36,
2,,,41910 9727,.29 9631, 32,33,
12 100 33,6,14.10120,21. 102
6,16,20,22.103 7. 104 24,25.106
21, 23. 107 36, 36, 3. 106 12, 15, 33.
109 15, 19. 110 10, 11. 111 22, 26.
115 15. 116 33, 2, 3. 117 5,16. 116
21, 21, 21, 22, 27, 1, 5, 6, 17, 1s,
4s, 75. 120 32, 10,11. 123 23. 124
15, 16, 26. 126 7, 9, 9. 127 29. 126
7, 10. 129 6. 130 23,26,30. 132 29,
33. 133 17, 22, 22, 23, 25. 135 3, 6.
1 13. 2 5. 3 11,15. 412,21. 615.
75,10,12. 6 17,27. 9 15,16,20,20,
31, 35. 10 11, 14, 36, 2, 3011. 1113.
12 15. 13 22. 14 7. 15 32. 16 36,
11, 19, 25, 25. 18 25. 20 20, 24, 31.
24 35. 25 9. 26 35. 27 25. 26 33,
33, 7. 29 13. 30 36. 31 1, 2. 32 22,
27. 33 17, 16. 34 31. 35 10. 36 10.
37 33. 39 29. 40 32. 42 13, 16. 43
35. 4511. 4616. 47 12s, 13s. 49
30, 32,14,16. 50 20,20, 23, 33. 51 9.
52 20, 27. 53 3, 4, 4, 5, 6, 12. 54
16, 22, 23. 56 15, 30. 57 36. 5914.
60 31, 19. 61 37, 9, 9. 64 13. 65 5,
5, 19. 66 24, 26, 31, 4. 70 26. 71
35, 3,13. 72 5. 73 12,26. 76 34, 13.
60 20. 62 36. 63 29, 32,7, 11. 6416.
66 10,11. 90 5. 93 22. 97 3. 100 27.
101 30. 102 36. 104 14, 15. 105 31.
111 17. 112 37. 11419. 115 30. 116
1, 7.

ζ 1 17,2ο,21. 2 5, 6,19. 3 10. 42, 7.

6 21, 3. 7 6, 17. 6 31, 9. 9 25, 27.
10 10. 11 9. 12 33. 15 17. 16 33.
17 33,34,18. 16 5. 24 9,10. 26 4, 6.
27 21. 26 30. 31 15, 366, 366. 32
23. 33 31, 9, 26. 3416, 3d,15d.
36 25. 40 10, 19, 20. 41 29, 4, 4.
42 7. 47 35. 51 24. 54 35, 5, 23,23,
25, 27, 28. 55 3, 12, 15. 56 22, 32.
57 14. 59 27,33. 619‚13,23. 6214.

