ἥσσονας - θάλασσαν

ἤσσονος α 143 20.

ἡσσω α 76 21. 77 11. - y 45 11. —
ζ 68 7. - η 48 3.

ἥσσουςα88.8ο32.-β36.-γ
5311. 83 22. 9718. - ὃ 72 25.-—
811126. - ζ 69 27. - η 42 28.

ἡσυχάζει ζ 38 10.

ἡσυχάζετε α 69 10. — y 66 22.

ἡσυχάζουσιν η 12 14.

ἡσυχάζῃ ζ 18 25 d.

ἡσυχάζοι α 126 15.

ἡσυχάζοιεν ζ 18 32,

ἡσυχάζειν α 72 1. 120 9. — β 49 6.
-γ687.-ε2228.-ζ1ο15.
-· θ 15 31. 1618. 71 12. 92 31.
93 25.

ἡσυχάζων 6 129 27.

ἡσυχάζον η 83 2.

ἡσυχαζούσῃ α 71 7.

ἡσυχάζοντα 6 92 18.

ἡσυχάζοντες 6 13 35. 122 16.

ἡσυχαζόντων 6 127 28. - ε 49 8. ——
ζ1ο 5.-η5810,

ἡσυχαζουσῶν α 49 19.

ἡσυχάζοντας β 7 9. - γ 71 9.

ἡσυχάζοντας β 65 5.

ἡσύχαζον α 52 23. 67 24. - β 3 26.
81163. -—- y 5 34. 94 17. 107 4. -
ὃ 33 21. 44 3. 57 25. 73 1, 15. 90
11. 124 22. -- ε 3118. 54 28. 56 26.
6512. 84 28. 115 29, 33. - η 34 29.
38 5. —- θ· 38 8,17. 4416. 70 31.
77 5.

183

ἡσύχαζόν (3. pl.) α 118 4.

ἡσύχαζε y 102 31. — 6 134 29. - ε
6 12. - η 3 21.

ἡσύχαζεν α 134 19. — 6 4 14. 104 22.
11114.-ε729.-ζ976.-9
48 21.

’ἡσυχάζομεν η 11 3.

ἡσυχάσουσι α 142 7. 143 5.

ἡσυχάσειν β 84 29. - 9 71 14.

ἡσύχασαν 6 56 34. — ζ 44 15. - 9
24 26.

ἡσύχασάν ε 50 2. - 9 92 24 s.

ἧσυχοέσασα α 12 28, 5.

ἡσυχάσαντες y 74 6. —- 9 86 20.

ἡσυχάσασι 6 71 3.

ἡσυχαίτερα γ 82 26.

ἡσυχῇ 9 69 16.

ἡσυχία 6 62 8. - ε 35 8.

ἡσυχίας α 124 3. — β 2213. - ε 16
36. 53 9.

ἡσυχίᾳ y 12 36.

ἡσυχίαν α 70 28, 30 d. 71 33. 74 28.
83 19. 85 16. - β 72 24. 93 33.
100 10. - y 6 7. 48 18. 64 26. —
6 22 23. 117 8. — ε 26 7. 4016.
65 17. 73 19. 86 10. 94 25. — ζ
18 10. 24 22. 25 27. 64 20. 66 31.
— η 38 15. 40 6. 73 27, 2. 74 19.
— 9 27 30. 66 1. 103 23.

ἡσυχίῳ oc12013.

ἥσυχον ζ 18 6. 3412.

ἦτοι β 40 15. - ζ 34 5. 384. 40 6.

‘'Hcpoccotoc γ 88 34.

Θ.

θαλαμίων 6 32 30.
θάλασσα α 120 3. — y 8911,13.
— 6 24 32,1.

θαλάσσης α 2 20. 44, 8. 7 24. 13 16,
7. 30 11, 17. 46 15. 50 15. 63 4.
64 33. 80 25. 81 6. 93 6. 104 12.

1101. 116 7. 11716. 12919. 1411.

142 34. 143 30,1. — β 6215. 8012.
81 16. 83 31. 85 25. 86 23. 89 2d.
96 22. 97 18. 99 9. — y 612. 1818.
92 23. 97 10.
107 34. 109 7. 115 1. - 6 11 20.

32 21. 51 32. 86 7.

31 20. 53 22. 57 20. 73 34. 105 5.
- ζ 101 33. 103 20. - η 21 14.
25 19. 29 33. 5711s. 598. 7011s.
— 91 23. 7 2. 24 29. 38 1. 4013.
46 22, 5. 56 30. 76 6, 15. 95 2.

θαλάσσῃ α 3 2. 58 26. — s» 9 19. 67
20. — y 105 >30. — 6 10 3. 26 26.
54 26, 28. 5717. 11812. - ζ 126.
2 306. - η 4 5.,25 9. 3811. —
9 48 1. 53 5.

θάλασσαν α 8 4. 13 28. 16 14. 2428.
26 33. 46 17. 93 20. 107 23, 33.

