63 13, 13. 64 17, 21,23,26, 31,1,2.
65 9, ¹14. 66 33, 7, 9. 67 22. 68 17.
, 69 4, 6, 9. 70 2ο,21,21,23, 25, 30, 33.
71 3, 4, 5, 6, 9, 10, 12. 72 26, 28,
30, 35. 74 19, 23. 75 6,17,19. 76
21, 34, 2. 77 6, 9. 7810,11. 79 24,
32. 80 26. 81 33. 82 8. 83 25, 1.
85 21. 87 31, 4, 9. 88 4, 4, 5, 7, 11,
14‚23s, 26s, 365, 36, 46, 56, 86,
86. 89 15, 34. 90 17, 18, 22. 91 18,
27, 30 6. 92 1, 4, 20. 93 2, 3, 9. 94
17, 21, 24, 30, 30, 32, 33. 95 6. 96
14, 22, 28, 29. 97 34, 4, 15, 21. 98
35, 3, 5, 6, 7. 99 9, 14, 24, 26, 28.
100 10, 19, 19, 20. 101 26, 1, 3, 4,
10, 13, 15, 18, 23, 24, 27 5. 102 7,

o 11. 103 19, 23, 34. 164 25. 105 12,

13.

55555 ⁰
3 11, 26, 30, 31. 4 1, 17,19,27,30,
30, 31, 16. 5 6, 12, 13, 14, 14, 15,
18, 19. 6 29, 1, 4, 4,6, 8, [10]. 714,
16, 20, 23, 26. 8 30, 33. 11 29, 2, 4.
12 14, 17, 20, 21, 25. 13 2, 2, 3, 9.
14 16. 15 3, 4, 7, 15. 16 23,27. 17
9, 17. 18 21, 22, 1, 7, 8. 19 26, 30,
2, 3, 14. 20 31,31. 21 6,15. 22 33,
8. 23 14, 19, 22, 27,29,32,33,1,2.
24 9, 12, 17, 18. 25 30, 34,34, 7, 8,
13,15, 17, 18, 24 6, 30 6, 33 6. 26 8,
9, 15, 19. 27 24, 33, 9, 15. 28 19,
22, 26, 11, 13. 29 20, 9. 30 22, 25,
29, 31, 32, 33, 1, 3. 31 12, 19, 21,
33. 32 3, 6, 12. 33 25, 34, 8. 34 16,
20, 23, 23, 32, 32, 35, 3, 3, 5, 9, 10,
12, 166. 36 9,15,28. 37 18, 21, 22,
26, 28, 32. 38 3, 4, 11. 39 23, 25.
40 17, 18, 19, 22, 23. 41 27, 28, 29,
30, 30, 31, 34, 2. 42 7, 10, 17, 19,
34, 1, 96. 43 16, 20, 30, 31, 32, 2,
22222 ·
44 2,13, 20, 316, 33 6, 2s‚ 55, 65.
45 12, 14, 14. 46 22. 47 23. 48 14,
16, 30,1,3. 49 14, 24, 26. 50 24, 27.
51 10, 19, 20, 21, 22, 24. 52 26, 30,
31, 1, 4. 53 6, 6, 16. 54 1, 2. 5623,
25, 31, 32, 1, 3. 57 20, 22, 9s, 14s,
15 s, 215, 56. 58 15, 18, 25. 59 6.
60 17, 31, 3, 3, 8. 61 11,17,21,21.

τῶν

303

62 26, 27, 29, 29, 33, 1, 3, 7. 63 15,
15, 20, 23. 6416. 65 25. 66 33, 7,7.
67 25, 31‚5, 9. 69 29, 32, 3, 21. 70
3, 5, 8, 9, 10, 22, 29 6, 29 6, [316].
71 18, 28, 29, 1, 6, 186, 2ο d. 72 29,
33. 73 15, 28, 29, 29, 30, 32, 34, 4.
74 8, 14, 17. 75 25, 30, 31, 33, 34,
4, 10, 22 s. 76 4. 77 8, 30, 4. 78 25,
2,10,15. 80 11,13, 2. 8114,1. 82 8.
83 1, 6. 85 33, 9, 11. 86 18, 20, 28,
33, 6. 87 15, 16, 27.

3 1 4, 7, 25, 27, 29, 31. 2 5, 12, 14,

18, 25. 3 30, 2. 4 21. 5 25, 29, 33,
9, 15, 20. 6 1, 3, 4, 5, 6, 9, 25. 7
30, 5. 8 20, 25. 9 32, 1, 2, 3, 6, 6.
10 13, 15, 21, 28, 30. 11 12,16. 12
22, 25, 25. 13 4, 6. 14 13,19. 15 2,
8, 11, 12. 16 20, 30. 17 1, 5, 9,12.
18 23, 34. 19 3,11. 2019,22. 214.
22 16, 18, 18, 20. 23 25, 29, 2, 4, 7,
7, 10,12, 20, 21, 27 6. 24 5, 8, 8,
10, 16, 28. 25 7, 9, 10, 22, 26, 28,
30. 26 5. 27 23, 25, 25, 10. 30 4.
31 23. 32 31, 2. 33 11, 25, 26. 34
30, 32, 2, 3, 4. 3516,26,26,28.
37 6, 10, 13, 14, 18, 25, 27, 29. 38
2, 5. 39 26, 2. 40 12, 17. 41 28, 4,
6, 8, 9, 10. 42 21, 30, 35. 43 6, 9,
12, 12. 44 28, 16. 45 26, 3, 5, 9. 46
3, [8, 10,] 12, 15. 47 34, 4. 48 12,
14, 16, 3ο, 146, 18 6, 20 6. 49 22.
50 30, 10, 19, 24. 51 30, 6. 52 12,
14, 15, 20. 53 24,30,33,3,16. 54 7.
55 10, 12, 17, 19, 24, 26, 29. 56 4,
12, 15. 57 29. 58 6, 8, 9,14,15,29.
60 18. 61 5, 6, 7. 62 17. 63 5, 9, 14.
64 18, 19, 29, 30, 3, 5, 6, 7. 65 14,
22. 66 31, 33, 11, 15. 67 18, 5. 68
13, 20, 22. 69 13, 19. 71 16,19,20,
23, 27. 72 5, 6. 73 18, 21, 24,27, 28,
30, 5, 12, 13, 14. 74 22, 28. 75 3,
5, 6, 18. 76 27, 1, 10, 17. 77 3. 78
7, 11. 79 28, 5, 5, 10. 80 24. 81 4,
11, 12, 18, 21. 82 28, 1, 3. 83 18,
24, 25. 84 2, 7, 22. 85 23, 27, 29,
33, 5. 86 14, 24, 32, 17 5, 20s, 215,
225, 265. 87 10, 18, 29. 89 15, 21,
24, 25, 28, 31,9. 90 14. 91 29,1,4.
92 9, 13, 17, 23, 23, 32, 5, 5, 6, 135,

