ἐν - ἐναντίοις

14 26. 15 13, 15. 16 24. 17 7, 10,
14, 16. 18 29, 31, 32, 12, 15,16. 19
30, 32, 6, 15. 20 21. 214. 22 32, 8.
25 26, 31, 7, 9, 32 6, 3s. 27 25, 32,
2, 17. 29 22, 10. 30 21, 22, 23, 26,
27, 28. 31 7, 7, 28. 33 27, 12, 14.
34 16, 17, 21, 186, 19 d. 36 3, 13.
19, 19, 24, 30, 66. 3811. 39 24.
40 21. 42 6, 13, 24, 31, 2. 43 27,
16s, 19s. 44 24, 26, 29, 321, 10.
46 21, 22. 47 24, 25 29, 30, 4. 48
19, 31, 4. 49 14, 25, 26, 27, 27, 31.
50 7, 9, 12, 16. 51 16. 52 1. 55 8.
56 8. 57 19, 26. 58 10, 13, 15, 32.
61 21. 62 32, 33. 63 18. 64 4, 12,
14, 18. 67 29, 30, 32. 68 18. 69 1,
9, 10, 18. 70 13, 15, 16. 71 29, 32,
1, 4, 17 6, 19 d, 21 d. 73 11, 22, 24,
28. 75 28, 10, 21, 23 s. 76 3. 7715,
30, 33, 6. 78 17, 20, 4, 6, 6. 79 8.
80 13, 21, 23. 81 5, 8, 17, 18, 21,
26. 84 25, 25, 27. 85 31, 11, 12. 86
27, 35. 87 8, 9, 14, 20.

8 1 16, 17, 18. 2 10. 3 29. 4 15, 18.
5 24, 26, 31, 9. 6 1, 6, 26. 8 15. 10
11, 21, 31. 11 35, 5, 16. 14 15, 20,
25, 26. 15 2, 9. 16 16, 22. 17 2,16.
19 3. 20 18, 29. 21 35, 2. 22 23.
23 17, 21, 23, 25 d, 266. 24 31, 6,
10, 12, 13, 26. 25 29. 26 3, 20. 27
28, 15. 28 27,30. 29 16. 30 29,5,6.
31 9. 32 33. 34 30. 3515. 37 23, 27.
38 32, 3, 4, 13, 15. 39 18, 3, 6, 7.
40 12, 17. 4127,1,13,16. 42 21,
29,.1 434, 6, 7, 9. 4433. .45¹8’
20. 466. 4731, 4. 486„1 ,2od.
49 22. 50 14, 16, 19. 51 33. 252 13,
16,16. 53 25,5, 14. 54 2. 55 21,22.
5616. 57 22. 58 5,6, 1. 6128,31,9.
62 12. 63 26, 27, 1,4, 8, 8. 64 30, 4.
65 9. 67 17. 68 18, 18, 20, 26, 30.

31, 32. 7210, 14. 7315, 21, 7. 74
31. 75 9, 17. 76 26, 10, 11, 21, 296.
77 29, 4. 78 6, 7, 13. 79 22, 26. 80
14, 25. 81 1, 15, 23. 83 15.
11, 18. 86 16, 25, 32, 33,2,14 s, 17 s,
20 s. 87 31, 3, 19, 24, 28. 88 6. 89

84 31,

137

25, 25, 27, 28, 5, 10. 90 16, 17, 20,
22, 31, 1, 13. 92 14, 28, 33, 34, 8s,
16 S, 17 S, 20 S. 93 17,22,27,1. 94 2.
95 23, 27, 18 d. 96 28, 30, 2,13,16,
18, 20. 97 27, 7. 98 9,14, 19, 20, 25.
99 28, 33, 8, 10, 13. 100 18, 20, 20.
101 13,17,18,20, 21,22. 102 30,
2, 7. 103 26104 21.106 15.107
33, 4, 6. 108 20, 25. 1098.

ἕν α 64 21. 105 32. - β 8 23. 13 31.
37 31. 40 5. 43 7. 57 21. 87 21. -
γ 30 29. 87 24. — ὃ 13 27. 32 26.
64 24. 72 30. 81 15. 108 19. - ε
38 26. 6134. - ζ 8 3. 16 8. 2418.
29 1. 103 28. - η 30 24. 44 30.-
θ 24 9.

ἔνι γ 104 18 s.

ἐναγεῖς α 126 23 d, 25 d.

ἐναγῶν α 139 34.

ἐνάγοντος θ 26 6.

ἐναγόντων ζ 61 9. - η 18 21.

ἐνῆγον α 67 30. - β 213. - 6 24
20. - θ’ 78 19.

ἐνῆγε 15 21 10. -— ζ 15 2.

ἐναγωνίσασθαι β ’74 4.

ἐνακοσίων 81217.

ἐνηλλάγησαν α 120 32.

ἐναντίος δ1911.- 9 9017.

ἐναντίον α 122 6. - ε 50 21. — ζ
25 25.

ἐναντίας δ 33 16. 35 27. - η 44 12.

ἐναντίαν α 40 28.

ἐναντίαιν (5 23 9.

ἐναντίοι β 64 20. 77 17. 83 20. - γ
75 20. - δ 104 22. 131 18. - ε
36 12. 67 14. - θ 90 14. 92 28 S.
104 15.

ἐναντίαι α 93 10.

ἐναντία α 29 22. 32 2. -- β 43 4. -
y 53 2. 55 5. 67 20. - ὃ 62 8.130
34. - ε 38 35. - ζ 32 27.

ἐναντίων α 120 18. 144 15. —· β 39
20. 42 3. 62 34. 89 23. - y 78 33.
82 21, 200. 83 21. 107 9. 108 21.
-- δ 94 28. 115 13. 12514. 126 22.
-·- ε 913.1110. 7133,4. - ζ 10 7.
1119. 69 4. 72 35. - η112. 34
12. 43 16, 20 S. 52 31. - θ 10618.

ἐναντίοις α 34 7. 49 24. 85 23. —

