1 6 ἑαλωκυίᾳ - ἀλλὰ

ἑαλωκυῖα y 29 13.

ἑαλωκυῖαν ε 3 19.

ἑαλωκότων ὃ 68 5.

ἑάλω β 31 2. — y 3410. 114 4. —
η 2411. 4133.- 3 23 9,10.

ἑάλωσαν α 128 29. - δ 48 25. 57 4.
- η 34 7. 71 11.

ἁλῷ δ 46 15.

ἁλῶναι δ 100 16.

ἁλόντος η 23 20.

ἀλιτήριοι α 126 23d.

Ἀλκαῖος ε 1911.

Ἀλκαίου ε 25 4.

Ἀλκαμένει θ 11 12.

Ἀλκαμένη θ 5 28, 2.

Ἀλκαμένην 9 8 17. 10 17, 32.

άλκή ά 8ο 23.

άλκὴ y 30 22.

άλκῆς β 87 27.

άλκῇ ζ 34 18 d.

ἀλκήν ὃ 32 9.

άλκὴν β 84 10. - y 108 24.

Ἀλκιβιάδης ε 43 28. 45 34. 52 27.
55 11. 76 11. 84 16. - ζ 15 3.19
34. 48 1. 50 35. 61 9s. 74 21. 88
35s,11d. 93 27. - η 18 24. — 3
6 10. 12 20. 14 9. 17 32, 4. 26 18.
45 19. 47 24. 48 26. 50 34, 12. 51 5.
52 9, 21. 56 34, 6, 11. 81 10, 20.
85 11. 86 31, 18 s. 88 4. 108 13.

Ἀλκιβιάδου ε 45 11. 46 12. 56 23.
61 34. — ζ 50 35. 51 24. 61 9, 23.
— 6 6 13. 14 18. 26 16. 47 32. 48
18, 24, 20 d. 49 25. 50 28. 51 27, 2.
5217. 53 30. 56 20. 70 4. 83 16.
85 1. 86 17. 87 32. 89 17, 10.

Ἀλκιβιάδῃ ε 53 8. - ζ 28 29. - 8
46 15. 48 8. 50 25. 65 17. 81 5.
82 13. 90 16.

Ἀλκιβιάδην ε 45 31. - ζ 8 5. 28 27.
29 18. 53 14. 61 27, 7. 88 7d. —
9 11 14. 50 4. 53 27, 15. 54 24, 29.
63 9. 65 15. 68 25. 76 25 d. 81 3, 7.
83 22. 89 29. 97 5.

Ἀλκίδας y 33 22. 6913. 76 5. 92 20.

Ἆλκίδου y 80 18.

Ἀλκίδα γ 69 6. 79 7.

Ἀλκίδαυ y 16 15. 26 34. 31 32.

Ἀλκίδα γ 30 16

Ἀλκιυάδας ε 24 26.

Ἀλκινίδας ε 19 15.

Ἀλκίνου y 70 29.

Ἀλκισθένους y 91 12. - δ 66 24.

- η 16 28.

Ἀλκίφρων ε 59 24.

Ἀλκμαίωνα β 102 11 (1.

Ἀλκμαιωνιδῶν ζ 59 8.

άλλά α 162 14.

άλλὰ ά 2 16. 3 19,1. 10 3. 11 13, 20,

23. 20 18. 24 31. 26 9. 30 25. 35 21,
31. 39 30, 1, 2. 40 19. 49 20, 7.
51 3. 68 14. 69 33, 4, 11. 73 7.
7427. 77 8. 80 33, 1. 82 20, 27.
83 14. 85 16. 864,6‚10. 8715.
90 29, 15, 18. 9221. 9311. 12021.
123 14. 124 30. 126 4129 25. 130
31. 131 15. 133 8139 18. 142 11.
143 7. 144 34, 3.
β 5 5. 11 9, 19, 30. 13 18. 17 19.
40 10, 17, 25. 41 13. 43 19, 32. 44
30. 51 10. 52 3. 54 11. 62 31. 63 9.
65 31d. 83 1. 84 25. 97 26. 100 2.
y 13 22. 24 2. 20 11. 21 25. 27 14.
31 5. 32 19. 36 10. 39 23. 42 34,
36. 44 26, 5. 46 27. 5311. 82 17 d.
112 26. 113 21, 24.
δ 9 33. 11 30. 22 28. 26 25. 36 14.
40 34. 41 18. 61 22, 29. 63 3. 65 7.
68 3. 73 10. 76 26. 85 11. 86 27. 3
92 8. 96 18, 98 21. 100 15. 102 11. 1‘
114 1. 123 27. 124 29. 126 25, 28.

ε 8 21. 9 6s. 10 33. 35 25. 42 10. ³
43 31. 45 10. 48 22. 50 7. 59 11. 11
60 15. 64 20. 65 16. 72 19, 24. 80
12. 84 28. 85 7. 90 4. 9919. 108 17.
112 36.

ζ 8 16. 9 31.1120.16 2. 17 9. 18 35.
21 29. 23 26. 27 16. 31 10. 32 24.
33 33, 13. 38 36, 17, 18, 26. 39 1.
53 22. 55 10. 60 21. 69 27. 76 23, 3.
77 16. 7810. 87 27. 89 4. 91 5.
95 10.

η 25 21. 28 16. 29 6. 32 9. 36 16. 44
30 d. 49 21. 50 26. 56 22, 1, 2. 57
13 s. 63 12. 70 6. 73 13, 2. 75 28.
80 15,18. 8119. 83 33. 8416. 8633.

31 26. 8 13. 9 32. 11 19. 23 11. 27
2, 4, 16. 38 5. 51 5, 8. 66 29. 68 7.

· am-.- 1 2

