σφᾶς - ἔσωσε

56 26, 3. 57 26 S. 59 5. 67 29. 69 2.
72 35. 84 14, 25. 86 35. — θ 1 19.
14 24. 21 6. 31 17. 38 4. 40 24. 48
23, 7d. 63 8, 16. 65 11. 71 21. 73
28. 75 20. 76 30, 5. 88 12. 96 1.
98 16. 106 29.

σφᾶς α 24 31. 25 11. 26 7. 27 24. 29
30. 33 26. 37 24. 39 3. 48 35. 52
31. 54 19, 29. 58 21. 62 16. 79 10.
911, 7.132 17. —- β 4 25, 88. 12
17. 49 2, 23 d. 51 14. 5917. 65 10.
67 11. 76 5. 8811. 919. 9416.
101 20, 26. - y 3 33. 20 7. 24 34.
67 26. 74 37. 77 12. 78 32. 82 18 d.
83 25. 92 2. 1117. - δ 5 28. 2113.
26 16. 28 14. 30 7. 36 35. 37 24.
38 36, 6. 48 9,16‚ 21. 51 23. 55 20.
60 10. 65 29. 68 34. 70 33. 79 17.
80 30. 98 35. 105 6. 108 2. 123 36.
— ε 29 14, 27. 33 21. 49 35. 50 5.
58 1. 65 32. 82 21, 23. 98 14. 9922.
105 23,1. 11232.-ζ 178. 3127.
42 14. 4925. 5633. 576. 611. 63
11. 70 22. 72 35. 96 14,17, 19. 99
22. 102 31. - η 419. 613. 8 l.
18 27. 2120. 42 35, 3. 4412. 4811.
71 26, 16 d. 75 2. 82 9, 15. 83 23.
— θ 2 7, 9. 15 29. 20 32. 23 16.
25 31. 28 4. 32 8. 48 6d. 53 8. 72
14. 73 2. 77 1. 78 8. 86 33, 12. 92
18 s. 103 22. 106 16. 108 4.

σφενδονώντων β 81 18 s.

σφενδόναις δ 32 8.

σφενδονῆται ζ 69 33.

σφενδονητῶν ζ 25 35.

σφενδονήταις ζ 43 30.

σφενδονήτας ὁ 100 34. — ζ 22 12. -
η 31 1. 42 11.

σφέτερον β 12 31. — ζ 11 23. 36 5.
— η 18 30.

σφετέρου α 5 14. - δ 98 8. — η 3810.

σφετέρας β 3 6. 43 25. 83 4. 85 30.
-— δ 1131. 3719. 92 35. —- 847 9.
-ζ 30 33. 8410. 99 23. - η 12
28. — θ 74 32.

σφετέρῳ ε 46 21. — η 79 27. - θ
25 19.

σφετέρᾳ δ 33 19. — ε 10 3. 60 21.
— η 25 31d.

409

σφετέραν α 72 32. — β 71 3. 89 1.
-y6712.— 698111- ζ 46.
118. - η 8 31. 17 17. 56 5.

σφέτεραι α 50 33.

σφέτερα β 12 23. 20 8. — γ 68 20.
-—- δ 76 20. 97 30. 99 24. 114 25.
- ζ 38 1. 91 22.—77 314. 2526.
48 10 S. 75 18.

σφετέρων β 20 13. - y 95 13. 107 2.
— ὁ 6614. 8314. — ε 115 23. -
ζ81. 1614. 5435. 711— η1
3, 13. 23 l. 48 16, 3. - θ 107 8.

σφετέροις γ 90 31. -- ε 64 11. — η
69 30. - θ 86 27. 96 12.

σφετέραις ζ 104 14. — θ 27 30.

σφετέρους α 15 2. 34 30. 41 14. 43 1.
5021. 97 3. — y1811.— ε 5818.
73 23. 80 19. - ζ 30 29. 61 33.
72 19. -— η 4 9. 39 23. 7124.

σφόδρα y 46 27, 27. —— ζ 92 17. —
θ 109 10.

σφοδρὸν α 103 3.

σφοῖσιν γ 104 3.

σφραγῖδα α12913. 132 24d.

σχεδιῶνζ 218.

σχεδὸν γ 68 29. - ε 66 2. — η
33 22.

σχετλιασμὸν θ 53 2.

σχῆμα θ 89 3.

σχήματι ζ 89 36.

σχολάζουσιν δ 415.

σχολαῖοι γ 29 8.

σχολαιότης β 18 7.

σχολαίτερον α 84 22. - β 75 31.
-δ474.-η1517.8112.

σχολὴ ε 10 26.

σχολῇ α 142 22. - γ 46 13. 78 32.
— 9 95 7.

σχολὴν ε 29 15.

σώζουσιν ζ 38 1.

σώζοι ζ 78 12.

σώζειν α 70 4. 91 6. — β 4ο 27. —-

δ 10 10. 61 18. — ζ 9 34. 40 21.
-- θ’ 76 22 d.

σωζοὺσῃ ε 112 37.

σώζουσαν ε 69 22.

σώσει α 137 12.

ἔσωσας α 129 19.

ἔσωσε α 74 7.

