300

ζ

⁷]

35 28, 28. 37 1, 15, 19, 20. 38 37.
39 28. 41 1. 43 10. 46 20. 47 28 6,
3s. 50 3. 51 11. 52 24. 5418. 55 2,
8. 56 26. 57 2, 3. 59 11. 60 1, 26.
62 22. 64 15. 65 3. 66 1. 68 28. 70
28. 71 30, 31, 34. 74 34. 76 35. 80
5, 7 9. 822. 8334, 35. 84 18. 8611.
89 31. 90 4 93 22. 102 33. 105 2,
5,5. 10819 1118,9,10,24. 113
8,9. 116 2.

2 28, 9, 24, 26, 28 6, 28 6, 31 d, 33 6.
49. 529. 63. 89. 929. 1011.
1113,14 127,77.1321.151‚5‚
8,17.16 33, ,‚7 15,16,17. 17 32,
32, 3, 13. 186. 2023, 24. 22 14, 18,
22. 23 27. 27 15. 28 26, 35. 291, 3.
30 31. 31 35, 22, 3s, 7s. 32 23, 25,
26, 28. 33 32, 25. 34 31s, 7d. 36
19. 381, 15, 20, 21, 21. 3929. 41
24, 26, 2. 44 34, 19. 45 29, 29. 46
4, 9, 14, 23, 24. 47 37. 50 5, 9, 20.
51 28. 52 7. 53 20. 5418,19. 55 16.
56 24, 26, 29. 57 2. 58 23. 59 31.
60 25. 61 12. 62 16, 18, 18, 18, 29.
64 34. 65 9, 16,22. 66 1. 69 32, 35.
70 18. 71 5, 6. 72 36. 74 28. 75 2.
78 2, 14. 80 6. 82 4, 15. 83 32, 34.
84 7, 11, 15. 86 16. 87 32. 88 36,
2, 4, 25 s, 6d. 89 14, 22, 31, 33,34.
90 8, 14, 26. 91 29, 13, 22, 25, 26,
26, 27, 31 d. 9218,19. 97 21. 9929.
103 21. 104 22.

2 7. 3 12, 14, 26. 4 22, 25, 25, 26.
6 9. 8 5,10. 11 23, 27, 1. 12 23.
13 32, 33. 14 25, 31, 32. 15 15, 16,
18, 18. 17 7. 19 23. 23 18,21‚25‚ 1.
24 6,8, 11. 25 30. 2612. 27 4. 29 4.
30 20, 22, 23, 2. 31 17, 29. 3616,
21. 37 26. 38 7 40 7, 23. 42 20.
431. 446. 4622, 22. 489, 14, 20,
27, 6, 6, 9s, 10s. 4914, 16, 24. 50
25. 51 10, 19. 52 285515. 56 24.
60 17, 20, 20, 6. 62 6. 63 17. 6632.
67 20. 68 20. 70 12, 266, 26 6. 71
14 6. 73 15, 28. 74 9. 75 10, 10,17.
77 3. 78 14. 81 21. 83 30, 3. 84 22.
86 18, 27, 27. 87 1.

θ127.210,16. 421. 69 11. 7 31.

8 8. 9 29,1, 6. 10 11, 13, 25. 1115.

τὰ - τῶν

14 19. 21 7. 23 17. 24 12, 25, 27.
25 29. 26 15, 18, 21. 27 24. 28 25.
31 12,15‚25,25. 33 25. 36 32, 33,1.
38 13. 40 19. 41 4. 42 20. 43 3, 6,
16, 21. 44 3, 16. 45 26, 33, 18 s. 46
29, 20 6. 47 32. 48 13, 24, 15 d. 50
34, 7. 51 6. 55 21. 56 35. 5820, 27.
63 28, 13, 13. 64 21, 23. 65 12. 66
29. 68 20,29. 6918. 70 4. 7120,25.
72 11. 73 16. 74 20, 26, 28. 75 7,
9, 17, 18. 76 3,10. 77 2. 78 9. 81 3.
82 28, 6. 8418. 85 33, 3. 87 10. 89
17, 23, 8, 10. 90 20, 28, 28. 91 2, 7.
92 11, 24, 10 s, 20 s. 93 20, 22. 94
17. 95 25 d. 96 26, 15. 97 29. 10126.
102 2. 104 21. 106 15, 17, 23, 30.
τῶν α 1 1, 4, 9. 2 27. 3 16, 16, 22,
28, 36. 4 5, 6. 5 10, 13, 19, 20, 21.
6 33, 2, 4. 7 19, 26. 8 30, 32, 32,34‚
3, 5, 8, 8. 9 12, 16, 27, 27, 29, 30,
33, 4. 10 8, 15, 17, 24, 25, 26, 36, 1.
11 24. 12 29, 10. 13 11, 14, 27, 28,
29, 9. 14 12, 14, 16. 15 28. 16 12.
18 28, 30, 4, 10, 11, 20, 21, 23. 19
30. 20 3, 7, 10. 21 22, 29, 31, 33.
22 36, 3, 5, 6, 8, 11, 14, 15. 23 19.
24 18, 21, 23, 27, 32. 25 15, 18,23.
26 32, 5, 10. 27 23. 28 10. 29 23,
33, 2. 30 17, 22. 33 6, 27. 35 10,13,
15. 36 5. 39 7. 40 13, 28, 1. 41 14.
44 12. 45 29, 2. 47 26, 30. 48 34, 3,
8, 9. 49 12, 17, 20, 26, 26, 1. 50 10,
18, 21, 23, 27, 32. 51 12,13. 52 19,
24, 27. 53 7,14. 54 15, 33. 55 6,11,
12. 56 18. 57 8, 12, 13. 58 21. 59
32, 7. 60 9, 12. 61 19, 34. 62 9, 18,
19,27, 29,29,30. 63 11, 16. 65 4, 7.
67 27, 32, 3. 68 14, 15. 69 12. 70
31, 9, 13, 25. 71 33, 9, 17, 18. 72
25, 27, 28, 35. 73 9, 17. 74 1,9‚11‚
13, 18. 75 34, 10. 76 19. 78 31, 32.
79 7, 9, 11, 11. 80 2. 82 5, 10. 83
17, 18. 84 27, 33, 3, 4. 85 24. 86 26.
87 13, 30. 88 34. 89 8, 9, 14, 23.
90 26, 29, 2, 19. 91 24. 93 15, 16.
94 28, 30. 95 7, 8, 11, 12. 96 25,26,
31. 97 34, 7, 12. 98 17, 22. 99 23,
23, 31, 33. 100 3, 8, 12, 14,16. 101
21, 23, 24, 25. 102 8,10,11. 103 30.

