426

τοσοῦτον α 9 13. 10 10. 11 8. 44 22.
88 34. 127 2. —-— β 65 29d, 105.
87 22. 88 15. - γ 49 3, 6. 52 20.
-δ624, 10828. — ,59528-
ζ 37 24, 27. - η 2 8.12 22. 28 2.
29 33. 59 7. - θ 1 20. 33 22. 45
32. 76 28 d.

τοσοῦτόν (acc.) ζ 72 25.

τοσούτου α 90 10. — β 29 24. 75 13.

τοσαύτης β 48 11. 98 9. - γ 94 22.

τοσούτῳ β 85 28. - δ 92 15. - ε
1117.-ζ 299. 37 35. 64 19. 78 30.
-- θ 84 3.

τοσαύτῃ ζ 48 1.

τοσαύτην β 11 7 d.- ε 100 24.— ζ 37 28.

τοσοῦτοι β 13 8d. 78 1. - y 98 2.
-61108.-85710.-ζ178.

τοσαῦται y 17 32. -— ζ 36 15.

τοσαῦτα α 129 7. - β 12 14. 68 21.
72 15, 27. 75 9.- y 31 31. 5214.
62 27. 104195. -—— δ 11 12. 21 3.
883. 9830. — 81010. 2631. 3019.
113 6. — ζ 69. 1023. 246. 3523.
413. 9327. -η1620, 4913. 65
21.81 20.-9451351510.

τοσαύταις θ 80 17.

τοσούτους ε 63 27. - θ 92 1311.

τοσαύτας 9 41 31.

τότε α 913.10 8. 39 33, 4, 6. 49 6.
51 7. 58 23. 75 30. 76 12. 77 20.
85 25. 86 30, 32. 92 22. 95 23. 96
29. 100 13. 101 25. 107 3. 115 20.
118 9. 119 25. 126 12. 128 29. 130
30. 132 6. 133 28. 134 10. 137 30.
138 26. - β 2 27. 8 18. 13 26. 29
20. 5531. 564. 6511 S. 683. 7110.
72 19. 84 31, 6. 87 29. 8819. - y
19 20. 36 31. 40 4. 41 8. 54 23. 56
23, 27. 57 18, 22. 62 10. 64 14, 19.
68 32. 69 1. 87 23. 89 11. 100 23.
104 19, 28, 24 5. - δ 12 15. 13 29.
16 19. 21 18. 30 32. 46 8. 56 33.
6715. 7817,26. 8011. 8124. 8230.
92 26. 94 26. 101 29. 103 4. 10817.
123 26. 127 28. 132 31, 31. — ε 4
13. 5 l. 6 5. 10 17, 36. 16 2, 5, 25.
17 13. 43 29,7. 51 15. 58 17. 63 34.
67 5. 68 30. 71 5. 72 26. 75 16.—-
ζ 2 7, 14. 15 20. 44 4. 46 6, 22.

τοσοῦτον - τριῶν

60 16, 26. 6126. 7425. 89 23. 105 7.
—- η 4 27. 8 33. 18 9. 27 6. 2810.
29 11. 31 5,16. 32 3. 48 23. 57 18,
185, 27 5, 2d. 59 1. 71 10, 22 d. 81
13, 23. -- 91 9,21. 9 29. 2019.
23 8. 2416. 32 33. 40 25. 50 33.
6117. 7032. 7318. 8615,31,2,
205. 9016. 92 20. 96 28. 97 26.
99 29. 103 26.

τότ’ ζ88365.-θ319.

τοῦμπαλιν y 22 23.

τούναντίονα4ο23. 12919. 12426.
-« β 17 17. 65 8. 97 27. — y 58 7.
-68627 — ζ2411. 6810.-
η 80 16. 87 12. - θ 46 7.

τοῦνομα α 318. -- ζ 2 21. 4 3
54 24. —- θ 6 12.

τούπίγραμμα ζ 54 28.

τούπίσω δ 4 21.

τοῦσχατον y 4612. — δ 3119.

Τραγία α 116 1.

τράπεζάν α 130 1.

τραυμάτων η 8716.

τραύμασι η 82 6.

τραυματίας θ 27 9.

τραυματίαι η 75 32.

τραυματίσαντες δ 14 21.

τραυματιζόμενος δ 129 9.

τραυματιζομένων δ 35 17.

τραυματισθεὶς ὃ 12 3.

Τραχῖνι y 100 22. —— δ 7812. —-
ε 12 19. 51 10.

Τραχίνιοι y 92 35, 35.

Τραχινίοις y 92 8.

Τραχινίαις y 92 33.

τραχέων δ 33 25.

τρεῖς α 93 4. - β 1313d. 94 25.
— y 66 32. 76 4. 79 3. 9219. --
ὃ 110 2. 124 23. - ε 471811.-
ζ 42 14. 46 33. 73 12. 103 25. 104
15. - η 231. 24 15. 34 32. 42 8.
-371.239.2924. 343391.
42 28. 67 5. 73 14. 74 23. 101 15.

τρία α 3615. 48 3. 74 2. —- β 65 45.
8121. —— y 92 34. —- ζ 429. 597.
— η 4 24. 24 7. 43 2. —329-25.

τριῶν α 48 32, 4. 8230. 112 22. 122 3.
- β 93 8. 9719. - η 2334. 28 4.
- θ 16 19.

