παραστησώμεθα - πάντα

1παραστησώμεθα α 124 6.

παραστήσασθαι α 29 4. -- δ 79 23.

Παρνασσόν γ 95 4.

Πάρνηθος β 23 33.

Πάρνηθα δ 96 5.

πάροδος 610812.

παρόδου y 92 13. — δ 82 32.

παρόδῳ α 126 2211. — ε 4 23. - η 2 30.

πάροδον y 21 24.

παροικοῦσιν (part.) ζ 82 3.

παροικῶσιν y 93 32.

παροικοῦντες α 71 4.

παροίκησιν δ 9216.

παρῳκοδόμουν β 7514.

παρῳκοδομήκασιν η 11 5.

παροικοδομήσαντες η 6 10.

παροικοδομούμενον η 6 28.

πάροικοι y1131.

παρόμοιος α 80 23.

παρόμοιον α 132 10.

παροξύνῃ α 84 29.

παρώξυνὲ ζ 88 116.

παροξῦναι α 67 6.-

παροξυνομένους ε 99 21.

παρωξύνετο ζ 56 24.

παρώρυσσονζ 10132.

παρουσίας ζ 86 13.

παρουσίᾳ α 128 26.

παρουσίαν δ 126 25.

παροχῇ ζ 85 24.

Παρρασικῇ ε 33 23.

Παρρασίων ε 33 25.

Παρρασίοις ε 33 28.

Παρρασίους ε 33 19, 29.

πᾶςα496.-β831.-γ1316.
93 35. - ζ 8710. —- η 7013. 8417.
- θ 94 5.

πᾶσα α 6 29. 34 31. 132 25. 143 18.
- β 821.1113. 43 31. - y 744.
83 12. 104 20. — ὃ 8 8. 43 18. 53
23.-ε4037.--ζ446. 912.
100 21. -- η 2911. 33 23. 85 8. —
θ w 26. 96 16.

πᾶσά y 81 8. 98 33.

πᾶν α 70 2. 126 10. 132 14. —- β 10
33. 513. 78 25. 98 21. — y 82 15, 6.
102 29. — δ 35 24. 43 22. 55 31.
59 20. 77 6. 85 8. 94 24. 98 11.
10313. 12612. 12913. —- ε 10 22d.

347

35 12. 66 3. 68 1. 100 27. -. ζ 49
17. 75 35. 89 28. 9622. — η 4412.
75 7. 79 5. — 3 50 23. 76 2. 93 30.

παντός α 73 21. - β 49 7.- y581.
— ε 30 36.

παντὸς α 32 33. 38 13. 62 8. 72 30.
73 13. 76 13. 84 24. 85 13. 128 25.
- β 11 166. 16 5. 2413. 3411.
4915. 5111. 6215. - y 40 33.
57 13. 93 33. 107 1. 108 1. — 6
61 30. 96 2. 119 23. — ε 261. 69
10. 105 26. — ζ, 26 4. 4010. 9213.
103 18. — η 6 31. 43 20 s. 61 18.
70 31. — 9 15 31. 45 6. 62 25. 69
28. 79 31. 93 32.

πάσης α 16 6. 14 26. 123 16. - β
38 16. 9719. — y 63 29.— ζ612.
18 12. 22 19. 34 22. — η 27 32. —
9 2 27.

παντί β 21 3.—y 45 26.-64 22. 2615.

παντὶ α 9 3. 20 2. 3315. 86 4. 144 3.
- β 5834. — y 821s.— 61134.
48 19. 72 30. 90 2. 108 5. 129 11.
- ε 2313. 7316. — ζ 34176.
47 27. 6215. 87 9. 97 33.— η 55 8.
7013s. — 9 90 29. 166 11.

πάσῃ α 1 6111311816- 65111.
72 32. — y 416. — δ 1123. 57 27.
59 19. - ζ 37 36. 45 26. 47 26. 51
33. 88 30 s. 94 27. — η 29 15. 68
20, 25. 79 32.

πάντα α 12 16. 23 2. 31 27. 33 16.
70 24. 96 15. 93 34. 110 28. 127 7.
133 2. — β 7 7.827.1711. 1811.
36 24. 38 16. 41 19. 47 31. 49 19.
51 10. 5613. 59 22. 64 34. 65 32, 8.
- y 53 9102 4. — δ 29 36,16.
60 10. 81 16, 28. 97 25. 112 4.133
20. — ε 6 17. 26 25. 46 34, 6. 54
24. 66 32. 72 25. —- ζ 23 31. 2611.
31 37 d,3s. 32 8. 33 22. 3717. 444.
49 21. 53 31. 57 7. 66 17. 68 3. 73
10. 90 14. — η 27 14. 28 8. 35 25.
36 7 d. 44 28,7. 47 26. 58 27. 60 25.
62 28. 65 29. 66 9. 69 2. 71 2. 73
23. 74 9. 75 16. 79 27. 87 13, 30.
- 3 1 11, 22, 32. 23 17. 28 6. 41
29. 74 28. 75 18. 76 1. 82 29, 9.
95 25. 99 1.

