‘tou

63 1. 6427. 65 9. 66 5, 9. 67 17,20.
70 17. 72 3. 74 30. 76 35. 77 23.
78 32, 18. 79 29. 82 35, 15. 87 18,
19. 88 22 5. 89 24, 30, 36. 90 25.
91 27. 93 31. 94 15, 18. 95 3. 96
12, 23. 97 8, 11. 99 10, 12, 21, 24,
25. 100 32, 3, 12, 14. 101 25, 26,28,
29, 31, 5, 19, 20, 20, 265. 102 2.
103 18, 18, 19, 19. 104 16, 17, 24.
105 29, 11, 12.

η 1 16, 29, 8, 11. 2 23, 5. 3 10. 4 6,
16, 20, 5, 9. 6 29. 7 18, 22. 8 4.
9 16. 10 18, 19. 11 2, 5. 13 14. 16
20. 19 20, 7, 15. 20 22, 33, 1. 21
5, 10, 12, 26, 27. 22 1, 2, 10,11,11.
23 20, 28, 3. 24 17. 25 29 6. 2613.
27 24,9. 28 20, 23, 27, 3, 9, 14. 29 1,
2, 9. 30 23. 31 16. 32 3, 15. 33 1.
34 21, 25, 29, 4, 176, 19 d. 35 30.
36 5, 2, 9 d, 116,126, 126. 3719,21,
27. 38 10. 39 18, 19, 23. 42 14, 15,
33, 2, 136. 43 14,16,10, 155, 205.
44 33, 33, 4, 14, 286. 47 29, 2. 49
19, 3. 508, 12, 15, 31. 522. 537,
15, 29 5567. 5621, 6,,88. 57
155. 58 13. 60 24. 61 18, 24. 62 25.
63 13. 66 10, 14. 68 13, 24, 27. 69
10, 21, 22. 70 30, 31,12. 71 17, 20,
15 6. 73 21. 74 15, 17. 75 24, 28,
14, 25 5, 27 5, 33 5. 77 18, 25. 78 24,
26. 79 18, 21, 25, 30. 81 11. 84 13,
15, 22. 85 31, 32, 32, 6. 86 23.
31 4. 2 4, 8, 21, 23. 3 31, 12. 4 17.
5 24. 6 4, 5, 24. 7 29. 8 7, 24. 11
11,17. 12 32. 14 10, 18. 15 31. 17
11.18 29. 20 27. 211, 10. 2211.
24 30, 26. 257, 33. 266, 17. 2914,
18, 21, 23, 26, 27. 30 29. 33 17. 34
31. 3510, 26. 361. 379. 385. 39
19, 20, 33, 8. 40 22. 42 20, 22, 22,
23, 24. 43 13. 45 31, 6, 8. 46 20 d.
47 29. 48 21, 23, 24, 29, 136. 49
25, 26. 50 28, 3. 51 27, 1, 2. 5216,
17. 53 23. 54 19, 24. 56 20. 58 26.
60 7. 61 25. 6211,25. 63 3,13.
65 13, 20. 66 27, 11. 67 2. 68 10,
21, 30, 7. 69 26, 28. 70 3, 4. 72 15.
73 20,32. 75 9. 76 8,12.·77 2. 78 9.
79 31, 33, 7. 80 29, 34. 82 7. 8412.

'—.·t⁷”13 285

85 29, 2, 4, 12. 86 16, 3, 28 5. 87 30.
89 17, 22, 32, 3, 10,13. 90 31, 4,
7, 8. 91 30, 4. 92 15, 18, 19, 18 5,
21s, 215, 46. 93 32. 94 14, 17. 95
23, 29,7,13. 96 30. 99 27. 100 1, 7.
101 27. 102 9, 14. 104 12, 20, 20.
105 26, 28, 1. 106 16. 107 2. 108
27, 28. 109 14.

τῶ ε 77 26.

τῆς α 2 18, 23, 27, 2, 10, 15 6. 3 29.
4 4, 8. 5 25, 28. 6 33. 7 22. 9 17,
19. 10 12, 13, 16, 19, 22, 22, 6. 11
8, 14, 14, 25. 12 9. 13 11, 16, 19,
29, 6. 14 20. 15 3, 6. 18 26, 5. 19
34. 20 21. 22 4. 2419,24,24. 25 23.
27 16, 21. 29 27. 30 8, 11, 12, 14,
17,21, 22. 31 31. 32 17,17, 30. 334.
3514,15,16,22,23,30. 36 5, 9.
39 34, 5, 6, 7. 41 18. 42 27. 44 25.
46 14, 16, 17, 22. 49 2. 50 9,15, 24.
52 22.· 54 20. 55 10. 56 20. 57 3.
58 28, 29. 60 8. 61 30. 62 7, 8. 63
31, 33, 4, 6. 64 31. 6511. 67 23,4.
68 8. 69 1. 70 8, 8, 16. 719,10.
73 33. 74 21, 22. 75 30. 81 12. 83
19. 84 33. 85 18. 86 8. 87 29. 88 3.
89 5, 17. 90 32. 92 24. 93 33, 2, 6,
19, 20,21. 97 11,11. 99 34. 10015.
102 6. 103 1. 104 6, 13. 105 29, 1.
106 15,21. 107 35. 10816,23,24,2.
109 5, 15, 19. 110 22, 28, 29. 111
8, 9, 19. 112 30. 113 7, 13,15. 114
29 30. 11511. 11611. 117 15,16.
118 34, 1, 8. 119 20. 12013,14.
12128. 12316. 1241. 126 23, 3, 236.
12815,17,17,23,35. 130 33.132 246.
1331,8. 13416. 136 22,1. 13713,29.
138 2, 3, 23. 139 33, 35, 7, 7, 7.
140 22, 22, 29, 15. 142 28, 34. 143
20, 30, 1.

β 2 3. 3 6, 7. 4 16, 29. 511,12,15,
21, 1, 6, 8. 7 4. 8 2.101.1112.
13 11,21,25,29,1d. 15 18, 19. 16 5.
17 10, 11, 16, 20. 18 31, 34, 14. 19
27. 20 7, 14. 21 21, 26. 22 14, 15,
28. 25 27, 5, 6, 7. 26 21. 27 35. 29
15, 18, 19, 24. 31 24, 27, 32. 32 7,
10. 33 15, 17, 18. 34 4,8. 35 26, 4.
36 7. 38 16. 40 30. 41 32, 4. 42 20,

