γαλήνῃ - γὰρ 7 5

Γ.

γαλήνῃ «5 2611.

Γαληψὸς δ 107 5.

Γαληψὸν ε 6 8.

ἐγεγαμήκει α 126 25.

γῆμαι α 128 3. -— ζ 55 5.

γαμικῶν β 15 28. — ζ 6 17.

γάρ α 18 32. 40 20. 115 17. 141 28.
-β 44 21. 518.—y 2216. 24 9.

, 39 26. 93 35. —- δ 31 21. 83 5. 89
24. 130 20. —- ε 8 21. 59 18. 66 2.
90 2. - ζ3130. 37 31. 61 15. 92 4.
103 34. - η 4 6. 12 16. 33 22. 48
19. 50 3. 73 33. 77 22. —— θ 11 12.
43 11. 86 23. 90 4.

γὰρ α 1 8, 10. 2 15, 18, 3, 10. 3 16,
27. 4 3. 5 9. 6 29. 7 26. 8 29, 31,
2, 8. 9 34. 1911, 29, 35. 11 8,11.
12 29, 32. 13 26, 31. 14 12, 19, 21.
15 32, 4. 17 22. 18 29, 17, 17. 20 2.
23 24, 2, 8. 25 16, 26. 26 4. 29 35.
31 33. 32 21. 34 33, 2, 6. 35 10, 19.
36 10. 40 12, 19, 27, 31. 41 7, 15.
42 22, 28, 31. 44 15, 20. 47 31. 49
16, 27. 50 14, 17. 51 4, 8, 16. 53 2.
5618. 57 29, 9. 60 16. 62 9. 64 21.
66 22, 68 12, 26. 69 34 3, 5,1ο,15,
27. 70 12, 21. 71 18, 21. 72 26. 73
10, 20, 25, 32. 74 18. 75 31, 8. 77
32, 3, 13, 17, 22. 78 28. 80 22. 81
9, 13. 82 1, 5, 8. 83 13. 84 22, 25.
85 22. 86 27, 35. 87 13. 89 3, 20.
91 32, 1, 9, 15. 92 20. 93 29, 33, 6,
10, 14, 18. 95 7. 96 28, 30. 99 25,
31. 102 5, 7. 104 9. 105 6. 107 2.
109 5. 111 10. 115 7. 116 30, 11.
120 30, 9, 13, 17, 20. 121 30, 32, 5.
122 16, 4. 123 10, 13, 20. 124 2.
126 2⁴. 127 5. 128 10, 26. 132 28,13.
135 10. 136 27, 137 10, 18. 138 8,
10, 23, 25, 29. 140 30, 1, 6, 14. 141
23, 8, 14. 142 25, 32, 1, 5. 143 28,
30, 31, 3, 5, 8. 144 14, 21, 27. 146
17.

β 2 24, 9. 3 25, 30. 4 18, 28. 5 16,
22, 24. 6 20, 21. 817. 11 13, 21, 27,
1, 12 d. 12 19. 13 27, 8d, 11d, 21 d.

15 34, 16. 17 18, 23. 18 33, 9. 20
33, 5, 8, 12. 29 15, 34. 31 23, 28.
35 25, 26, 30. 36 6, 8, 11. 37 25.
39 29, 29. 40 7, 13, 18, 25. 41 5.
42 24, 29, 31. 43 26, 30, 3, 7. 44
11, 23,28. 45 32, 1, 5. 46 13. 47 27.
48 6. 49 16, 15, 19 d. 50 24, 27. 51
13, 17, 21, 27. 52 1, 7, 14. 53 18.
54 13. 57 27. 58 2. 60 28,31, 34,10.
61 17, 29, 35. 62 13, 32. 63 12, 15.
64 28, 34, 9. 65 35„ 5. 67 19. 70 18.
71 31, 8. 72 17, 31. 74 6. 77 2,11,
15. 81 19 s. 83 35. 84 25. 85 26, 7.
87 10, 26. 88 13. 89 24, 8, 17, 19.
93 30. 94 13, 26. 95 8, 18. 97 17,
27, 31, 33. 98 19. 99 30. 102 14,
17, 27.

y24,7. 314,26. 423.536.99.

10 20, 25, 6. 11 16, 20. 12 9. 13 29,
36, 1, 5, 10. 17 20, 26, 27. 20 28.
22 19. 23 26. 26 8. 3019. 31 1.
32 18. 33 23, 29. 36 7, 15. 37 1, 16.
38 30. 39 9, 17, 21. 40 2, 7,19,30,
3s. 42 23, 28, 30, 36. 43 14,19. 44
25, 27, 2. 45 31. 46 8. 47 31, 5.
48 19, 20. 52 7, 15. 53 33, 4, 7. 54
16, 24. 55 35, 4. 56 13, 18, 23. 57
5, 14. 58 30, 32, 2, 9. 59 6. 62 10.
63 9. 64 21, 32. 65 35, 3, 8. 66 19,
28. 67 12, 21, 24. 69 7. 70 13, 24,
33. 8013. 81 11. 82 28, 3, 1611, 34 d.
83 16, 20. [84 4.] 85 14. 86 29, 6.
87 20. 88 28. 90 34. 91 14. 92 6,11.
93 29. 94 25, 33. 95 13, 18. 96 27.
97 6, 8, 10, 12. 98 20, 26. 101 27,
33. 102 8, 13, 19, 25. 104 17, 31, 8.
107 35, 5. 108 25, 31. 112 27. 113
16 31. 115 33, 35.

14. 217. 334,2.424.68.83,
13, 15. 9 32, 12. 10 22, 27, 32, 1.
11 25. 12 14. 13 24. 14 16. 17 2, 6.
19 11. 20 28, 34. 24 26, 28. 25 3 s.
26 24, 6, 7, 9. 29 5, 9, 12, 13, 18.
31 15. 32 10. 33 16, 19. 34 10. 36

, 12. 38 18. 39 25, 29. 40 32. 41 11.

43 12, 19, 21, 31. 44 34. 46 22. 48

