416

55 11, 15. 56 18, 23, 25, 27,31, 33,
3, 5, 9. 57 10, 30, 9s, 14s, 23s.
58 16, 31. 59 4, 6, 9. 60 14,15,17,
22, 31, 2, 3, 4, 6, 10. 61 11,13,19.
62 9. 63 19, 21, 23, 26, 29. 64 3, 6,
14, 19. 65 26, 30. 66 1, 7. 67 16, 21,
27, 29. 68 10, 24. 69 2, 4, 5, 8, 10,
13. 70 26, 25 d, 27 d, 32 d, 34 d, 25,
55. 71 20, 25, 27, 1, 8, 13, 17 d, 19 d.
72 26. 73 14, 18. 74 12. 75 26, 29,
30, 33, 2, 4, 9, 15,20, 24 5, 29 s, 31 s.
76 5, 5. 77 14, 20, 24, 28, 9 5, 115.
78 19, 23, 28,2,12. 79 2. 80 11, 23,
23, 26, 28, 2, 4. 81 6, 8, 15, 18, 21,
25, 26, 28. 82 6, 12. 83 1, 3. 8410,
13,19,20,22,24, 26, 28. 85 30, 35,2.
86 18, 31. 87 10, 14, 16, 20, 27, 29.
9 1 9, 11,12,14, 18, 20, 29, 32. 219,
24. 3 30, 32, 4, 11. 4 15, 18. 5 2,
21. 6 4,15,18. 9 7. 10 30, 30. 112.
12 22, 24, 27, 28, 31. 14 17, 18,18,
23, 26. 15 31, 2, 8. 16 28. 17 3,11.
19 3. 20 22. 21 6. 22 12,15,18,19.
23 4, 7, 14, 16. 24 32, 4, 9, 22. 25
15, 20, 23, 31. 26 5, 9, 20. 27 29, 9.
28 31, 5, 9. 31 11, 13. 32 29, 1, 5.
33 11. 34 1. 36 34. 381. 39 26. 40
13, 19. 41 30, 2. 42 20, 28. 43 10,
12. 44 29, 4, 5. 45 27,[5],6, 15.
46 22, 3, 5, 17, 21 d. 47 4. 48 8,15,
15, 18, 26, 32, 5, 12 d, 17 d. 49 23,
25. 50 5, 7, 9, 17. 51 32, 34, 3, 13.
53 28, 4, 6, 7, 11, 16, 16. 54 23,24, 1.
55 23. 56 30, 13, 14. 57 24, 26, 2.
58 28. 59 4. 60 9. 61 26, 32. 63 26.
64 31, 1. 65 9, 16,2ο,24, 25. 6630.
67 3. 68 13, 20, 28. 70 29, 32, 8.
71 13, 22, 25, 28, 33. 72 7, 14. 73
20, 22, 27, 30, 31, 2, 5, 7, 9. 74 19,
29. 75 9, 13, 21, 21. 76 22, 29, 5,
7, 10, 25 d, 25 d, 27 d. 78 8, 10, 12,
16. 80 17, 21. 81 2, 9, 12, 14, 16,
17, 23. 82 27, 27, 29, 1, 3, 11. 83
27, 30. 84 16, 19. 85 23, 29, 30, 8.
86 24, 25, 28. 87 31, 29. 89 17, 18,
23,26,30. 90 15,19,21,23, 25, 9, 14.
91 16, 2. 92 9, 11,3ο,165,165, 195,
225, 245, 295, 411. 93 18, 24, 25,26,
33. 94 9. 95 20, 23, 23 d. 96 30, 31,

τε - ἐτείχιζον

[1], 3, 14, 20. 97 24, 2, 6. 99 28, 31,
1. 100 22, 28, 11. 102 1. 103 17, 25.
104 10, 19. 105 23, 28, 2, 4, 5. 106
14, 16, 27. 108 15, 18. 109 10, 15.

τέ α 912.1281.- β 8 27. 39 36.
- γ 16 1. 5427. 82 2211. 9912.—-
δ 56 6. — ε 27 21. 29 20. 30 10.
46 33. 99 20. —- ζ 12 1. 28 23. 31
27. 781. 94 25. 98 8. — η1168.
18 5. 33 34. 57 ssd. 67 23. 70 13.
7511. 811. 8417. —— θ 3 3. 25 25.
65 13. 70 5. 73 24. 76 16. 84 5.

τ’ α 5 23. 58 28. 91 16. 121 31. 143
25. — β 613. 7 9. 29 3. 53 20.
54 6. 6011. 8316. 84 27. — γ 13 6.
28 24. 36 6. 77 9. 82 35. 94 19. -
δ 53 22. 612. 9610. 121 18. 12214.
— ε 927.10 25. 8129. — ζ2ο23.
29 12. 3312. 34 ld. 4916. 59 5, 6.
77 9. 9621. — η 14 26. 2030. 27 3.
34 15 d. 42 21, 28. 43 6. 60 22, 4.
64 7, 9. 70 11. 7114. 7815. 81 12.
— θ 218. 61.1410. 2323. 24 30.
28 3. 46 2. 60 21. 63 4. 64 21. 72
11. 7515. 7630. 8212. 86 3. 89 28.
92 17 S. 99 2.

θ’ ε 7115.-— 9 4812.

Τέγεα ε 64 6.

Τεγέας ε 64 5. 75 11. 78 9.

Τεγέᾳ ε 82 10.

Τέγεαν ε 32 30. 62 16, 20. 6412, 16.
74 36. 76 36.

Τεγεάτης β 67 23.

Τεγεᾶται ὃ 134 30, 36. - ε 32 33.
57 7. 65 4. 67 12. 71 7.

Τεγεατῶν ε 62 21. 73 9.

Τεγεάταις ε 40 8.

Τεγεᾶτιν ε 651.

τέγος δ 48 13.

τειχήρεις β 101 16. —— δ 25 27.

τειχίζει ε 82 21.

τειχίζειν α 64 22. 90 29, 12. - ζ 91
16. - η 18 24. - 9 51 32.

τειχιζόντων ε 83 30.

τειχίζουσι θ 91 27.

τειχίζοντας η 43 24.

ἐτείχιζον δ 9 13. - ε 82 26. - ζ 75
33. 99 9, 22. 101 25. — η 433. 19
24, 31. —- θ 14 24. 38 1. 64 26.

