62

9 1 24. 2 15. 3 29. 5 27, 16. 6 12.
7 32. 8 25. 9 28. 10 32. 11 15. 15
5, 10. 19 15. 21 5. 25 19, 22, 26.
31 15. 35 22, 25. 39 23, 4. 41 14.
43 26. 45 21, 32, 14. 46 21 d. 47
33, 4. 48 18 d. 50 34. 52 16. 60 9.
63 5,12. 64 29. 68 22. 69 24. 70 32.
71 28. 73 29. 74 22, 30. 78 12. 79 6.
81 5. 83 21. 84 31. 85 32. 86 25, 27.
89 4. 91 25. 92 23, 25 s. 95 15, 17.
96 31. 97 29. 98 12. 102 8. 108 32.
αὐτοῖς α 6 1. 7 21. 15 30. 19 29, 33.
20 19. 23 5. 25 7, 26. 27 16, 25.
28 3, 11. 29 18, 29, 34, 3. 31 1.
32 33. 3315,22,29. 37 11. 40 29,2.
41 11. 43 7, 9. 44 17, 21, 26. 45
30, 1. 46 6. 47 27, 31. 50 23, 29.
53 31. 54 30. 55 8. 57 2. 58 22. 68
15. 72 28, 31. 74 14. 77 33. 87 19.
88 2. 89 16. 91 9. 92 23. 95 5. 96
33. 97 3. 98 17. 99 29. 10123. 102
32. 106 21. 107 1, 5, 12. 109 4. 110
32. 111 12. 113 12. 115 27. 116 4.
118 12, 15. 121 12. 122 32. 125 13.
128 13. 131 13. 132 13, 19. 134 1.
135 9. 139 14. 140 13, 18. 141 29, 7.
142 1. 144 25.

ῥ’ 4 9. 513, 31, 2. 6 14, 20. 8 32.
11 9d. 13 21. 1431. 16 5. 2128,1.
23 31. 2415. 3129. 3410,12. 36 6.
40 11. 42 7. 5418. 58 1. 6715. 68
27, 8. 75 26. 76 7. 77 33. 81 32.
84 23. 85 26. 86 17, 26. 88 13, 14,
16, 17. 90 7, 32. 93 1. 102 20.

· 2 7. 326.425.534,36. 616.82.

11 13. 13 30. 16 6, 9. 17 18. 20 35.
22 30. 23 19, 30. 25 26. 26 34, 11.
27 13. 29 16. 31 3. 36 9, 19, 23.
39 3. 45 30. 52 11. 56 33. 61 30.
63 8. 68 9. 70 14. 74 32. 75 34. 77
13. 80 16. 81 12. 82 21. 85 20. 91
17. 92 5, 10, 25. 93 29. 98 19, 27.
101 33. 103 3. 108 22. 1116. 113 9.
115 4.

’13. 414. 8 20d. 13 25. 14 5.15
30, 35. 22 31. 23 12. 25 13, 15. 27
25, 4. 32 6. 33 22. 3412. 361. 38 2.
42 8. 44 9. 46 21. 43 8, 18. 53 20.
54 2. 55 28, 29. 57 20, 23, 31. 62 6.

αὐτοῖς ’

65 4, 10. 67 20. 68 9, 12. 73 6, 13,
18. 75 20. 76 7. 77 2. 78 31. 79 23.
83 10. 92 11. 93 12, 16. 96 24. 100
34. 104 25. 10810,27. 11121.11513.
117 19. 120 30. 121 22. 123 27, 34.
125 12. 126 37, 19 d. 127 24, 31.
128 9. 129 5. 130 2, 11.

1 20. 3 27. 8 32. 9 11. 12 19. 14
16, 18. 15 22. 18 308. 29 10. 30 12,
25. 31 34, 20. 34 31. 37 34, 11, 17.
38 37. 40 6, 13. 42 14. 45 35,1.
48 24. 49 33, 8, 13. 50 27, 3. 52 26.
54 18. 55 8,10. 57 1, 7. 58 17.
59 9, 17. 61 10. 62 21. 63 1. 64 4.
65 29. 66 29. 67 6, 7,14. 69 17,20.
70 28. 73 13. 75 15. 761. 77 5. 79
22. 82 17, 27. 83 31. 112 33. 115 26.
116 2.

ζ 2 13. 4 33, 5. 5 26. 6 35, 7,11. 8, 9.

17 13. 18 4. 26 5. 28 30. 32 28. 33
25. 34 1, 2, 17, 21. 35 30. 44 14.
46 37, 7, 17. 47 31. 50 20. 52 1.
60 17. 63 4. 65 16, 21. 66 30, 11.
67 17, 25. 63 11. 69 22, 12. 72 20,
30, 5. 73 14. 75 11, 15. 77 10, 13.
88 26, 27, 3, 31 s. 96 25. 97 12, 13,
19, 22. 98 24. 99 12, 19. 100 17.
101 27, 34, 15. 103 25, 27, 29, 1.
104 6. 105 1.

1 25, 6. 3 13. 4 25. 6 31, 2. 10 20.
14 27. 15 7. 17 7. 18 20, 4. 19 16.
21 18. 22 3. 25 4, 9, 11. 30 20. 33
18, 27, 3. 34 20, 21, 28, 29. 35 22,
27, 31. 36 22,7d,11d. 3811. 3928.
40 20. 41 33. 43 7, 22 s. 44 4, 15.
47 32. 50 25, 29. 51 18. 55 8, 14.
57 16, 30. 60 30. 62 3. 65 25. 67
29, 4. 69 2. 70 29. 71 32, 6. 7319.
74 7. 75 1d. 79 2. 80 21. 84 25.
86 26. 87 21.

9 1 2. 2 17, 20. 4 16. 5 30,32. 6 10,

16, 17, 20, 22, 23. 8 15, 26. 9 30.
10 13, 17. 11 7, 9. 14 24. 15 8. 16
30. 19 5. 20 24. 23 22. 24 19, 29.
26 4, 20. 35 26. 38 4,10, 15. 3926.
41 3. 42 30, 36. 43 13. 45 17. 46
22, 5. 47 3. 48 23. 49 22. 50 7, 8,
20. 53 27, 6,10. 54 22. 5516. 57 2.
6129, 6. 63 8,16. 6419,32.6511, 21.

