τοῖς — ταῖς 3 Ο 5

41 32. 42 13. 44 24. 46 18. 47 12,
’ 155, 165. 46 24. 51 9. 53 8,11. 54
19. 55 32. 56 25. 58 16, 19, 22, 29,
33, 2. 61 34. 62 17. 64 16, 20. 66
33, 34, 34, 35. 69 13, 17. 71 10,12.
72 27, 1, 2. 73 22. 75 26. 76 12.
77 18, 18, 19, 22, 22, 23, 23, 26, 1,
5, 6. 79 15, 16, 22, 27, 1. 8014.
81 27, 32. 82 4. 8435. 90 7. 91 11.
95 30. 100 26. 103 3, 7. 106 10,11.
109 22, 26. 111 13, 24, 25. 115 29.
116 3, 12.

ζ 2 11. 4 22. 6 13,13, 16, 29, 32, 3.
6 3, 4, 13,18. 9 34. 12 30. 1311,
22. 15 18, 20. 16 25, 35, 1, 9, 10.
18 28, 31, 2, 5, 17, 32 d. 20 19, 24.
21 4. 23 26, 4. 2413, 14, 16. 25 32.
30 20, 21. 31 20. 33 24. 34 31, 84.
35 26, 32. 37 23. 39 36. 41 30. 43
23, 29. 44 18. 45 24. 46 34,17, 19.
49 24. 5131. 54 19. 55 11. 58 22.
59 28. 64 31. 65 28. 66 4. 67 30.
6816. 69 24,1. 7015, 17. 712.
72 26. 74 23, 23. 76 36. 77 21. 76
7, 8. 79 23, 25. 8012,13. 82 1.
67 2, 17, 17. 66 21, 23, 27, 29, 19.
69 19, 27, 31. 91 15. 93 33, 1, 4.
95 9. 96 13. 97 18, 21, 23, 23. 98
32. 99 20. 100 30. 101 32, 16. 103
16, 23. 105 9.
12,10.22.329.46,32.57. 6

, 32. 7 18. 10 22. 14 21, 24. 15 8.

16 32. 18 25,15. 19 28,7, 13. 2121.
22 31. 23 17, 36. 24 12, 16. 25 29,
32, 3. 27 2. 28 2, 12, 14. 29 9. 30
22. 33 27, 28, 13. 36 23, 23, 31, Sd.
37 26. 39 19, 30. 40 13, 21. 42 12,
32, 12 d. 43 27, 4, 165. 44 14, 17,
26 d. 47 26. 48 11, 20. 49 16. 50 9,
v23, 26, 7s. 53 11, 13. 55 5. 57 10,
⁴11, 1, 1, 30 5, 31s. 6013,22,23.
61 14, 17, 22. 63 14, 17, 26. 64 4,
15, 19. 65 22. 69 30, 1, 18. 70 28,
30, 22, 28 d, 34 d, 2s, 4s. 71 19, 31,
¹ 32, 20 d, 22 d. 72 35, 35, 1. 73 11,
24, 4. 75 33,18, 365. 77 15, 20. 78
19. 79 4. 80 22. 8111. 82 6. 84 20,
29. 85 34. 86 24. 87 29, 30.

914, 7,9,16.51,11.112,16.14

Index Thucydidem.

15, 16. 17 5, 7. 18 31, 33. 21 1, 8.
24 26. 25 16, 16, 25. 26 19. 29 26.
30 29. 32 5. 33 14,23. 36 34, 2. 36
14. 39 31, 3. 40 14. 42 23. 43 7, 22.
45 20, 31, 10, 16, 15. 46 22,17. 48
20,24. 49 27. 52 10. 54 29, 6. 56 7.
57 28, 29. 58 31. 64 36, 3. 65 12,
24, 24. 66 28. 68 30. 69 15, 16, 17,
21, 25. 71 16. 73 19, 23, 29, 1, 15 d.
74 27. 75 15, 19. 84 6, 14, 15. 86
22, 27, 4, 12, 25 5. 87 1s. 88 6, 10.
89 18, 27. 90 17. 91 18, 27, 7. 92
7, 165, 27 s. 93 27. 96 26, 12. 97
24, 28. 104 5. 105 5. 106 12, 24.
108 32.

ταῖς α 7 25, 25. 10 34. 12 30. 13 13.

17 17. 18 3. 25 16. 30 11. 36 20.
40 13. 48 8. 50 26. 52 26. 73 32.
74 1. 77 32. 80 32. 89 7. 9318, 23.
116 29. 117 18. 133 4. 139 17. 142
31. 144 21, 23. — ,8 7 5. 6 19, 23.
10 28. 25 24. 30 8. 31 22. 39 19, 23,
25. 52 4. 58 8. 59 17. 60 30, 4. 61
34. 64 30. 76 26. 63 5. 64 17. 67
17, 19. 69 27 s. 92 14. 94 21. 101
14. — γ 7 26. 16 16. 18 3. 20 6.
26 1, 6. 29 5. 45 6. 46 26. 47 32.
77 18. 78 23. 81 4. 82 24, 34 d. 85
12, 13. 90 1. 91 30. 98 8. 107 29.
109 7.112 25,4. 114 9.- δ 2 25.
5 29, 32. 8 28, 16. 9 32. 10 32. 11
16. 12 17. 14 6. 17 9. 18 22. 24 18,
24. 25 26, 29, 45, 95. 27 17. 32 26.
45 1. 63 29. 67 15. 74 5. 76 4. 77
32. 89 16, 20, 27. 91 14. 116 29.
118 9s. 121 26. 122 16. 129 36. —
ε 3 27. 16 345, 35 s. 22 24. 29 22,
22. 32 27. 38 31, 33, 34. 43 26. 47
7, 21 d, 23 d, 15 5, 17 s. 49 36. 5619.
70 29. 71 32. 77 25. 79 1. 84 35.
— ζ 6 34. 7 26. 6 12. 15 9. 30 21.
31 20. 37 24. 42 11. 43 18. 44 23.
47 29. 54 21. 61 25. 6418. 67 18.
69 26. 71 16. 80 22. 87 28. 90 20.
97 1, 14. 102 32. 10414. 105 12.-
η 2 19. 11 26. 1217. 16 32,4,16.
19 1, 15, 17. 21 12. 22 7, 9. 23 22.
26 8, 22. 34 16, 24. 35 32. 36 4,10,
18,21,6d. 3716. 3020. 4016. 413.

20

