308

39 23, 24, 28. 40 20, 22, 24. 41 35, 1.
42 35, 7 6. 43 19, 22, 30. 44 11. 45
11, 13. 47 27, 4. 48 26, 31. 49 26.
50 12, 17, 2. 53 8, 8, 22, 25. 54 1.
56 26, 28, 28. 57 5, 26 5, 275, 315.
56 18, 20, 26, 30. 60 6. 63 13. 64
6, 9. 67 19. 68 13. 69 32. 71 24, 8.
72 27. 7314,17,22. 74 13. 77 115.
76 22. 6ο 32. 81 7, 9, 23, 24. 62 5,
11, 11. 63 33. 84 24, 24, 27. 85 36,
4, 5. 86 19, 25, 28, 29, 4. 37 8, 9, 24.
9 1 21, 23. 2 9. 31,1,1,4. 5 27, 17,
19, 22. 6 2, 19. 8 12. 9 9. 12 21.
13 7. 15 29, 9, 10. 171. 20 18. 213.
23 5, 12, 15. 24 7, 10, 23. 25 9, 24,
30, 32. 27 13. 28 3. 31 10, 15, 24.
328. 377, 7, 12, 12, 14,162126.
4026 4131, 8. 4323. 442,5, 13.
452,.,34624 25, 27, 1, 2,,,,479
13. 47 33, 34. 48 16,17. 50 14. 52
11, 16. 53 31. 55 13, 23 27 561, 9.
57 23, 1, 2. 56 7, 12, 17, 18,22, 26.
60 14. 62 20. 63 6. 64 18, 20. 65 9,
22. 66 25,14. 67 7. 6817. 6910,14.
70 1, 4, 7. 71 26, 32. 73 6, 14. 74
21, 23, 30, 33. 75 2, 3, 11, 11, 12.
76 26, 31, 21, 21. 79 23. 80 25. 82
5, 14. 83 29. 84 13, 17, 18. 66 16,
19, 4, 6, 7, 9, 10, 255, 28 5. 87 12.
89 21, 32. 90 25, 30, 1, 2. 915.
92 3, 18 5, 205, 66, 126. 93 25, 28,
29. 95 4, 9, 21 d, 22 6. 97 27, 3, 3.
98 13, 18, 19. 99 27, 8. 100 24, 32.
105 7. 106 17. 107 4. 108 12, 30,
2, 6. 109 13.

τὼς 5 77 17, 16, 19, 19.

τάς α 28 11. 84 4. 10918. 117 14. -
6161. 92 27. — y1414. 23 6.
8124,25.- 6 214. 1131. 13 35.
16 22. 52 35.601.116 35. — 510
33. 32 26, 2. — ζ 2016. 99 25. -
η 29 4. 73 14. 74 12. 75 26. - 9
61. 15 8. 31 11,13. 3311. 45 6.
48 5. 541. 59 4. 7815. 8123. 91 2.
108 15.

τὰς α 2 27, 9. 3 24. 4 9. 5 21. 6 30.
8 29, 4, 10. 10 16, 23, 24,30,31,32,
4. 12 31. 13 18, 2. 14 25. 15 32, 5.
16 14, 16. 17 19. 18 13, 26 5. 20 2.

τώς- τὰς

23 4, 6, 6, 13. 25 24. 29 3ο, 31, 32.
31 34, 1, 5. 34 7. 35 9, 13. 36 1.
45 4. 48 34. 49 30. 52 22, 30. 53 5,
11. 54 32. 57 9. 58 26, 31. 67 31, 4.
73 27. 74 5, 15, 26. 76 11. 77 34.
81 9. 84 2, 5, 6. 87 29. 88 33. 90 18.
91 10. 93 15, 17. 99 27. 100 6, 6,
13. 110 2. 111 14, 15, 15. 116 12.
117 15. 118 13. 123 11. 131 12. 132
7, 19, 26 6. 134 21. 140 25, 26, 30, 31.
144 15, 15, 21, 26. 145 10.

β 2 4,16. 3 34. 4 9,20, 2. 6 11. 1215.

13 32,216. 14 30,31. 15 7. 16 2, 3.
20 31, 4, 16. 23 35. 24 21. 25 10.
29 30. 3018. 35 21. 4810. 49 17, 1.
51 22. 52 5,11. 53 22. 58 8. 59 15.
60 28, 2, 3. 63 7. 64 15. 65 9, 316,
95. 67 9. 78 31. 79 27,1. 83 33,34‚
4, 16, 17, 18. 84 26, 4, 6. 85 23‚32,
1, 11. 88 14. 90 10, 12, 24, 25, 28,
32. 91 3, 4, 18, 20. 92 28. 93 3, 9.
94 11, 25. 101 35. 102 14. 103 15.

y 3 19, 31. 4 12, 17, 19. 7 24. 20 8.

2125,26. 22 7, 7, 13, 295. 2312,
23. 248. 2633. 2717. 2829. 3218.
33 32. 35 34. 3716,20. 38 34, 35.
39 26s. 43 12, 22. 45 33. 47 5. 53
10. 5817. 6311, 12. 686. 71 11.
74 37,1,1. 75 2’2, 23. 77 1ο,16.
78 30. 80 13, 18. 81 23, 27. 82 29,
32, 35, 16 6, 3s. 83 13. 86 3. 88 27,
31. 90 37. 91 29. 97 2. 98 7. 105
5, 8. 107 33. 108 34. 110 30. 112
37, 2. 114 3. 115 30, 32.

δ 3 33. 822, 22, 24. 9 29. 10 4. 11 33.

13 27. 14 2, 16, 22. 15 2. 16 5, 6,
19,23,27. 1811. 19 6. 217. 231‚5.
24 24. 25 14, 17. 26 10. 27 29. 29
14. 32 27. 38 26, 26. 39 23. 44 20,
22, 22. 46 16. 48 12, 17, 24. 50 8.
52 1. 55 30. 5613. 57 30, 1. 61 14.
62 9. 63 32. 67 12, 19, 27. 68 8,16,
23. 74 29. 75 30. 76 23. 77 1, 8.
81 19. 36 29. 89 16, 19. 92 13, 275.
100 18. 101 29, 33, 35, 2. 104 23.
106 12. 107 33. 108 7. 109 23. 112
31. 113 11. 114 25. 115 9, 25. 116
26. 116 65, 95. 120 24. 12127. 122
3, 6. 123 22, 30. 124 26. 130 25.

