180

87 12, 17. 8915. — η 11 26, 30.
12 17, 19. 1428. 6123. 6210. 648.
67 16, 22.

ἡμῖν α 32 20. 35 24, 28. 38 23. 39 3.
4019, 1, 2. 417. 532. 7032. 74
10, 16. 75 34, 6. 76 30. 7733. 84
28. 85 12, 16. 86 1. 121 7. 122 13,
32. 123 10. 140 34. 143 29. - β,
11 17, 86. 36 12. 38 17. 39 3. 42
21. 62 29, 34. 71 34, 6, 9. 72 27, 4.
89 25, 31. —- y 9 18. 10 26. 11 9,
11. 12 2, 12. 13 31. 30 26. 37 10.
38 34. 39 10, 21, 29 s. 44 25. 46 14.
47 8. 53 6. 54 21. 55 4. 59 26, 12.
62 10. 66 25, 30, 34. 67 28. — 6
10 26. 17 30, 33, 10. 20 18, 24. 59
27. 62 6. 86 2,10. 8717. 92 13, 29 s,
118 22, 226. - ε 86 15. 91 12,14.
92 20. 97 4. 98 10. 99 17. 100 26.
102 35. 10417. 105 30. 112 34. 113 8.
-ζ10,9,10.113,25. 1722s.
18 27,1. 20 17. 2132. 23 3. 33 15,
18, 28. 34 34, 5, 23, 28, 11d. 3634.
4014. 807. 826, 17. 847, 14. 85
34. 874. 8930, 6. — η116. 13
29, 1. 62 29, 2. 63 16, 28, 31. 661.
67 2. 68 16. 77 5. — 3 53 10, 12,
15.

ἡμᾶς α 32 18, 30. 33 23, 26. 34 4. 35
9, 15, 19. 36 15, 18, 20. 37 26. 38
12, 18, 25. 39 33. 40 18. 41 11. 42
20. 43 3. 53 4, 6. 68 18. 69 23. 71
15. 73 14. 74 23. 77 5, 18. 84 27.
86 30, 4. 120 29. 12125. 122 22, 25.
142 30. — β 11 11, 15, 33. 73 22.
87 34. 89 12. — y 12 35, 7, 10. 13
15, 26, 4. 14 17. 30 18. 37 24. 39
1, 22. 43 16. 44 30. 46 18. 47 11.
55 36. 56 12. 58. 32, 11. 59 20, 9,
15. 61 24, 2. 62 5. 63 32, 1. 6425.
65 35. 66 21, 23, 35. - 610 20.
17 28. 18 29. 20 20. 60 6, 8. 64 19,
26. 92 24. 118 3, 4, 216, 22 6, 29 6.
- ε 10 30. 89 30. 94 25. 95 28.
97 2. 98 8, 10. 99 19, 23. 111 12.
-ζ 11 4, 9, 23. 12 28. 1319. 17
16,19. 22 9. 23 32. 33 2,12. 3421.
68 5, 6. 76 27. 77v 8, 10. 78 16. 79
21, 1. 8022, 30. 82 7,13,14. 8321.

ἠμῖίν - ἡμέτερον

84 13. 85 20. 86 2, 5. — η 11 9.
14 25. 77 24.

ἡμέρα α 129 22. — β 12 27. - y
2415. -τ 6 48 23. 77 2. - η 4465.
81 7. 84 8.- 3 67 23.

ἡμέρας α 85 14. 105 9. 117 16. — β
25 5. 47 22. 57 27. 73 16. 75 18.
83 33. 86 28. 101 1. - y 17 27.
52 17. 59 33. 74 30. 80 15. 81 3.
107 4. — 6 6 8. 23 10. 25 4. 3528.
39 22. 54 9. 93 1. 101 2. 104 29.
114 16. 120 24. 124 23. - ε 26 32.
47 18 6. 59 5. — ζ31 15. 74 27.
- η 27 31. 33 18. 38 33. 39 21.
40 8. 43 20. 50 6. 5117. 73 2. 82 4.
87 22. — 3 31 24. 44 16. 71 32.
99 14. 103 30.

ἡμέρᾳ α 20 9. 29 3. 60 18. 100 4.
108 21. — β 19 19.9418.— y 49
29. 75 9. 76 2. 96 24. 107 28. -
6 25 27. 76 18. 78 4. 90 5. 101 20.
106 26. 129 14. 130 23. - ε 9 1.
75 21. — ζ 8 11. 23 29. 30 26. 56
26. 64 3. 96 25. 97 32. — η 3 30.
29 31. 42 32. 4427. 52 25. 75 24.
78 29. 82 19. — 3 23 30. 24 1-. 69
14. 103 27. 107 32.

ἡμέραν α 2 24. 137 16. - β 37 4.
38 15. 43 19. 81 16 s. 85 4. — y
37 1. 82 31. 88 35. 91 24. - 613
18. 31 10. 38 7. 67 11. 69 1, 4. 114
23. 115 12. 118 1s. 13019. 13510.
— ε 54 24. 658.-ζ716. 1619.
6021. 63 5. 6512. —- η 8 30. 2824.
38 16. 50 26. 73 20. 74 7. 77 2. -
3 2326. 2823. 6721. 93 33. 10319.

ἡμέραιν 3 62 14.

ἡμέραι y 2913— 63921. - ζ 65 17.

ἡμερῶν α 48 33. 143 21. - β 29 26.
97 13,18. — 6 2631. 28 30. 39 30.
85 7. 89 17. 105 11.7 122 36. - ε
20 22.47 14.-ζ125.-η314.
43 22. 50 19.

ἡμέραις β 58 10. —y 51 36. 113 31.
— 6 5 31.9114.12213.— ε 47
7s, 8ε.-ζ2915.-. 3 10114.

ἡμετέρα α 77 16.12133.— y 6128.

ἡμέτερον α 33 27. 36 16. 77 19. -
y 14 22. — 610 28.

