ὑδρείαν - ὑμᾶς 43 1

υῦρειάν η 13 3.

ὑδρεύεσθαι 6 97 27.

ἵδωρ α 10918. -β5 15. 492. 77 18.
— y23 29. —— 626 27. 3117. 97 25.
988.-ε652,9. -ζ7015.-

ὑμῶν α 32 33. 3319‚28. 35 17. 40 21.
43 2. 68 20. 69 9, 16, 24, 26. 70 2.
715,10,11, 20. 7419. 75 32, 6.
80 17. 87 17. 140 28, 10, 15. — β
35 4. 60 27. 61 28. 64 21. 71 30.
87 8, 21. — y 10 28. 13 18, 7. 14
20. 37 8. 40 27, 32. 43 17. 47 6. 55
37, 3. 56 18. 59 29, 30. 63 1. 64 26,
27. 65 2, 5, 13. 66 25. 67 4, 17. —
6 10 19. 18 20. 20 34. 38 4. 64 12.
851. 87 25, 27. 95 2. — ε 85 4.
90 6. 91 18. 95 28. 96 31. 105 34.
110 33. 111 8. — ζ 10 6. 39 1. 40

η 78 3. 79 24. 84 27.

ὕδατος α 126 14. — β 52 5. 102 21,
31. - 6 26 24. 75 30. 115 18. -— ε
65 5. 66 24. - ζ 42 10. 100 5. -
η 87 19.

{560211 β 15 29. — y 22 30. -— 6 26 32.
-ζ449.-η428.

ὑετός 9 42 19.

ὑετοῦ β 4 14. 8, 18. 80 21. 84 3, 4. 85 30. 86 9.

ὑετῷ β 5 18. 87 2. 89 15, 6. 91 31 d. 92 1. — η

υἱός ζ 54 23, 30. 12 18. 14 26, 32. 15 12. 61 24. 63

υἱὸς α 111 5. - β 100 23. 23. 64 3, 15. 67 32. 77 12.

υἱέος α 13 6. 136 2. — β 100 33. — ὑμῖν α 32 18. 33 3, 9,12,15, 23. 34 4.
y 26 3. 36 16. 40 28, 2. 41 12. 43 9. 53 4.

υὶου ε 16 20. 70 1. 71 24. 73 10, 24. 76 12, 23.

υἱόν β 67 3.- 9 28 32. 78 1. 124 21. 140 13, 19. — β 43

υἱὸν β29 32. 95 15.-y722.—9524d.

υἱεῖς ζ 30 30.

υἱέων α 20 8.

τ’Υκκαρα ζ 62 24.

Ὑκκάρων ζ 62 30.

Ὑκκαρικά η 13 13.

ὕλη β 77 11.

ὕλης β 77 4. - 6 29 14. 30 28. 34 6.

ὕλην β 7517. 77 9. 9814. - 798 31.
— 6 30 24. 69 36.

Ὑλίου η 35 30.

Ὑλίᾳ η 35 27.

Ὑλλαϊκον y 72 23. 81 28.

ὓλώ6ης 6 8 8.

ὑλώδους 6 29 9.

ὑμεῖς α 33 10. 39 5. 40 18. 69 30.

21. 45 6. 61 23, 31. 62 6, 9. 63 10.
64 29. 7112. 72 17,19,9, 11. 73 24.
74 3. 87 30. 89 33s. — y 1128.
13 8. 47 31. 53 28, 31. 54 26, 29.
56 21, 2. 57 16. 58 28. 59 7. 63 33.
66 35. 67 30. — 617 29, 2. 18 28.
20 20, 23,30, 31. 85 3. 86 27. 92 3.
95 5. 118 226, 2411126 24. — ε
9 1. 92 21. 93 22. 98 11. 101 30.
105 33. 110 2. 1114. — ζ 10 5.
121. 1618. 185. 3331. 79 23. 80 7.
83 28. 86 14, 23, 27. 87 29, 6, 16.
89 23. 90 9. 91 4, 12. 92 33. - η
14 15, 29, 1. 15 4. 64 6. 77 9s.

ὔμμιν γ 104 15.

ὑμᾶς α 3219. 3430. 3519. 391. 413.

70 4, 12. 74 8, 18. 76 10. 77 18.
142 1. — β 43 34. 44 14. 60 4. 61
22. 64 18, 11. 718. 72 4. 89 4, 27s.
—71332 38 6. 4020. 4730. 4814.
55 35, 36, 5. 5624. 57 22. 58 7, 10.
63 28, 9. 64 15. 6511. 66 21. 67 5,
35. 104 12, 17 s. 113 23. - 620 29.
85 8. 118 29, 296. — ε 9 33, 7s.
85 5, 6. 90 2. 98 8. 100 24. 103 6.
111 19. - ζ 11 15. 1714. 3411.
36 7. 38 13. 78 20. 79 30. 83 30.
87 27, 3. 89 18. 92 7.

42 24. 68 8, 8. 70 10. 74 9, 17, 23,
27. 75 9. 76 14. 77 22. 781. 143 9.
- β 4317. 60 7. 6212,15,18. 635.
89 22, 7, 2d. - y1318,33. 1414,
21. 37 4. 39 25, 26. 40 5,19. 44 35.
53 34. 54 14, 19. 56 35. 57 13. 58
26. 59 27. 63 32. 64 24. 65 6. 6715.
— 610 5, 10. 18 13, 14,18. 19 33.
20 21,27. 38 4. 8513,21. 8626, 30.
87 32. 118 21 d, 21 d. 126 18,10.--
ε 86 13. 89 29. 90 3. 91 18. 93 23.
9813. 9920. 105 29. 112 3.-ζ 10 2.

