374

11 22. 13 22. 3132. 39 35. 51 1.
65 27 d. 70 4. 74 6. 87 32. 89 13,
30 s. 94 24. - y 26 10. 37 20. 39
12. 56 12. 612. 74 3. 82 23. [84 27].
8517. -— δ 10 3. 12 3. 18 30. 46 9.
55 27. 56 34. 80 1. 83 10. — ε 36
14. 65 3. 88 22. 105 3. —- ζ 6 24.
83. 1011. 23 32. 312s. 33 27. 38 7.
44 2. 46 20. 87 33,1. 89 31. 9124,
26. 103 33.- η 1513. 24 11, 12,13.
25 31, 23 d. 27 2. 28 10. 44 28 d.
47 6. 48 7. 49 23. 60 6. 67 20. 70
30d. 77 16, 17. 78 4. 80 21. - θ
28 2. 33 13. 741. 81 11. 82 27. 86
28. 87 28. 102 2. 108 18.

πολλῶν α 10 17. 3311. 5014. 8016.
85 14. 110 22. —— β 29 26. 35 23.
50 28. —— y 45 6. 8232. 89 8. 112 7.
- δ 34 8. 3517. 5010,11. 85 7.
88 4. 104 14. 134 34. -— ε 26 36.
35 3. 50 6. 60 22. 69 12,13. 70 25.
82 15. 109 26. 116 8. — ζ 10 18.
11 29. 21 30. 36 10. 38 26. 46 18.
72 30. 10121. - η 4811. 56 2. 61
20. 70 15, 31 d. 72 24. 75 23 s. 79
21. 84 13. 85 30. 87 1. - θ 1 14.
24 22, 27. 53 26, 29. 68 2. 82 6.
92 31. 93 30.

πολλοῖς α 18 5. 20 20. 61 34. 75 5.
118 29. 133 6. - β 29 22. 40 25.
4225.-—y573.—c564. 1734.
36 14. 107 34. - ε 66 5. 103 7.
11115. - ζ35 32. 39 36. 94 25.
— η 9151131. 8429. - 9644.
96 18.

πολλαῖς α 14 13, 142 4, 7.— β 6834.
—— η [11 24]. 36 20. 8013. - θ 38 3.
57 27.

πολλῇσι α 9 3.

πολλοὺς β 89 3(1. - y 32 9. 90 4. 93
35, 4. -- ὃ 25143. 123 28. -- ε 75
24. - ζ22 8. 39 34. 5414— η
51 24. — θ 70 6.

πολλοὺς α 6 8. 10 36. 12 7. 33 14.
4911,12. 65 9. 80 29. 83 11. 86 26.
122 6. —- β 3 28. 11 12 d. 14 32.
68 25. 76 9. 79 20. 86 5. 89 2. 96
28. 100 6. - y 22 31 s. 98 28.112
32. »- δ 7 15. 9 3. 72 26. 89 20.

πολλῶν - πόνῳ

98 3.11518.124 21. - ε 4 3. 27
26. 72 3. 76 4. - ζ 10 2. 17 12.
20 26. 22 12. 38 15. 49 25. 59 31.
64 24, 7. 85 25. 90 17. - η 23 33.
25 16. 37 29. 48 31. 53 19. 60 2.
73 22. 79 2. 84 24. 87 10. —- θ· 24
11. 44 3. 4817. 6614. 89 21. 9025.
92 19. 93 31. 97 3.

πολλοῖς β 47 22. — δ 14 4. - η 4135.

πολλὰς α 8 4. 73 30. 110 2. 132 30.
-ss116.391·1.—y2312.—‹5
3 5. -ε 10 2211. 17 6. 26 33. ——
ζ 20 16. 38 10. 90 20. - η 53 20.
- θ 16 23. 48 12. 76 2811. 8919.

πολυτέλειαν ζ 12 4.

πολυτελεστάτη ζ 31 3.

πολυτελὴς η 28 22.

πολυτελὲς η 27 30.

πολυτελέσι α 10 18. - β 65 27. -
ζ 31 21.

πολυτρόπου y 83 22.

πολυτρόποις β 44 11.

πολυχειρίαν β 77 6.

πολυψηφίαν γ 10 1.

πομπέας ζ 58 17.

πομπῆς ζ 57 1.

πομπῇ «5108 11.-ζ 56 20.

πομπὴν α 20 14. — ζ 56 27.

πομπὰς β 13 32. — ζ 58 25.

πονῇ ζ 67 20.

πονεῖν ὅ 36 35.

πονοῦν ε 73 15.

ἐπόνει α 49 27. -— δ 96 33.

ἐπόνουν α 30 20.

ἐπόνησαν ζ 104 23.

πονούμενον (acc. masc.) β 51 25.

πονουμένης ὁ 59 17.

πονηρίας ζ 92 5.

πονηρίᾳ θ 47 1.

πονηρίαν ζ 53 26. - θ 73 26.

πονηρὰ (acc.) η 48 9.

πονηρῶν ζ 53 22. -- θ 97 4.

πόνηρα θ 24 25.

πονηρότερα ζ 89 34. - η 4815.

πονήρως η 831.

πόνος β 49 26. - ε 110 1.

πόνου η 70 11 s.

πόνῳ β 52 32. - y 98 23. — ζ34 4.
— η 81 22.

