1 7 8 ἥδιστος - ἥκιστα

26 9. 37 33. 38 10. 39 4. 48 20. 87 33. 89 23. 91 23, 28. 92 22, 25,

52 15. 59 5. 62 23. 63 35. 68 11. 32, 12 s, 16 s. 96 8. 10127. 164 16.
78 30. 90 34. 93 5. 95 6. 97 12. 105 1, 5. 108 20.

102 9. 106 24. 107 36. 108 20. 111 ἥδιστος y 104 15.

36. 115 10. ἡ6ιστον η 68 16.

6 2 17. 3 28. 8 25. 10 33. 14 2, 27. ή6ιστα η 14 32.
19 11. 21 8. 24 27. 28 17. 34 30. ἡ6ιστά β 49 2.
35 17, 20. 36 10, 14, 16. 62 16. 63 23'61012 α 90 24. — y 82 276.
26. 66 33. 67 15. 68 28, 5, 16. 70 ἡ6ίιο η 14 29.
24. 7211, 15. 74 30. 78 8. 90 30. ἡ6όμενον α 126 13.
93 1. 94 32. 96 36. 106 21. 108 17. ἥσθη α 129 8.
111 27. 114 16, 5. 115 15, 24. 122 ’ ἡσθεῖσα y 40 12.
10. 125 32. 127 36. 128 4, 7, 11. ἡ6ονῆς 6 19 17.
129 26, 27. 130 5. 131 22. 133, 25. ἡ6ονῇ α 84 28. 99 28. — y 9 12. 38
135 4. 22. 40 6. - ζ 83 31.
ε 9 26. 16 116, 22 d. 17 3. 30 2. 32 ἡ6ονήν β 37 5. 65 18.
29. 34 31, 2, 6. 36 12. 37 6. 38 28. ἡ6ονὴν α 12614. — β 53 19. — y 58
39 30. 46 32. 49 7, 12. 56 31. 59 29. 82 5 s. - 6 168 3. - ζ 17 4.
5, 25. 62 14. 66 26. 67 9. 69 4. 73 — η 63 21
8, 11. 76 7, 13. 78 10. 80 5. 81 31, ἡ6ονας β 65 266.
38. 86 11. 99 21. 100 25. 106 8. ἡ6ὺ β 53 27.
111 16. 112 35. 113 7, 10. 116 11. ἡ6έα β 46 22. - ε 165 5.
ζ 11 18. 25 25, 28. 29 3, 7,10. 3019. Η6ωνες 6169 28.
31 34, 3265. 32 9,18. 34 19 6, 226 Ἠ6ιονοί α 166 15.
38 24. 41 2. 42 5. 43 17. 44 11. Ἠ6ώνων 6 102 11. 107 3.
45 24. 48 11. 49 28. 51 33. 57 2, 5. Ἠ6ιῦνας β 99 10. - 6162 17. — ε
59 30, 12. 60 20. 61 9s. 64 8. 65 6 22.
13, 28. 69 21. 70 22. 74 22. 80 27. Ἠ6ωνικὴ 6 107 3.
84 7. 86 15. 87 5. 96 10, 15. 91 32, Ἠ6ωνικῇ α 166 16.
35, 316. 93 33, 5. 9614. 97 33. Ἠετιωνία 9 96 4.
98 34. 161 27 s. 162 7. 163 18. 164 Ἠετιωνίας 8 92 33
5, 8. 105 10. Ηετιωνίᾳ 9 90 22, 31.
η 1 18. 2 28, 2, 7. 4 4, 12, 21, 25. Ἠετιωνίαν θ 9127.
6 28, 31. 8 11. 12 22. 15 7. 23 26. ἤθεσι ζ 18 326.
24 26. 28 7. 36 17. 31 18, 32. 32 12. ἤθεσιν β 61 33.
33 22, 36. 37 15. 41 3. 43 19 s. 44 Ἠιόνος 6102 19. — ε 6 6. 10 25.
24, 2,6, 13. 48 18, 5‚7. 491. 51 11. Ἠιόνι 6 50 7. 107 30. - ε 6 13.
52 4. 53 15. 55 6,10. 57 21 s. 58 21. Ἠιόνα α 98 13. - 6 7 16. 164 33.
59 1. 61 20. 66 7, 9. 69 34, 10. 70 106 27, 28. 107 34. 108 16. - ε 10
10 s. 71 17,166. 72 6. 73 13. 75 9, 25 6.
24, 4, 16. 77 9, 22, 23, 26, 6. 79 25. ἥκιστα α 3 16. 23 1. 35 14. 37 3.
80 12. 81 2. 82 6. 84 18. 85 30, 2. 60 15. 67 30. 68 18, 24. 91 31. 95
9 1 23. 2 21, 28. 15 28, 3. 2625. 217. 34‚14. 103 2. 12216. 130 7. 13118.
24 14. 25 29. 26 3,10. 2713. 3514. 140 1. 141 15. - β 27 27. 61 31.
38 33, 6. 41 16. 42 23. 43 9, 12. 64 16. 79 30. 89 31s. — y 22 23.
46 13. 48 1. 50 22. 52 15. 55 10, 24 34. 42 36. 93 2. - 6 1ο 23. 30
20. 5616. 60 7, 13. 61 10. 63 31,12. 24. 31 21. 47 27. 80 26. 96 23. —
672. 6910. 7135. 7316. 75 8. 77 5. ε 22 24. 36 22. 167 15. - ζ 11 15.
8124. 82 2,11,[12]. 85 7,12. 86 23. 15 13. 18 33 6. 20 20. 61 34. 82 3.

