8—va

ὃ α 36 8. 40 18. 70 3. 84 20. 90 27.

104 14. 121 4, 6. 122 27. 134 18,31.-
137 9. - β 4 31. 13 14 6. 17 13·
21 28. 39 22. 40 20. 51 5. 60 4. 61
31. 6234. 8330. 89 30s. — y 918.
20 12. 23 29. 30 29. 44 31. 47 4, 8.
9914. 104 24 s. 105 35. 108 26. 115
12. — 6 10 28. 12 7. 17 9. 18 28.
24 19. 28 35. 30 23. 31 20, 22. 35
19. 57 18. 59 27. 68 7, 25. 69 32.
78 10 d. 97 25. 108 31. 110 1. 111
17. 11312. 126 13. - 5 2 3. 33 22.
42 13. 49 17. 53 5. 66 28. 103 6.
107 15. 109 24. 111 19. — ζ 4 4.
33 2. 34 10. 38 23. 85 29. 87 5. 88
14. 91 8. — η 14 21. 26 6. 31 14.
38 11. 43 31. 55 17. 66 15. 82 15.
— 9 4 13. 16 23. 24 2. 95 186.

οὗ α 6 5. 14 23. 18 2. 29 27. 30 18.
37 7. 46 19. 76 23. 80 20. 93 14.
109 17. 124 25. 128 7. — β 8 25.
21 17. 22 19. 29 9, 28. 31 2. 44 19.
55 28. 67 29. 73 21. 96 1. — y 1
28. 14 15. 28 1. 34 7. 4623. 8314.
103 4. 116 20. — 6 16 20. 17 33.
41 7. 42 31. 46 15. 54 9. 67 23. 92
28 s. 102 9. 108 30. - 5 26 17, 35.
105 26. 110 30. —- ζ 4 3. 16 20.
31 12. 44 14. - η 22 3. 30 20. 33
30. - 9 2 11. 42 29. 84 21.10623.
ἧς α 73 20. 75 30. 81 5. 82 3. 93 2.
- β 30 11. 34 33. 45 6. 62 3, 4d.
63 10. 64 33. 72 22. 78 25. 79 14.
99 30. — 6 20 29. 61 15. 63 35.
64 10. 115 14. - 5 13 25 s. 41 20.
11610. - ζ 16 12. 217. 50 20.
6313.-η542,3.-9964.

ᾧ α 3 1. 21 31. 37 7. 39 4, 5. 42 22,
24. 43 5. 52 20. 101 22. 103 22. 106
16. 113 18. 121 28. 122 18, 29. 126
206. 134 14. 136 32. 139 3. - β
1 20. 3 33. 11 32. 15 20. 35 25. 40
27. 43 28, 28. 6419. 67 6. 8614,26.
89 27. — y 4 18. 13 36. 21 23. 39
31, 9. 40 11. 53 1. 59 25. [84 5.]
96 21. - 6 14 14. 17 34. 13 17.
20 20. 30 7. 43 30. 45 34. 92 32.
98 7.120 29. - 5 9 7.14 3. 16 7.
41 17. 42 3. 43 30. 60 10. 64 14.

37

323

88 24. 111 7. — ζ 39. 117. 13 13.
20 25. 21 33. 31 27. 34 10. 55 14.
61 16. 66 32. 87 10. 89 36. 92 8, 9.
— η 2 1. 7 25. 11 25. 1426. 2024.
21 18. 29 10. 34 22, 196. 42 35.
47 30. 51 16. 55 14. 58 13. 62 31.
66 11. 63 18. 69 5. 70 13. 77 33.
81 28. — 9 11 35. 50 21. 66 10.
72 10. 76 16. 86 33. 87 31, 12.

ἶ α 11 15. 25 24. 317. 49 23, 33. 74

28. 78 6. 93 30. 95 4. 101 26. 126
4,11. 136 19. 137 7. - β 213.
3 35. 4 10, 17, 21. 6 14. 14 28. 22
18. 55 29. 70 16, 18. 74 3. 75 24,
33. 79 30. 84 9. 87 2. 100 7. -- y
3 27. 5 32. 8 5. 12 34. 13 25. 16 6.
18 2, 16. 20 7. 25 22. 28 3. 30 21.
35 4. 51 33. 53 36. 58 15. 59 33.
89 23. 94 16. —- 616. 98. 24 34.
29 17, 22. 32 36, 6. 33 21. 34 29.
36 l, 5. 57 19. 66 30. 72 24. 77 2.
78 4. 85 36. 90 3. 96 29. 98 20.
99 26. 100 9. 103 28, 30. 115 16.
12212. 130 25. - ε 1 17. 15 31.
26 24. 31 11. 58 26, 34. -ζ 3 12.
9 31. 20 13. 23 29. 26 4. 55 1. 56
26. 65 13. 66 3. 67 20. 75 3. 76 25.
82 11. 99 17. 1015. - η 513. 64.
29 1. 31 7. 45 9, 10. 47 29. 49 27.
60 28. 70 27 d. 74 13, 16. 78 5. 79
30. 8015. 819. 83 7. -— θ 14 25.
27 5. 28 27. 39 27. 52 16. 71 21.
76 26. 93 27. 96 3. 104 14.

ὅν α 129 26.
ὃν α 76 24. 32 10. 132 34. 138 1. —

β 5 10 d. 17 20. 44 26. 46 14. 5216.
70 22. 103 19. — y 17 17. 18 33.
25 31. 39 34s. 88 4. 94 8. 116 22.
— 6 42 32. 51 24. 128 1. 131 17.
13511.— 5 55 23. - ζ 7 29. 3413.
913. 9314— 1713195- 96
27 s. 60 23. 93 18.

ἥνα3929.-62313.-ζ7923.

- 9 62 23.

ἣν α 10 27. 26 6. 3310. 35 22. 41 5.

77 19. 83 15. 98 16. 99 35. 103 29.

133 32. 137 29. 138 6. - β 23 8.

414. 4316. 53 3. 63 12. 85 2. 87 23.

91 13. 9813. - γ 13 2,11. 39 32 s.
21*

