434

ὑπηκόῳ β 41 8. 63 17.

ὑπήκοοι α 15 5. 117 28. — β 23 9.
101 19. - δ 78 9. 108 22. - ε 96
31. —- ζ 88 4. - η 57 20, 29, 31.
— θ 2 15.

ὑπήκοοί ε 91 13.

ὑπήκοα β 99 32. - θ 6-1 21.

ὑπηκόων α 35 15. - ζ 22 10. 43 27.
— η 20 31. 57 22. — θ 6419, 5.

ὑπηκόοις α 77 17. — ζ, 21 5. - η 28
14. 63 26.

ὑπηκόους α 8 19. 13 9. 77 2. — ε 33
20.·— ζ 20 12. 84 9. -θ 3 2,

ὑπηρέσιον (acc. neutr.) β 93 25.

ὑπηρεσίας ζ 31 18. - 9 1 17.

ὑπηρεσίαν α 143 17.

ὑπηρεσίαις ζ 31 20.

ὑπηρέτησαν 6108118.

ὑπηρέτῃ y 17 27.

ὑπηρέτας ζ 102 3.

ὑπισχνῇ α 129 23.

ὑπισχνούμενοι y 73 28. - δ 26 1.

ὑπισχνεῖτο α 13213. — θ 5 17. 8119.

ὑπεσχῆσθαι θ 48 6d.

ὑπέσχετο α 58 22. 138 21. — β 191 4.
- θ 17 8. 59 5.

ὑπέσχοντο α 101 20. — ε 38 11. -—
ζ4635.-ηι6.-953.

ὑποσχέσθαι β 5 4.

ὑποσχόμενος β 95 8. 101 33. — 9 88 6.

ὑποσχομένου α 123 15.

ὑποσχόμενοι y 105 26.

ὑποσχόμενοί y 66 30. »- ε 37 22.

ὑποσχομένων y 49 31.

ὕπνου η 43 25.

ὕπνοι· β 2 2. 75 20. — y 49 34.

ὺπό α 218.4917.5419.56 25. —
β7911.-γ315.187.-δ35
29. 66 12. 77 4. 96 36. - ε 115 22.
- η 2810. 5631. - θ 73 20. 788.

ὑπὸ α 2 5. 8 31. 9 21. 12 33. 18 28.
21 27. 23 25, 25. 27 24. 38 16, 18.
62 30. 67 33. 68 13, 19, 20. 75 3.
76 19, 21. 77 15. 89 6. 95 7. 100
12, 16. 101 22. 102 10, 16. 105 8.
107 3. 110 24. 114 26. 115 21. 122
29. 124 25. 126 16. 128 17. 130 29.
131 21. 13619. 137 32. 14131,19s.

β 8 20. 1512. 1713,16. 2618. 27 34.

ὑπηκόῳ -—- ὑπ’

29 20. 34 8. 47 32. 49 28, 10. 51
23, 28. 5411. 6418. 65 23 d. 68 34.
76 4. 79 10, 17. 81 32. 84 23, 10.
85 13. 92 12. 95 3. 99 3, 5. 100 8.
101 3ο, 31. 192 21, 3.

y 411. 7 33. 16 7. 20 29. 33 23, 1.
34 8. 36 8. 39 28, 25 s. 45 16. 52 1.
55 2. 58 26, 3. 59 32. 67 13, 28.
70 15. 80 16. 81 8. [84 29.] 86 6.
90 35. 91 19. 92 32, 1, 6. 94 22.
96 22. 103 2. 104 23 s. 107 35. 112
18, 4, 5. 115 13. 116 20.

6 210,20. 414. 8 30. 9 30. 12 3.
1416. 15 34, 34. 22 31. 25 6. 27 34.
29 14. 32 4, 5. 33 25. 34 7, 13. 37
19. 44 13. 47 2. 48 21, 26. 56 13.
60 10. 62 5. 64 13, 27. 66 14, 15,
21, 26. 67 35. 70 21. 7514. 7810d.
80 5. 84 27. 85 31. 86 27. 89 22.
96 22,1. 101 1. 102 11, 14. 107 4.
110 33. 120 7. 129 29.

ε 3 30. 4 1.1018,16d, 24d. 1215.

16 13, 15. 23 3. 26 36. 31 32, 18.

40 1. 42 7, 17. 47 32, 5. 49 32. 50

32. 59 7. 60 7. 61 8. 66 30. 69 5.

70 25. 74 32. 75 16. 105 26.

2 6. 4 23, 29, 16, 18. 5 24, 30, 33,

3, 6, 7. 7 17. 118.15 9. 16 6. 21

30. 2217. 2410. 28 25. 3211. 37 33.

46 24. 53 30. 54 5. 59 8. 60 24.

64 19, 26. 65 23. 80 20,21. 82 8,10.

86 4. 88 11, 14, 26 s. 96 22. 100 19.

103 34. 104 23. ,

η 3 31. 4 30. 6 8. 13 3, 7. 21 4, 16.
22 30. 23 24. 27 32. 28 31, 13. 31
19. 34 35. 40 13. 43 15. 44 8. 48
33, 1. 5016. 56 32. 58 24. 64 10,11.
675. 6932. 7228. 7321. 7518‚33s.
76 6. 7713. 7815. 79 21. 84 12,14.
85 33.

9 5 18. 11 12. 13 1, 4. 15 33. 20 18,
20. 21 1. 22 16. 23 2, 10. 25 21.
32 3. 33 19. 34 6. 35 14, 25. 36 30.

(ss

38 6. 39 19, 21. 41 2, 7. 48 30. 50 -

24. 514. 5419. 5620. 63 33. 64 29.
68 21. 73 32. 75 5. 78 6. 86 21 s.
91 3. 92 17. 94 6. 99 27, 29, 2, 13.
105 26. 107 32. 108 12, 28.

ὑπ’ α 8 3. 26 32. 32 32. 34 5. 69 33.

