ἄλλαι- ἄλλοσε 1 9

ἄλλαι α 25 18. 38 18. 99 22. 112 28.
122 13. - β 9 14, 17, 21. 31 33.

63 7. 75 3. 33 25. 91 4. ’96 31.
109 17.

—- y 6 14. 36 27. 45 23. 86 32. -· ἄλλοις α 16 10. 44 24. 65 3. 71 12,

6 1 8. 53 11.-ε471ε. 7918.-
ζ26 18. 43 21.-η225.-3 14
18. 19 12. 30 30. 31 21. 32 32.
34 6. 97 32.

ἄλλα α 1 15. 2 9. 3 20. 6 8,17. 2015.
33 25. 42 21. 65 8. 76 21. 122 15.
129 16. 132 32. 143 24. 144 12. —-
β 7 9. 13 24 6. 15 6, 23, 23. 25 27,
17. 50 24. 51 1. 65 8, 27 d. 63 4.
70 3. 96 24, 32. 99 31, 4. 100 31.
y 3 4. 19 23. 36 6, 30. 56 12. 6132.
114 3. — 623 3. 301. 39 24. 55 16.
62 10. 121 18. — ε 26 27. 35 27.
33 5. 42 21. 46 36. 52 31. 56 26.
53 4. 30 9. 112 34. -ζ 6 23. 8 2.
22 20. 40 9. 44 3. 54 19. 56 24.
63 14. 65 9. 71 14. 36 15. 39 17,
22. 105 9. - η.18 6. 25 236, 316.
29 3. 31 13. 40 7. 47 31. 6916.
71 3. 74 9. 77 7. 37 20. — 3 311.
27 16. 44 16. 46 22 d. 56 15. 64 21.
70 5. 72 11. 73 29. 74 1. 32 27.
34 20. 35 3. 36 23. 103 4.

ἀλλ’ α 113 7.

ἄλλων α 7 26. 9 33. 10 32. 15 31, 4.
13 21. 22 3. 30 22. 32 22. 40 23.
57 11. 60 12. 62 27. 72 27. 7411.
91 24. 94 30. 93 13, 22. 107 10.
124 26. 123 30 — β114, 5d. 13
14, 35 157,17. 2014 2230. 2416.
33 13. 44 16, 20. 51 23. 54 24. 62
25, 28. 68 17. 72 21. 31 1. 33 29.
91 12. 99 14. 102 12. — y 5 30.
25 27. 32 13. 39 16. 45 12, 34. 61
35. [84 31. 92 17, 13. 104 26. - 6
8 13. 9 3. 47 31. 50 10. 52 29. 64
27. 77 1. 3510. 91 17. 92 33 s. 93 3.
100 13. 102 13. 114 7. 113 29. 124
3. 126 32. — ε 1715. 13 30 s. 3235.
60 2. 61 36. 91 10. 109 25. 111 5.
,- ζ 4 19618 4. 23 24. 3225. 43
22. 47 36. 55 33. 60 32. 6130. 75 17.
7925. 9715. 9325. — η2631.
28 11. 30 32. 43 3. 4323 56 311

19. 77 22. 86 26. 36 35. 105 13.
120 31. — β 21 30. 40 7, 20. 47 25.
61 31. 97 28, 86. - y121. 17 23.
37 13. 40 10, 1s. 53 30, 7, 12. 53
29, 4. 63 33. 63 25. 30 12. 109 16.
— 6 26 26. 4314. 63 2. 92 12. 103
19. 116 3. 122 34. 129 34. - ε 16
36. 29 22. 53 16. 90 7. — ζ 15 19.
16 10. 13 6. 41 30. 44 13. 37 17.
— η 12 29. 70 266. 86 24. - 929
26. 43 25. 63 16. 64 4. 73 23,1, 15 d.
34 14. 96 13.

ἄλλαις oc 18 4. - β 8 23. - ζ69 26.

- η 2191123. 45 12. -- θ 103
18.

ἄλλους α 3 29. 30 3. 37 3. 33 12. 56

26. 67 5. 63 9. 70 30 6. 71 2, 15, 22.
76 23. 90 9. 93 17. 95 16, 19. 102
33. — β 23 33. 43 15. 49 19. 67 7.
72 18. 81 13s. - y 4 13. 11 33.
4313. 50 7, 14. 54 14. 59 14. 62 25.
63 10. 64 22. 70 3. 75 14. 101 31.
— 6 8 13. 16 7. 12 36. 53 12. 57 2,
5. 6411. 72 26. 30 12. 96 22. -
ε 416, 21. 611. 3 29. 9 23. 1011.
13 21 s. 21 5. 30 13. 35 6. 53 24.
30 15. 105 30, 3. 10319. 110 29. -
ζ 29 13. 3123. 3314. 46 21. 49 23.
53 16. 54 34. 60 3. 30 13. 35 25.
90 13.100 6103 2. — η 411. 3 2.
11 9. 13 17. 32 3. 43 19. 56 27. 53
20, 30. 75 23 s. 32 11. 35 36. 36 20.
37 24. —- 9 3 1. 12 21, 31. 37 26.
4511. 49 24. 64 21. 6519, 21. 70 7.
74 23. 76 27. 34 17. 39 27. 90 27.
93 25. 97 6. 105 7.

ἄλλας α 3 24. 13 9. 29 32. - β 49

17. 76 20. 90 28. -- y 88 31. 89 22.
— δ 39 23. 52 35. 109 23. - ε 14
17. 23 14. --ζ 1511. 25 31. 47 32.
48 4. 5012. — η 25 5. 64 5. 7419.
—- θ 7 5. 10 23, 27. 15 6, 13. 17 3.
30 32. 36 4. 42 29. 45 12. 57 25.
76 29, 3. 86 30. 94 16.107 9.

5720, 21s. 6017, 3. 6111. -θ ἄλλοσεα535. -β71.-”δ487.

12 26. 39 26. 50 10. 53 30. 66 31.

— η 327. 3631. -θ9220, 101 29.
2*

