304

148,198, 23s, 46, 76, 8d. 93 23,
30. 94 4, 5, 6, 11,15. 95 18, 1, 6,-
7, 13, 16, 20 6, 216. 96 27, 31. 97
4, 8. 99 29, 4. 100 29, 5. 101 13,
15, 28, 29. 102 6,12,15. 103 21, 22,
25. 104 6, 9, 11. 105 24, 27, 3. 106
8, 14, 18. 107 8, 8. 108 23 25. 109
7, 13, 15, 16, 17.

τᾶν ε 79 18, 27, 28, 28.

τοῖς α 1 8. 3 31. 5 14, 28. 6 34, 14,
15. ’7 21. 9 13, 20. 1014. 1116,25.
13 31. 14 18. 18 24. 19 32. 20 20.
22 1,10. 23 7,10. 25 20. 3310.
34 33, 7. 36 13, 15. 37 10. 38 19.
40 14, 16. 42 20. 44 24. 47 29. 48
32. 49 18, 23, 24,1. 50 26. 51 3, 10.
52 20. 53 32. 54 17, 21. 55 13. 57
4,12. 58 28. 6016. 61 19,1. 6210.
63 6,15. 65 3. 66 14, 15,18. 68 23,
24. 69 23. 70 30, 7, 9, 15. 71 12,14.
72 33, 34, 2. 73 6, 9, 12. 75 30, 5.
76 15. 77 33, 1, 17, 22. 80 26, 33.
81 3, 5, 15. 82 5. 83 17. 84 ll. 85
22. 25. 86 2, 16. 88 1. 91 36,4, 14.

92 20. 93 22. 97 6, 10. 99 33. 102 ,

3, 18. 103 25. 105 32, 13. 106 18.
107 29, 14. 168 28. 116 25. 112 27.
115 19. 118 12. 120 1. 121 34, 34.
123 8, 9. 125 11. 126 10, 226. 127
31, 7. 129 21, 21. 131 21, 23. 132
31. 133 5. 134 30. 135 5, 9. 137 4,
10. 139 4, 4. 140 28. 141 25. 144
16, 24, 4. 145 8.

β 2 14. 4 7. 5 12, 21, 28. 6 13, 14.
7 6. 8 23, 26. 11 27, 30, 1, 86. 12
26, 27, 32. 13 16, 16, 76. 14 32.
15 12. 16 33. 17 22. 18 4. 21 30.
22 26, 25. 25 31. 27 31. 29 2. 32 6.
34 13. 35 19, 2. 36 12, 15. 39 3.
40 11, 16, 20, 24. 41 10, 10. 42 29.
43 22. 45 1, 7. 46 12, 13. 47 23, 31.
49 30, 31, 31. 54 10, 17. 61 19, 31.
62 10, 31. 64 33, 3, 15. 65 22, 24,
11, 31d, 4s, 5s,6s. 67 15. 70 6, 7.
71 7. 72 17,23, 5. 73 19. 74 4, 7, 8.
75 11. 79 23,26, 27. 80 21. 84 1, 5.
86 21. 87 76. 88 8. 90 34. 91 15.
92 6. 95 12. 96 27. 97 26, 28.

y 2 10. 3 35. 4 12, 23. 5 28. 6 11.

τᾶν -— τοῖς

9 8, 16, 20. 10 32, 5. 11 33. 12 1.
13 14, 12. 15 26, 27. 17-18, 23. 21
19. 22 14, 32 s. 23 9. 24 16. 25 24.
26 8. 27 18. 28 23, 1. 30 30. 33 27.
35 2. 38 35,17. 3912,20,25s, 26 s,
33 s, 34 s, 35 s. 40 6,18‚1s,4s. 46 6.
47 33, 33, 3, 6, 7. 48 19. 50 13. 51
26, 30. 52 3,12. 53 5, 7. 54 28. 55 9.
56 33, 37. 57 3, 9, 16. 58 36, 4, 12.
59 32, 3, 11. 63 16. 64 15, 16, 28.
66 35. 67 8, 8, 30, 31. 68 24, 25.
70 16. 73 29. 77 13. 78 27, 29. 80
11, 12. 81 6, 15. 82 17, 18, 22, 26.
86 31, 1. 87 16. 89 17. 90 31,2. 92
8, 9. 95 1, 9, 13, 17, 18. 97 13,13.
98 9. 101 27. 102 32. 103 7. 164 35.
166 26. 107 31, 37. 109 10, 16. 110·
25, 28. 112 24, 29. 114 3, 5, 11.
12. 2 21. 310. 4 13,15. 64. 8 27,
2,14. 1621. 1133. 1215,16. 1412.
15 33. 16 9. 1916. 20 26. 24 23, 36.
25 1. 26 23, 8. 27 18, 25, 1. 28 29,
31, 33. 30 26. 32 1, 4, 5. 33 15,18.
34 9. 38 32, 10. 39 23. 40 32, 35, 4.
41 19. 42 32. 43 14, 22. 44 34, 11.
47 26, 32. 48 18. 56 33. 5923. 607.
61 19, 21, 24, 28, 29. 62 19. 63 3.
65 31, 32. 67 13, 26. 68 17, 24. 69
7, 8. 76 17. 72 15, 20, 22. 73 20.
74 26, 2. 76 23, 27, 27. 78 21, 22.
86 3. 81 26, 26. 83 18. 86 24, 1, 1,
3, 7. 87 12, 25, 34. 88 7. 89 15. 92
12, 17, 25, 29 s. 93 35, 10. 94 25.
95 9. 98 36, 2, 14, 15. 10010. 1012.
103 35. 104 14, 22. 165 2, 9. 108
14, 19, 20, 32. 112 30. 114 17, 19,
26, 34. 116 29, 2. 117 18, 20. 118
23, 24, 25, 28, 30, 31, 236, 246. 119
12. 121 15. 122 34. 123 22. 124 6.
125 14, 16. 126 31, 1, 4, 17. 128 1,
24. 129 29. 136 25, 27, 29, 36. 132
27, 34, 3, 9.

5 27, 27, 32, 33. 6 24. 8 24. 9 31,
35, 5s, 9s. 10 24, 29, 30, 2. 11 8.
14 14. 15 23. 16 33, 15, 27. 17 32.
18 29,29,30, 30, 16. 21 4, 8. 24 34.
25 4, 8. 26 23, 33, 5, 6. 28 6. 29 11,
28. 36 7. 31 30, 34. 35 12. 36 16.
37 8,14. 38 24, 25, 36. 39 15. 46 35,6.

