πολλοῦ - πολλὰ 3 7 3,

97 16. 98 23.108 28. 112 26, 1. —
6 3 2101. 1214. 13 29. 25 138.
29 10, 21. 30 29. 31 19. 35 19. 48
20. 60 36. 75 28. 92 11. 98 16. 101
22. 10815. 113 5. 125 6. 131 22. —
ε 2 28616. 10 28d. 16 20. 716.
73 26, 30. 107 15. 109 24. 110 29.
— ζ 22 13. 2410. 33 14, 20. 34 22.
37 20, 33. 46 17. 61 12, 9s. 63 7.
70 13, 19, 24. 77 7. 86 8, 19. 87 9.
92 10. 95 9.- η 1 8. 7 281110.
27 13. 30 18. 34 15 6, 16 6. 38 33.
39 20. 40 19, 21. 41 3. 44 4. 48 5,
12 s. 55 9. 56 23, 32. 60 7. 63 27.
6527. 717. 75 33. 79 6. 80 24. 85 7.
-313, 58. 69. 1019. 1135.
15 6. 17 11. 20 30. 38 3. 51 3. 56
12. 66 31,4. 70 3. 89 7. 92 15. 105
25. 106 29.

πολλοῦ α 3 26. 10 14. 58 19. 68 25.
- 3 4 15. 51 24. 77 15. 85 30. 88
16. 89 21. 100 20. — y 94 27. -
6 26 36. 32 8. 40 2. 67 8. 100 9.
115 21. — ε 67 18. 69 21. - ζ 11
29. - η 40 10. 51 20.

πολλῆς α 24 25. 719. 105 33. 109 13.
-γ451.-ε7611.-η1329.
- 3 2 14. 101 23.

πολλῷ α 3 27. 12 5. 18 14. 51 15. 69
20. 801. 87 21.11114.114 21. 1154.
130 30. 13210. 136 27. 137 4. 143 2.
- 3 3 24. 411. 27 30. 3017. 488.
49 25, 32. 51 14. 601. 65 31. 80 6.
89 10. 92 16. 94 20. 102 26. — y
47 9. 67 13, 16. 77 8. 107 30. 108
27. — 6 29 12. 35 20. 36 9. 7213.
80 9. 88 11. 92 5. 93 7. 1075. 1141.
121 23. 123 29. — ε 16 6. 24 32.
32 3. 34 36. 3716,19. 45 11. 50 36.
59 7. 60 18. 63 29. 64 17. 76 3. 78
10. 10132. -ζ 122, 24. 5 21. 714.
19 2. 46 11. 55 12. 56 23. 65 12.
93 30. 98 24. — η 17 9. 19 27, 9.
2816. 3619. 48 13. 51 9. 5514,17.
80 26.8126.- 311 3. 44 11. 71
18. 83 17, 20. 85 7. 89 22. 90 23.
95 23 d. 99 6.

πολλῇ α 55 8. — 3 20 33. 21 32. —
y 79 6. 96 32. - 6 55 16. 127 22.

- ε 60 5. — ζ 33 2. 3524. 6833,
-η117.4424. 719.-3220.

πολύν ὃ 14 20.

πολὺν α 17 23. 86 6. - 3 19 29. -
y167.—‹514.3528.4433.—
ζ 21 29. 32 23. 49 33. -— η 34 31.
44 16. 71 16. 78 12.

πολλήν α 95 17. - 3 48 3. 56 9. 99
17. — ε 111 10.

πολλὴν α 10 13. - 3 8115. — y 61
25. -— 6 3 35. 19 1. 44 6. 53 19.
86 10. 92 23. 112 30. — ε 99 18.
115 25. -ζ 78. 195. 4623. 957.
974. 105 31. - η 1 7. 4218. 5011.
—- 3 3 33. 53 2. 61 27. 71 14, 18.
86 13.

πολλοι α 126 9. - 3 4 20, 28. 2222.
-γ1927.-ζ5130. 6019.—
η 24 10. - 3 16 30. 55 29.

πολλοὶ α 10 6. 27 22. 47 30. 80 19.
126 4. 13916. — 3 1710,23. 25 9.
35 17. 49 3, 14, 20 6. 52 11. 81 9.
9819. 9912. — y 18 8. 20 8. 7224.
74 8. 81 33. 82 296. 87 23. 98 1.
108 34, - 6 25 32. 35 23. 38 18.
48 16. 5229. 94 28. 106 12. 11519.
126 20, 27. 127 30. m ε 413. 1019.
29 29. 83 6. 85 2. 96 33. — ζ 1 20.
2 33 d. 15 13. 20 21. 27 14. 31 10.
54 1. 56 30. 68 14. 70 25. 88 5.
100 20. 101 16. 103 23. — η 4 31.
44 32 6, 2s. 57 19 s. 58 29. 62 30.
66 1. 67 24, 26. 78 11. 80 13. 818.
85 3,14. — 3 9 6. 1415. 4014,19.
89 4. 92 46.

πολλαί α 93 31. - η 82 10.

πολλαὶ α 9 5. 89 21. 109 4. — 3 51
18. 102 23. - y 43 23. 45 19. —
65811.-ς2022.-η67 1.-
3 14 19.

πολλά α 24 23. — 3 17 26. 66 19.
100 23.-γ62 23. -6 8119. 1221.
-- 3 55 29.

πολλὰ α 2 2. 5 25. 6 14, 17. 12 30.
13 13. 14 22. 20 15. 21 27. 33 4.
35 26. 38 25. 52 25. 69 23. 718.
7829. 86271883.9431.10919.
12017.12125. 12217.12314126
12.1375.14411— 3822, 22.

