ἐστι — οἷσι

6 56 10. - ζ 4 4. 2024. 96 21.-
η 63 22.

ἐστι α 2 9. 13 25. 18 32. 24 14. 86
35. 93 9. — β 29 16. 98 12. 99 32.
102 27. — y 38 29. 47 9. 62 12.
94 16. - 6 67 24. 86 32. 127 33.
-ε2721.-ζ91.5014.-η
26 13. 42 32. 49 26. 67 23. — 3 6
17. 90 4.

ἔστι α 23 34. 26 15. 46 14. 50 24.
63 7. 126 2. - β 13136. 5613.
89 14. 94 26. 96 7. — y 13 3. 45
14. — 6 24 31. 32 36. 41 11. 70 20.
76 14. 104 28. 109 19. 116 31. 123
21. - ε 614. 7615. 9112- ζ
34 27. 46 35. 97 1. - η 4 15. 61
15. — 3 10 25. 35 18. 67 24.

ἔστ’ β 43 4.

ἐστίν α 40 15. 73 16. 80 28. 86 2. —
β 27 1. 87 33. 88 16. 89 23s.— y
39 36. 95 7. 113 22. — 6 42 31, 34.
— ζ 45 31. 62 22. 92 33. -390 5.

ἐστὶν α 69 28. 9328. 142 9. — (341 3.
74 30. 86 21. 97 11. — y 30 26.
37 12. 45 21. 48 21. — 6 102 9. —
-ε18248.-ζ64. 17 235. 35
26. 591. -η632, 6612.-3
82 12.

ἐστιν α 29 28. 341. 3613. 55 2. 716.
120 9. 136 25. 141 29. — β 34 4.
5528. 8624. —- y 914. 3734. 39 2.
42 16. 93 27. 104 35, 7. 106 23.
111 10. 116 17. - 610 2. 19 13.
5315. 674— 89 8s. 2028. —
ζ 1 24. 3 8, 13. 9 22. 36 35. 40 15.
54 29. 79 34. 80 9. —— η 29 10. —
3 87 8.

ἔστιν α 6 15. 10 23. 12 9. 25 22. 65
13. 83 14. 93 30. 126 29 6. — β 26
22. 33 18. 35 29. 39 21. 62 17. 63
10. 67 14. 81 29. 97 5. — y 18 16.
36 6. 43 21. 45 31. 9218. 93 5. -
63 3. 2433. 627. — ε 25 9. 725.
102 33. - ζ 18 36. 3812. 44 23.
7233. 8817.-η27. 11301224.
2119. 2613. 291. 70276 -3
53 10. 65 10. 74 29.

ἐστὸν y 112 16.

ἐσμέν α 68 17. 80 32. 86 32. - y

117

14 16. 53 30. -— ε 108 21. - η
11 28.

ἐσμὲν α 121 31. - ζ 34 16. — η 11
25. 14 26. 77 26.

ἐσμεν α 38 20. ’75 29. - β 89 34. —-
ζ 68 2. 77 19. 89 28.

ἐστέ β 71 30.

ἐστὲ α 4Ο 22.

ἐστε α 40 24. - y 63 29. — 620 30.
-ζ39 5.-η77 29.

εἰσίοι 4011. - ε 66 4. - η 48128.

εἰσὶ α 23 26. 83 12. — β 49 216. 66
15. 72 20. 96 26. 99 31. 101 24.
102 25, 31. - y 24 9. 92 34. — 6
3 28. 53 16. 92 32. 103 32. 107 6.
— ε 18 8,18,225. 32 13. - ζ 220.
10 12. 27 13. 34 2, 6, 22 6. 49 16.
80 5. 85 27. — η 13 12. 25 27. 57
21, 29. 64 15. — 3 37 9. 61 28.
101 28. 108 26,

εἰσι α 41 15. 80 25. 110 26. 120 29.
141 28. — (2³35 31. — y 161. 22 7.
— 617 8. 75 32. 76 9. -ζ1023,
76 32. - η 72 34.

ἐντι ε 77 2, 4. 79 22.

εἰσίν α 728. 38 13. 47 31. — β 118.
- y 52 22. 6814. 94 32. — 6 91
19. 98 7. 9923. — ζ 82 1. - η25
32 6. 33 12. 77 5. — 3 78 13.

εἰσὶν α 114 25. - β 49 28. 89 22 s.
— y 13 30.- ζ 2018. 7714. 88 8.
-η1226, 4445. - 361611
11. 36 5. ·

εἰσιν α 5 22. 86 31. - β 64 18 s. 68 4.
— 610 33. 8129. 9117.— ε 84
26. 111 26. - ζ 17 215. 37 28.
4014. 45 26. 9133. 104 9.— η 120.

η α 20 3. 4116. 42 29. 58 30. — β
335. 3431. 457. 728. -- 72216.
39 28 5. 74 2. 82 25. 85 23. 10512.
— 6 8 2. 17 35. 321. 92 20. 98 36.
126 14. — ε 18 36. 30 5, 18, 21.
41 1. 47 216. 79 27. — ζ 18 336.
93 7. 101 32. — 3 1 31. 27 14.
37 23.

ὦμεν ζ, 38 8.

ἦτε y 57 23.

ὦσι α 711. - (336--1‘415- 8322.
923.—g 1612. 4212—992106.

