1 18 αἷσιν - εἶναι

ὦσιν α 501. 51 16. 99 32. - β 333. 21 24. 22 2d. 30 28. 31. 36. 35 1.

— y 75 20. 113 2. - ζ 47 36. 751. 37 21. 38 19. 39 23. 42 12, 18, 24.
84 11. 85 22. - η 4 3. 67 26. — 43 9. 48 14. 51 27. 53 33, 4, 11. 55
εἶ’φῗα275 1223. (ῗῖ52 2351, 33. 121 8. 126 21. 9:133).ss 7106,2Ξ.2·81)75.1082 6176 ζ’. 282 1⁶98.
138 15. 139 12. - β 7 14. 13 11. 94 26. 95 19. 112 26, 4. 113 16, 18.

57 24. 72 30. 89 24 S. 97 23. -—— y δ 2 11. 3 5, 7. 10 19. 11 27. 12 15.
3 26. 21 26. 52 10. 71 7. 8611. 92 17 9. 18 14. 20 34. 21 8. 22 26.
25. 97 1. - ὃ 11 29. 23 12. 26 7. 23 4. 24 30. 27 5, 7. 28 14. 29 12,
46 21. 54 9. 6713. 71 6. 77 31. 85 15, 16, 18. 31 23. 40 35, 2. 41 19.
11. 86 2. 100 10. 114 27. —- ε 21 56 2. 57 25. 59 18. 62 6. 64 10.

9, 13. - ζ 8 3. 9 33. 28 33. 29 8. 65 31. 67 11. 70 33. 73 17. 75 20.
34 24. 46 23. 97 22. — η 38 14. 81 16, 28. 82 32. 87 15, 17. 91 23.
44 13. — 9 2 8. 4 17. 6 18. 2426. 92 34. 97 22. 98 36, 7, 11, 14, 20.
50 19, 22. 51 32. 53 31. 65 21. 99 27, 30. 106 16,17. 114 8. 118
100 18. 18, 25 d, 34d. 120 26, 5,11. 12516.
εἴημεν α 33 19. 126 24. 128 11. 129 28. 130 12.
εἴησαν α 9 5. — β 72 32. - y 2215. ε 1 17. 8 20. 95, 34. 13 26. 1416,19.
— ζ 96 30. 15 23. 16 1. 17 32, 33. 18 26, 28,
εἷεν α 67 27. — β 6 21.1128.— y 5, 9, 76. 21 7. 22 27. 23 2, 4, 9, 11,
19 25. 44 29. — 6 27 8. 93 9. - 22. 27 24. 29 23, 28. 3ο 3. 317,21.
ε 2 1. - ζ 11 10. 851. — 9 45 9. 32 12. 34 35, 8. 35 22. 36 29. 40
72 7. 4, 14. 41 25, 33. 43 30, 4. 44 24.
ἔστω α 34 4. - ε 18 34 s,1d. 47 28 d. 46 24, 25, 8. 47 24, 30, 3, 11, 15 s,
— 918 23. 18 s. 49 7, 11. 59 27.6014.6111.
ἔστε β 64 14. 72 25. 74 1, 7. 63 27, 3. 65 34. 69 13. 71 2. 84 18.
ἔστωσαν 9 18 32, 34. 90 4. 94 26. 107 14. 112 3, 5.
εἶναι α 3 20. 9 28. 10 9,15. 17 25. ζ 2 4. 6 27, 31. 9 27. 12 31, 8. 1313,
20 19. 2130. 25 14. 28 5,16. 2931. 14. 14 33, 34. 16 24, 3. 17 22, 26.
34 1. 38 17. 42 22. 43 4. 513. 59 3. 18 4. 22 23. 24 22. 25 29, 31, 1.
64 21. 65 4. 67 31. 69 14. 70 30. 26 3, 5. 27 21. 28 31. 33 32, 34.
71 20. 72 28. 75 5. 76 23. 77 17. 34 1,4. 36 3. 37 20. 39 29, 32. 48 8.
79 13, 14. 83 12. 84 25, 5, 10. 88 49 17, 24. 52 7. 53 24, 26. 54 21.
34. 90 3. 91 6, 10, 13, 16. 93 4. 56 22. 60 24, 30. 64 7. 65 10. 68

9515. 102 3. 103 25. 117 28. 11810. 35, 9. 71 9. 72 26. 78 27. 79 23.
120 5. 124 24. 12516. 126 33. 1284. 80 7, 17. 82 10. 86 18, 23. 87 13.

131 18. 132 31, 9, 17. 136 29. 137 88 33. 89 33, 6. 919. 921, 2. 93 7.
13. 138 21, 26. 139 12, 18. 141 21. 96 23. 99 17.
143 23. 145 11. η 1 28. 3 15. 5 11. 6 28. 81,3. 116.
β 3 31. 4 23, 2. 11 17. 12 22. 13 14, 12 18. 14 18. 28 23. 34 19, 30. 35
21, 36, 6d. 18 4. 212. 27 28. 285. 28. 36 28. 41 3. 42 21, 27. 43 21.
34 9. 35 20, 32. 36 25. 40 6. 4132. 44 15. 47 4, 5, 7. 48 9, 3. 51 12,
42 21. 43 21. 48 11. 51 27. 53 3. 15‚18. 56 24,31. 58 21. 59 5. 601.
54 21. 60 8. 63 13. 64 6. 65 35, 9. 67 18. 68 12, 16. 69 2. 70 18, 58.

75 27, 30. 77 31. 80 16. 81 19, 33, 73 8, 17. 74 6. 77 14, 32, 6. 81 19.
21 s. 84 30. 85 27. 86 33. 8719. 89 83 27. 86 21, 24, 26.
25, 28, 34, 16, 5d. 100 11. 102 13, 9 2 12. 12 27. 27 1, 17. 28 30. 36 3.
16, 1. 37 8. 41 29. 42 27. 43 18. 46 2, 8.
y 3 17, 20, 28. 9 12, 19. 12 11, 12. 47 25. 48 31, 32, 116, 16 d, 17 6.

