ἐλθουσῶν - ἐς 1 6 1

ἐλθουσῶν ε 36 12.

ἐλθοῦσι α 137 4. - β 39 4.

ἐλθοῦσιν α 31 2. — θ 71 16.

ἐλθόντας ὅ 46 18. 60 9. 65 1. 98 10.
-ε551.-ζ3634.3723.-η
57 278. 66 4. ·- θ 67 5.

ἔρως y 45 26. - ζ 24 13.

ἐρωτᾶτε γ 5419.

ἐρωτῶν y 113 18, 20.

ἐρωτῶντος α 133 1.

ἐρωτῶντες α 5 21. - y 68 12. — η
44 16.

ἠρώτων y 5219. - η 70 9s. — 9
92 30 S.

ἠρώτα θ 53 2.

ἐρωτώμενοι θ 53 9.

ἐρωτηθὲν γ 61 23.

ἐρώτημα y 54 16. 60 20.

ἐρωτήμασι η 44 14.

ἐρωτικῆς ζ 57 11.

ἐρωτικὴν ζ 54 33. 59 26.

ἐρωτικῶς ζ 54 6.

ἐςα15, 14. 29, 14. 324. 633,35,
7,8,10. 918. 123.1321. 1418.
15 8, 9. 17 18. 18 1, 13, 23. 19 33.
22 12, 17, 17. 23 11, 11, 13. 24 29,
33. 25 4, 8,21. 26 28, 31,1,5. 27 18.
28 33. 30 13. 31 34, 1, 4, 8. 32 19,
20, 23. 33 14, 24. 34 2. 36 7,12,17.
38 12, 25. 39 30. 41 10. 44 25. 45
2, 5. 46 14, 17, 18. 49 19, 28, 7. 50
20, 28, 29. 51 10, 14. 52 30. 53 31,
14. 55 14. 56 17, 22. 58 17, 23, 27,
31. 59 1. 61 24, 31, 3. 62 24, 30.
63 1, 2, 3, 12. 64 20, 22, 28, 30. 66
15,18. 67 25. 68 9. 69 32, 20. 7017.
71 13. 72 28, 3. 73 6, 14, 27. 74 2,
5,15,.26. 75 3. 78 29, 31. 79 9. 82 4.
87 12, 16, 19, 20. 89 7. 90 28, 32,
8, 15, 17. 91 10, 14, 17. 92 23. 93
5, 17, 23. 94 31, 32. 95 12. 96 33.
99 36. 100 6, 10, 15. 10120, 23.
103 29, 31, 1, 3. 104 9,1.2. 10517,
25, 27, 30, 2. 107 23, 24, 25. 108
18, 22, 30. 109 6, 7, 11,15. 11022,
30,4. 11116,19. 112 24,26. 114
22, 24, 26, 30, 34. 115 13,16,18,
21, 21. 116 30.-118 6,14. 120 29, 19.
12127, 3, 7. 123 8,14. 125 17. 127 8.

Iudex Thucydideus.

128 21, 24. 129 12. 130 5. 131 11,
12, 20, 20, 23. 132 11, 16, 17. 133
32. 134 18, 27. 135 11. 136 15, 18,

30. 137 7, 9, 17. 138 9, 10. 142 30,
33. 144 12, 2.

β 2 2, 14, 16, 17. 3 27, 34, 8. 4 22,

25, 31, 3. 6 17, 26. 7 1, 7, 11. 816,
2995, 7, 25.1030, 32. 1120, 3.
12 15, 18, 28, 30, 33. 131, 2,17,30,
23d, 256. 14 30, 30 15 35, 7, 11,
28 178. 18 31. 19 21, 27, 28. 20
31,32,1,3,9, 11. 21 19, 21, 23.
22 15. 23 32, 10. 24 17, 22. 25 27,
34, 5, 11. 27 30. 29 26, 30. 30 13,
18. 31 20, 1. 3311,21, 21. 34 34, 3.
35 31. 36 15, 15. 37 28, 28, 32, 3.
39 25, 29, 4. 40 24, 28, 28. 41 6.
42 29. 43 15. 47 20. 48 1, 2, 3, 6,
7, 12. 49 17, 18, 25, 26, 2, 4, 12,
19d, 19d. 51 5, 29. 52 33, 8, 12.
53 17, 27. 54 22. 55 27. 56 34, 8,
10,14. 588. 60 27 6210,14. 64
33, 10. 655, 8, 13, 280, 8s 6614,
18. 67 24, 27, 9, 15, 18 6814. 69
32 701 11, 19. 7124, 30 72 28, 6.
73 12. 74 32. 75 9, 17, 22, 25. 76
1, 12. 77 5. 78 1. 79 12, 13,14, 18,
32, 1. 80 10, 20. 81 8,11, 16 s, 19 s.
83 2. 84 22, 9, 11, 13, 15, 18, 20 s.
85 1, 6, 11. 86 16, 31, 32. 87 10.
89 2, 17, 20. 90 8, 28, 34. 91 5, 7,
9, 20. 92 25, 3, 12, 17. 93 18, 27.
94 11, 13, 19, 28. 96 22. 97 10, 14,
16, 16, 6, 7. 98 17. 99 29. 100 29,

55555

103 1'4, '15.

7121. 210 334 36„.23 48,17,

20, 24 527. 720, 26, 31, 31 84,.6
10 23, 24. 11 15 18, 33. 12 ι 14
14. 15 26, 27, 30. 1613.19 20. 20
3, 12. 21 24. 22 29 s, 31s. 23 22.
24 32, 1, 6, 8, 9. 25 20, 21, 23, 24.
26 33, 35, 1. 27 21. 28 28, 29, 1, 2.
29 12, 14. 32 10, 15, 21. 34 7, 11,
18, 20. 35 31, 34. 36 14, 30. 37 2,
4, 4, 18. 39 33, 6, 12, 17. 40 17.
44 32, 34, 3. 45 10, 18, 25, 31. 46
9, 12, 19, 20, 28. 47 35, 10. 49 25.
51 32. 54 14, 23, 31, 32. 558. 56 33.
11

