96 δι’ -- διεγένετο

θ 2 13, 16. 6 2. 12 33. 15 31,12. 17
18. 31 9, 24. 32 30. 38 9. 39 5. 40
16, 25. 46 15. 48 20. 50 16. 56 6.
63 32. 66 6, 6. 68 17. 71 22, 24, 28.
72 8. 73 25, 26, 32. 75 5. 83 22, 31.
84 20. 87 31. 92 11d. 95 11. 9815,
23. 100 32, 1. 101 16, 25. ·105 29,
31. 106 15. 108 27, 3.

δι’ α 2 25. 3 36. 11 23. 1719. 18 3.
32 24. 33 19. 36 1. 40 25. 41 10.
68 16. 70 24. 71 18. 73 18. 77 20.
83 15. 84 25. 120 15.128 6.1318.
13711,30.13811.1428.- (2²28.
11 22. 22 12. 369. 37 4. 40 27. 42
11. 4914. 5917. 6016419,24.
67 30. 85 30. 87 8. 89 28, 28 s. 98
13. — y 11 17. 13 2. 21 25, 27.
23 7. 39 11, 32 8. 43 17. 51 25. 56
13, 17. 57 12. 64 17. 67 20. 88 28.
106 16, 23. — δ 8 19 d. 17 10. 40
37. 55 30. 59 30. 95 35. 126 25.
128 22. — ε 14 35. 29 21. 46 10.
66 25. 69 22. 86 15. 110 30. 111 5.
115 25. - ζ 5 3. 9 29.11 11, 278.
15 7. 17 31. 29 11. 33 23. 38 9. 47
35. 54 32. 56 23. 57 6, 11. 59 26.
61 35. 75 35. 80 10. 89 20. 102 1.
— η 4 18. 6 7. 8 12. 1516. 28 10.
29 23. 30 28. 3413,13. 36 1. 39
29. 48 10 8. 70 11 S. 7122. 82 4. —
θ 5 19. 12 27. 43 26. 50 22. 53 33.
56 21. ’73 4. 76 10. 88 12. 94 11.
96 5.

διαβαδίσαντες ζ 101 6.

διέβαινεν δ 53 18.

διαβεβηκότος α 114 22.

διαβεβηκότες η 71 2111. - θ 38 33.

διεβεβήκει θ 85 12.

διέβη δ 103 11. 121 22. 122 31. —
η 31 14.

διέβησαν α 115 21. - y 22 33. 85 21.
-— <58 22d. 3814. -ζ 2 17,27d.

διέβησάν η 80 3.

διαβῶσι η 84 14.

διαβῆναι η 84 17.

διαβὰς α 109 20. - y 3 35. — δ 129
28. - η 82 20.

διαβάντες α 64 22. 114 34. - β 518.
67 3. — y 23 25.10615. —- ‹546 8.

— ζ 66 11. - θ 14 22. 2513.
43 6.

διαβατὸς β 5 17.

διαβάλλουσι ζ 83 29.

διαβάλλοι η 48 29.

διαβάλλειν θ 88 12.

διαβάλλων ε 16 2. - θ 86 26.

διαβαλλόντων β 83 8. — γ 4 17.

διέβαλλεν δ 27 35.

διέβαλεν β 18 8. — θ 54 28.

διαβαλεῖν y 109 21.

διαβαλὼν y 42 21. — ε 45 5.

διαβαλόντος θ 54 24.

διαβαλοῦσιν ζ 30 24.

διαβάλλοιντο θ 81 18.

διαβάλλεσθαι ε 17 1.

διαβαλλόμενος ε 16 14.

διαβεβλῆσθαι 9 109 9.

διεβέβληντο θ 83 17.

διαβληθῇ ε 46 7.

διαβληθῶσιν δ 22 32.

διάβασις 9100 6.

διαβασεως y 23 16. - δ 103 τ. 104
13. — ζ 101 13.

διαβάσει η 78 24.

διάβασιν y 92 12. —- η 84 18. - θ
5 31.

διαβάσεις η 74 15.

διαβατήρια ε 5418. 55 8.116 2.

διεβίβαζον δ 8 21 d.

διεβίβασαν α 105 29. —— δ 8 12.

διαβοώντων θ 53 31.

διεβόων θ 78 8.

διαβολὴ θ 91 30.

διαβολῆς ζ 29 16. 89 13.

διαβολῇ β 13 8. — ε 17 29. - ζ616.

διαβολην α 127 3. 131 19.

διαβολαῖς ζ 87 28.

διαβολάς 9 87 34.

διαβολὰς β 65 32 d. -- ζ 29 6. 41 24.
90 8. — θ 109 16.

διαβόλως ζ 15 5.

διαβουλευομένων β 5 26.

διαβουλεύσασθαι η 50 5.

διαβουλευσαμὲνους ζ 34 35 8.

διάβροχοι η 12 22.

διήγγειλαν η 73 4.

διάγγελοι η 73 33.

διεγένετο ε 16 11.

