302

14 2, 8, 13, 22, 26. 15 1. 16 4, 14,
20. 17 29, 31, 35, 5. 18 12, 16, 19.
22 34. 23 7,12. 24 21. 25 6,12, 15,
16,24, 31,13s, 15 s, 19 s. 26 22,23,
1, 6. 27 20, 32. 28 10, 24, 33. 29 2,
11, 20. 30 25, 1, 32, 34, 36, 4, 5.
33 13, 15. 34 28, 7, 14. 35 21, 24.
36 34, 36, 36, 13, 16. 38 30, 37, 3,
17. 39 22. 40 31, 37, 37. 41 6, 16,
18. 42 27, 3, 4. 43 11,15,18,23,24‚
26, 27, 30, 31. 44 1, 11, 16, 18. 45
27. 46 6, 17, 19, 23, 24. 47 29, 2.
4819, 22, 29, 31. 50 4, 9. 51 22.
52 29. 53 11, 17, 20. 54 29, 36, 6,
7, 9. 55 17. 56 4, 5, 14. 57 17, 20,
21, 23, 31, 33. 58 10. 59 24, 27. 60
33, 36, 1. 61 22, 36. 64 13, 15. 65
32, 36, 9. 66 14, 14, 18, 21, 23, 31.
67 34, 34, 6, 8, 24, 26. 68 28, 33,
35, 5, 5, 9, 14. 69 25, 30, 12. 70 17,
29, 32. 71 34, 4, 5. 72 17, 17, 18,
19, 23, 25, 28. 73 34, 21. 74 26, 26,
27, 30, 31, 35, 36, 2, 7. 75 14, 16,
21, 25. 76 23, 24, 26. 77 34, 34. 78
22, 23, 26, 2, 8. 79 15, 21, 24. 80
25, 30. 81 20, 25, 25. 82 32. 83 11,
14. 84 25. 85 3, 10. 86 23, 10. 87
12, 23. 88 8. 89 17, 20, 27. 90 30,
31, 1, 1. 91 15, 17. 92 28, 4, 26. 94
28, 29, 33. 95 9. 96 18, 21, 22, 24,
26, 28, 30, 32, 34, 1,2, 9. 97 14, 17,
20, 21, 23. 98 3, 13,15. 99 31. 100
35, 17, 18. 101 21, 22, 23, 31, 31.
102 13. 103 31, 5, 12. 104 14, 15,
21, 25, 26. 105 34, 1, 3, 5, 9. 106
14, 20. 107 4. 108 22, 32, 11 s. 109
27. 110 3. 111 19,20,26,27. 113 4,
7, 10, 14. 114 17, 26, 32,36. 115 9,
13, 22. 116 2. 117 18. 118 26, 27,
29, 5, 5. 119 23. 120 4, 7, 11. 122
36. 123 25, 33, 33, 35, 1. 124 5, 7,
8, 9, 11, 14, 18, 18, 28, 29. 125 36,
14. 126 22, 22, 34, 3. 127 29, 30, 32.
128 2, 6, 7, 12, 15, 19, 22, 24. 129
34, 7, 13. 130 21, 24, 30, 36. 132
27, 8, 9.

ε 1 13. 2 25, 27, 28. 3 8, 14, 16, 23.
4 10, 12, 14, 18, 23. 5 28, 30, 34.
7 30. 8 22, 25. 9 13. 10 12, 18 29,

τῶν

31, 31, 1411, 2211, 2411. 11 5‚5,7, 10.
13 24, 26. 14 9, 12, 20. 15 24, 24.
16 5, 13. 17 31, 1, 4, 6, 15. 18 22,
22, 23s, 24s, 27s, 30s. 199. 2021,
25, 26 2114. 2229. 251, 2, 5, 7,
10. 26 18, 8. 27 15, 20, 27. 2828,
31, 1, 9. 2918 304, 5, 14,15, 19,
20, 3’1,19. 3235, 4, 9. 3324 34
31, 36. 35 15. 3617,25. 37 31, 9,
11, 15, 18, 18. 38 31, 34, 1, 3, 12.
39 27. 40 33, 5, 14. 41 32. 42 4, 7.
43 25. 44 12, 14, 15, 29. 45 31, 12.
46 16, 23, 4, 8. 47 17, 32, 34, 5, 9,
11, 2411, 9s, 10s, 10s. 48 20, 28.
50 21,26,32. 51 17. 52 28‚30. 5530.
5815,27. 59 6, 7, 18,19,20, 23,
23, 25. 60 30, 32, 33, 2, 9. 61 36,1.
6215. 64 5, 8, 8. 65 30. 66 3. 6713.
6824,27. 695, 19. 7133, 4, 6, 7,
13. 72 28, 30, 33, 33, 37. 737, 9,
15,19, 21, 25, 25. 74 32,34, 1. 75
16, 23. 76 8. 77 16, 23, 24, 29, 2,
3, 3. 78 8. 79 23, 30. 80 12. 31 24,
26, 28. 82 5, 11, 14, 14, 15, 13, 19,
23, 23, 24, 27. 84 24, 26, 36. 86 9,
13. 87 17, 18. 91 13. 93 3. 102 33.
105 23, 23. 106 10. 109 23, 23, 25.
110 30, 31, 33. 112 31, 1. 113 7, 8,
9.11417.115 23,30.116 4, 8,8,9.

ζ 1 21.210,14,1s,3s.311.416.

6 31, 34, 35, 2. 7 5, 15, 18. 8 31,
1, 1, 3. 9 35. 10 7. 11 28,8,13,19,
25. 1314,17. 15 36,9,12. 16 6,11,
19. 17 30. 18 11, 17, 3111. 19 35,
1, 4. 21 7. 22 10, 10, 16. 23 27, 2.
24 7, 20. 25 23, 27, 31, 32, 35. 23
24, 33. 29 12. 30 20, 25. 31 4, 14,
18, 20, 25, 31, 33 d, 7s. 32 15, 20,
25, 26, 26. 33 7, 21, 23. 34 6, 31 s,
4d, 711, 13 d. 35 23. 37 33. 38 28.
39 36, 37. 40 10. 41 22, 32. 42 11,
15. 43 22, 26, 27. 44 2, 8, 22. 4525.
464, 7, 7, 13, 15, 19, 24. 4736.
485. 50 12, 14. 5125, 27, 28. 52
11, 12 5314,16,17,17,18,18,20‚
20, 23, 28. 54 35, 3, 17, 24. 55 35,
36. 56 27. 57 35, 3, 9. 58 21. 59 30,
3, 9. 60 14, 16, 23, 24, 27,33,33, 5.
61 9, 11, 25, 12 s. 62 13,17,28,33.

