οἷς - ὅσῳ

60 14. 61 13, 30. 64 33, 8. 76 31.
80 18. 83 18, 29. 87 29. 88 17. 90 9.
96 28. 103 1.

η 11 30. 14 22. 19 5,13. 216. 23 31.
31 27. 43 10. 48 14, 29. 63 10, 30.
64 17. 67 1, 2, 3. 68 21. 69 7. 70
33 d. 75 30 5. 77 18, 12 5. 79 26. 86
30. 87 28.

3 6 21. 13 5. 15 31. 16 30. 23 28.
24 17. 25 11. 28 7. 35 12. 37 15.
39 25. 413. 45 34. 48 4,15d. 52 20.
61 3. 62 16. 65 10. 76 28, 3. 91 22.
95 26. 97 32. 100 10.

οἷς α 5 19, 23. 6 15. 22 8. 23 34. 33
14, 17. 41 13. 43 34. 68 18. 71 19.
77 4, 24. 87 21. 89 4. 95 17. 10017.
118 1. 135 13. 140 16. — β 13 35.
36 11, 17. 42 22, 23. 43 4, 4, 5. 44
14,20. 46 13. 52 6,10. 61 17. 62 6.
- y 11 21. 13 27. 22 12, 27. 3821.
39 22. 48 15. 50 15. 56 28. 58 16.
63 6. 75 29. 82 9s. 97 17. 104 9.
109 24.111 33. — 6 9 2. 17 7. 19
13. 27 35. 32 25, 9. 33 26. 55 25.
63 4. 67 5. 71 6. 85 12. 86 4. 87
12, 17. 92 35, 32 5. 98 2. 106 24.
113 6. 121 16. 126 36. 127 33. -
s 10 32. 20 28. 2510. 35 21. 4135.
49 30. 52 1. 60 1. 67 17. 103 8. —
ζ 10 9. 12 32. 13 25. 18 25, 33. 37
20. 4130. 6719. 7233. 91 25. 98 27.
- η 6228. 6410. 75 27s. — 3 24
27. 46 27. 48 3. 56 15. 69 21, 24.
92 34.

αἶς α 28 4. 89 22. 122 15. 132 26 d.
— β 44 17. 7316. 9215— y 39
10. - 6 10 3. 16 6. 39 22. 50 10.
120 24. 126 27. — ,5 56 29. — ζ
6517. 9021. — η 436. — 3 485.
64 20. 76 29 d. 108 18.

οῧς 0612919.— η 44 5s.

οὓς α 26 7. 28 1, 9. 30 8. 39 3. 52 26.
56 24. 86 2. 128 29. — β 510,32.
6 19. 43 34. 65 30 d. 67 17. 73 24.
80 30. — y 10 6. 29 6. 32 9. 35 35.
47 11. 48 17. 50 7. 55 6. 58 28, 2.
59 29. 66 27, 29. 97 6. 113 12. -
6 26 31. 44 21, 24. 48 16. 57 33.
85 13. 86 24. 88 7, 9. 126 30. - ε

325

28 31. 34 32. 3811. 40 33. 42 5, 11.
6112. 72 5. 83 2. 8434. — ζ 1018.
13 9. 23 29. 31 5s. 38 3. 46 1. 58
23. 82 13. 94 18. — η 1 24. 5 7.
8 9. 11 27. 23 34. 25 8, 19. 27 26.
47 5. 63 29. 70 12 5. 76 6. 80 33.
—— 9 519. 2416. 66 12. 69 20.
86 15. 93 24.

ἅς α 96 26. 123 18.

ἃς α 50 11, 31. 85 12. 9627. 100 14.
— β 76 20. 79 27. 84 19. 92 28, 9.
103 17. - y 25 25. 67 8. 80 17.
8128,3.-6521.8918.-ε10
33. - ζ 8 34. 20 17, 20. 7113. —
η127. -9 74. 197. 269. 3312.
41 10. 57 25. 91 26.

ὁσάκις η 18 7.

ὁσημέραι η 27 15. — 3 64 28.

ὅσιον (acc. masc.) y 56 16.

[ὁσίου γ 84 4-1

ὅσιοι ε 104 15-

ὅσια α 71 21. — y 58 34.

ὁσίων ῥ’ 52 9.

ὁσίως β 5 29.

ὁσιώτερον γ 67 6.

Ὀσκίου β 96 6.

ὀσμαὶ η 87 17.

ὅσος α 78 27. 80 28. 138 4.

ὅση α 72 32. — 6 108 28. — ζ 3022.
— 3 58 10.

ὅσον a 2 21. 4 8. 10 10. 11 8, 9. 17
19. 22 9. 36 7. 53 8. 70 1. 88 1.
123 8. 127 3. 137 24. - β 4 30.
22 13. 35 31. 57 19. 62 16. 65 35,
30 d. 77 7. 87 22. 94 16. 97 20. —
y 911.1118. 47 30. 49 3. 104 19.
—61823 3919. 6218. 6411.
6921253- 8 5114. 5925. 647.
9529. -ζ181 2220. 3032. 34
226. 45 32. 5420. 575. 67 27 69
27. 70 28. 72 26. 82 7. 87 6. 88 22.
105 5. - η 6 29. 23 34. 28 3. 37
18. 38 12. 44 25 d. 60 22. 61 24.
62 9. 6311. 66 3. 69 34. 70 21. 75 5.
— 3 5 5. 26 5. 45 25, 32. 5126.
66 4. 92 185, 265. 94 2. 96 7.

ὅσου β 23 6. - η 73 31.

ὅσης ε 18 19. - 9 37 28. 43 18.

ὅσῳ α 37 9. 6819. 82 2. - β 47 29.

