452

58 11. 62 22. — δ 14 28. 26 22.
41 18. 55 14. 57 21. 66 13. 76 26.
83 19. 95 5. 109 31. 126 6. - ζ 4
26. 50 20. — η 27 8, 17. 28 6. 44
58. 49 6. 5711. 66 4. 7413. — θ
18 22. 24 15. 37 26. 40 20. 41 5.
58 9, 13, 16. 71 31. 86 28.

χωρεῖ α12217. - δ 68 29.

χωροῦμεν β 39 28.

χωρεῖτε η 77 27.

χωροῦσι ε 66 2. —- ζ, 101 16.

χωροῦσιν α 69 7. - η Sl 13.

χωρῶσιν α 62 16.

χωροίη α 136 19. - ζ 20 14.

χωρεῖν β 11 19. - ε 22 29. 43 31. —-
η 84 19.

χωροῦν η 78 18.

χωροῦντα η 50 26.

χωροῦντες ε 70 24. - θ 25 21.

χωροῦντας η 37 28.

ἐχώρουν α 18 22. 62 22. -— β 3 3.
81 22. 93 2. - y 22 12, 28. 23 18.
24 32. 83 24. 106 16, 19, 23. -— δ
31 14. 54 28. 73 33. 90 10. 125 4.
1291.13015. —- ε 5816,25. 59 9.
612. 64 9. — ζ 62 27. 69 2. 94 28.
98 30. 100 13. — η 43 9. 44 3. 52
28. 78 26. 80 21, 4. 83 7. — θ 92
29 S. 93 21. 94 14.

κεχωρήκατε α 122 5.

κεχωρηκότας η 81 10.

χωρήσει ιι 82 10.

ἐχώρησε β 17 24. — ε 58 30.

ἐχώρησεν ζ 58 19.

ἐχωρήσιιτε y 64 32.

ἐχώρησαν α 17 22. 118 3. — β 3 26.
-21245.—‹53518.12118.—s
65 30. - θ 40 19. 64 6.

χωρήσῃ β 101 21. — ξ 40 37.

χωρήσωσιν β 101 27.

χωρήσειαν β 84 9. — δ 32 6.

χωρήσατε δ 95 7.

χωρῆσαι α 13416. 14031. — δ’ 1021.
92 308. 104 19. —- ε 73 17. - η
14 27. 44 6.

χωρήσας α 63 33. - ὁ 9 15.

χωρήσαντος δ’ 117 17.

χωρήσαντες β 25 13. 81 7. - y 66
21. 112 38. - δ 57 26. 127 32.

χωρεῖ - χωρὶς

· χωρήσαντές β 81 1.

χωρήσαντας ὃ 128 2.

χωρήσεσθαι β 20 12. —- ε 57 4.

χωρίον α 13 1. 2615. 36 8. 39 32.
63 2. 68 28. 87 19, 19. 93 3. 97 7.
10017. 102 5, 8. 10615. — β 19 27.
30 13. 78 24. - y 92 14. 102 18.
- δ128. 3 34, 8. 416. 818d.
914. 1011. 2919. 43 21. 451. 49 2.
73 35. 75 27. 93 3. 102 8, 17. 103
13. 115 24. 116 30. 120 28. - ε 4
11. 615. 9 12. 1712. 21 15. 35 2.
4210. 51 13. 52 24. 65 27, 31. 83 1.
114 20. 11615. -- ζ 4 22, 3, 17.
58 20. 64 26. 66 31. 96 21. — η16.
3 29. 26 14, 18, 21. 45 10. 47 30.
781. 79 20. 8127. — θ 28 3. 381.
60 10. 61 6. 98 21.

χωρίου α 6132. —- β 7715. - δ 312.
4 24. 5 30. 829. 9 5. 10 27. 1126,
35. 29 6,13. 35 26. 36 5. 42 31. 75
19. 104 26. - ε 7 5.102. - ζ64
28. 96 15. -- η 34 21. 60 29. 77 4,
10 S. — θ 25 33. 76 8. 104 20. .

χωρίῳ α 52 27. 60 10. 67 25. 80 28.
— β 25 31, 9. 7010. 9017. -— y
105 35. — δ 9 33. 27 22. 92 32.
1031.-ζ341(1. 8710.- η77
33. 87 10, 20. - θ 11 5.

χωρία α 12 9. 30 12. 57 6. 59 5. 113
7, 9. -·” β 712. 2517. 29 30. 3318.
99 4. 100 31. —- y 7 24. 529. 6132.
98 26, 9. 102 25. 108 31. 114 20.-
(599.—8222.1217.3527. 80
10. —— ζ 34 29 S. 90 27. -- η 14 25.
- 9 2412. 64 21. 10127.

χωρίων α 45 3. 53 14. —- β 54 24.
80 23. 9121. 10212. - y 7-1 31.
93 31. 95 20. 97 10. - δ 12 9. 27
23. 32 36. 33 24. 54 9. 76 24. 77 34.
81 20, 22. 8311. 116 2. -- ε 3515.
- η 311. 7315‚29. — θ 6510.
101 29.

χωρίοις β 47 25. — y 17 23. — ζ
85 27.

χωρὶς α 6131- β 13 20. 2415.
31 29, 31. 97 24. - y 17 22. -ζ
31 35 d. — θ 6 4.

