δὲ

40 20. 41 22, 24, 26, 2. 42 13. 43
16, 22, 23, 25, 26, 28. 44 34, 1, 3,
9, 10, 17, 19. 45 24, 28. 46 36, 5, 5,
24. 47 28, 33. 48 1, 6, 7, 10, 13.
49 13, 17, 20, 24, 31. 50 35, 7, 12.
51 23, 28, 30, 32. 52 1, 9. 53 18.
54 2, 4, 6, 19. 55 32, 2, 10, 12, 15.
56 22, 25, 29, 30. 57 1, 4, 12, 15.
58 16, 22. 59 7, 10. 60 26, 27, 33,
4, 5. 61 9, 31, 32, 9s. 62 13, 17, 24,
25, 27, 28, 29. 63 2. 64 18, 25, 31,
32, 1, 5, 7. 65 8, 16. 66 35, 6, 7, 8,
10. 67 16, 16, 18, 22, 25, 25, 28, 30.
6, 11. 70 19, 20, 28, 29. 71 34, 35,
3, 4,5‚ 11. 72 18, 25, 28, 31. 7424,
27. 75 33,17. 76 26, 29, 31, 32, 36,
3 777, 21, 21, 24. 7829,3'0„,312
4,912‚.16 7921, 24, 31, 33, 2. 80
3, 7, 12, 21. 82 35, 1,8, 17. 83 21,
26, 29, 2. 84 3, 15. '85 17, 19, 22,
25, 25. 86 8,12, 13, 15, 19. 87 32,
1, 3, 9, 12. 88 20, 20, 23, 28, 5, 9,
10, 17, 18, 10 d. 89 20, 28, 30, 32,
35. 90 9, 14, 17, 25. 91 31, 34, 16,
30 d. 92 10, 26. 93 27, 4, 5, 7, 9.
94 15, 20, 27. 95 4. 97 31, 1, 3, 6,
9, 11. 98 3. 99 10, 14, 16, 21, 26.
100 30,4, 13. 101 3, 14, 19, 26 s.
102 28, 35. 103 15, 22, 28, 31. 104
4,10,12,13,2410529,7,12.

3 10‚1,2’.'29 4 9,10,11‚14,15,1d.
5 6, 8, 10, 21. 6 26. 7 14.8 29,33,
3, 11. 9 13, 15. 10 21. 1124, 5. 12
11, 14, 21. 13 33, 4. 14 17, 24, 1.
15 5,11, 14,19. 16 20, 25. 17 33, 4.
18 19, 25, 4. 19 22, 25, 27, 28, 4, 8,
10, 12, 14. 20 21, 28. 21 4, 11, 19.
22 29, 33, 2, 13. 23 18, 25, 1, 1.
24 5,8, 13, 16. 25 23,7,15,23ᾱ,
2711. 26 5, 20. 27 24, 33, 6. 28 25,
4,4,17. 2924, 29, 30, 2, 3. 3016,
29, 31, 1. 315,20,28. 3216. 33
19, 20, 29. 3415„2525,2,39,‚10
1611. 35 21, 23, 24. 363, 7, 23, 26,
86. 37 22, 25, 27, 29. 38 33, 6,12,
15. 4010, 16. 4125, 28, 31, 1, 4.
426, 18, 20. 4315, 22, 1, 3, 3, 11,

91 3, 6, 8, 11,15. 2 14, 18.

87

138, 18 s. 44 27, 29, 32, 33, 1, 4,
22, 48. 46 16, 20. 47 23. 48 8, 9.
49 19, 20, 2. 50 7, 10, 24, 27. 51
9,18, 23. 52 3. 53 5,15‚ 21. 54
30, 2. 55 5, 9,15. 5617, 28, 33.
57 11, 21, 24, 26, 32, 32, 2, 4, 6, 7,
118,138, 15 8, 16 8, 218, 25 8, 29 8,
30 8, 33 8, 1 d, 4d. 58 8, 14, 17, 20,
21, 21, 23, 26. 60 13, 24, 27, 5. 61
16. 62 25, 33. 63 17, 29. 65 22. 67
16, 20, 26, 2. 68 19, 20, 22, 24. 69
32, 19. '¹' ‚‚‚‚‚
23, 30 d, 48, 12 8. 71 18, 30, 5, 10,
12,15d,16d. 72 30, 31. 73 7,16,
17, 24. 74 5,10,11,16. 7522,5,10,
19, 20, 338. 763. 77 17,19,28, 31,
288182021222757879
16, 24, 31, 8. 80 10,17, 22, 26, 28.
81 16, 21, 28, 29, 30. 82 18. 83 22,
30, 36, 3, 7, 14, 15, 86 17, 22, 26,
27. 87 25, 26.

3 5, 8,
9, 10. 4 14, 21. 5 23, 26, 31, 1, 3,
12, 13. 6 27, 4. 7 29, 5. 8 11, 18,
19, 20, 26. 9 27, 29, 31, 32. 10 11,
16, 25, 27. 11 33, 34, 6, 10. 12 20.
13 1. 14 9. 15 27, 6. 16 16, 18, 21,
24, 30. 17 31, 2. 19 1, 9, 13. 20 18,
27. 21 35, 4. 22 11, 20. 23 24, 30,
1, 17, 19, 23, 27 d. 24 14, 2d. 25 7,
14, 23, 32. 26 3, 16. 27 23, 9. 28
21, 33. 29 18, 19, 21, 23. 30 1. 31
13, 17, 21. 33 19, 24. 34 30, 2. 35
10, 13, 13, 16, 18. 36 30, 1. 37 20.
21. 38 31, 3, 16. 39 18, 23, 32, 2.
40 8, 24. 41 6, 6, 13. 42 24, 31, 32,
33, 34. 43 2, 6, 15, 26. 44 11, 14.
45 18, 1. 46 19, 29, 7. 47 24, 26, 3.
48 10, 22, 25, 31, 17 d. 49 21. 50 27,
4, 6, 12, 15. 51 33, 2, 5. 52 9, 12.
53 23, 26, 29, 9. 54 17,18,26,27.
559, 12, 22,22, 26. 5630, 32. 57
22, 30. 58 5, 12, 19, 22, 24, 26, 28,
1. 607, 8, 15. 6128, 5. 6211. 63
26, 11. 6423. 6625, 28, . 67 20,
24, 26, 5, 8. 68 8, 24. 69 9, 18, 22,
27. 70 29, [31], 3, 5, 7. 71 11, 17.
25, 33. 72 3. 73 30, 34, 4, 12, 14.

