62 5, 12, 27, 31. 63 6,16. 64 21, 25,
29, 31, 5,12. 65 6,17. 67 3,11.
69 28. 71 13. 72 33. 73 16. 74 27.
75 16,26. 76 1, 8. 8123. 83 31,16.
84 24. 85 25. 86 30,32. 8715, 20,2.
89 23, 4, 6, 20. 90 14, 31. 93 31,
1, 8. 94 17. 95 11. 97 30, 30, 32.
101 14, 20, 25. 102 28.

1 26. 3 19, 30. 4 15. 6 11, 12. 10
24, 8. 11 16, 20, 32. 13 21, 23, 12.
14 17, 20. 16 1. 21 24. 22 3, 1d.
28 36 30 27. 32 14. 33 30, 31. 37
25. 38 13, 17. 39 27, 5, 18, 20. 40
5, 8, 11, 25, 28, 30, 32, 34. 417.
42 10, 15, 18, 20, 24, 26, 31, 33, 35, 2.
43 13. 44 28, 29. 45 9. 46 8, 21. 47
8, 9, 11. 49 28, 5. 51 26, 28. 52 9.
53 32, 34, 5, 10, 12. 54 19. 55 10,
11. 56 30, 34, 37. 57 5, 7, 18, 23.
58 27, 28, 29, 36, 8. 59 21, 23, 29,
31, 8, 10, 14. 60 17. 61 23. 62 18.
63 33, 11. 64 19. 66 30, 34, 35, 1.
67 6, 30. 68 14. 74 36, 1. 75 23, 27,
29. 78 27. 79 35. 80 10. 81 23. 82
29, 14, 23 d. 83 18, 21. [84 33, 5,
5, 9.] 87 19. 89 15. 92 3. 93 32.
96 28. 97 2. 10219.1051,10. 107 7.
113 1. 114 21.

1 29, 2. 4 22. 8 1, 2,11. 10 26, 31,
7. 11 28, 32. 16 8, 16, 16. 17 34,
36, 4. 18 23, 26, 29. 19 3, 8, 12.
22 31. 26 24,16. 27 19, 32, 3. 32 2.
35 31. 36 3. 40 35. 41 17. 44 12.
46 17. 47 30. 55 17, 25. 57 29. 59
26, 31. 60 5. 61 11, 32. 62 12, 15.
64 7,13. 66 17, 29. 67 4,14. 6811,
21. 7018. 71 35, 36. 73 4,9, 12,

15, 16. 75 20. 7619, 22. 78 22, 24,

34. 837 85314 8631‚.68716,
16, 24, 24, 26, 29, 29, 35. 9124. 92

29, 7, 27s, 31s, 33s. 94 31. 98 14,

18, 18, 19. 104 18, 23. 105 4, 10.
106 29. 108 14, 18, 31. 114 31, 32.
118 2, 4, 14, 19. 121 16. 124 26,27.
126 18, 36. 130 3, 9. 131 17. 132 9.
ε 3 10, 21. 4 9. 5 1. 8 27. 97,8,15.
10 23 d. 11 10. 1219. 14 4. 18 31,6.
20 25.

25, 25. 29 26. 30 11, 17, 24. 31 5.

22 18. 25 11. 26 22. 27 24,

μὴ

315,25.27.422.

253

32 35, 7, 8. 35 20, 22. 38 27, 35, 5.
39 22. 40 36, 5, 8. 41 31. 42 20.
44 25. 45 32, 35. 46 18, 29, 37, 37,
6. 47 18, 32, 34, 6, „8 10. 4932,
4,5,15. 5018‚19,’26,30. 52 24.
56 20,21. 57 3. 59 26. 6019. 6110.
63 3. 64 5, 21. 69 8, 8, 10. 70 27.
71 9. 7219,23, 6. 73 13. 77 21. 80
6, 7, 8. 85 2, 7. 86 15. 90 3. 93 23.
96 32. 97 6. 100 24, 27. 10130,32.
103 7. 104 13, 15. 106 10. 110 33,
34. 111 11, 24, 25, 29.

ζ 1 26. 7 12. 9 22, 34. 10 20. 1131,

31, 1, 10, 19. 12 31, 34, 8. 13 11,
12, 13, 25. 14 31. 15 2. 16 1,3,12.
17 24, 28, 1, 21 s. 18 25, 26, 36, 3,
4, 6, 16, 29 d. 21 30, 32. 22 20. 23
24. 24 21, 21. 28 29. 29 6, 8, 10,
11, 14. 33 32, 11, 17. 34 34, 27. 36
33, 3. 37 22. 38 16, 19, 25, 26, 27.
39 4. 40 11, 20. 47 1. 48 12. 49 26.
52 8. 54 7. 56 22, 31. 60 28, 2, 3.
61 19, 34. 68 10, 14. 69 6, 10. 70
19, 32. 71 11. 72 33. 74 26. 75 35,
11, 13. 76 22, 24, 3. 78 32, 10, 15.
79 25, 33.
83 2. 84 4, 9. 85 18, 1. 86 1,9,17,
21. 87 31, 32, 8, 10, 13, 16. 88 25,
9, 25 s, 10 d. 89 14. 91 31, 4, 6,10.
92 12, 21. 96 14,18. 98 34. 100 33.
101 32. 102 12.

13. 326. 43, 33s. 522. 627, 28,
13. 721. 81, 2, 3. 116. 1330.
1418, 26, 1. 154’,9, 10,.1,517 16
24. 18 25,33. 1918 21 12, 26. 25
10, 20. 29 32. 32 8. 3414. 3617,27.
38 2. 42 12d. 43 10, 21 s. 4415,
19, 22. 47 1. 48 25,8s,11s. 49 17,
20, 1. 50 30. 51 10. 53 28. 57 31 s.
58 17. 60 19, 19. 63 11, 12, 18,23,
26, 26. 65 28. 66 2. 68 21. 69 6, 7.
70 12, 18, 29 d, 8s. 71 18, 26, 11.
72 4. 73 27, 34. 75 8, 11, 29 s. 77
28, 32, 9s. 7817. 812. 8212. 85 2.
86 34, 1.

7 31. 8 21. 9 30.
10 14. 12 21, 29. 14 10, 14. 15 32.
18 29, 30. 26 20, 22. 27 8. 33 14,
23. 37 10. 38 16. 39 2. 4012. 418.

