Πελοπίδας - Πελοπόννησον

Πελοπίδας α 9 31.
Πελοποννήσιος y11110.
Πελοποννήσιον ε 3 27.
Πελοποννήσιοι α 12 8. 23 4. 53 10.
62 5. 105 26. 114 24, 30. 141 28,8.

— β9 6. 115. 1810. 22 23. 23
31, 5. 47 18. 48 5. 5526. 57 19. 71
23. 76 34, 17. 77 29. 78 21. 81 21,
27. 83 14. 84 16. 86 14, 25. 87 7.
90 7, 21. 91 2. 92 8. 94 22. - y
1 20. 24 11. 26 32. 29 5. 33 30. 52
16. 77 16. 80 14. 81 21. 89 5. 106
13. 107 15. 108 21. -—— δ 211. 634.
14 27. 23 14. 39 27. 41 8. 66 30.
67 25. 68 29. 73 24. 95 5. 126 18.
13116. — ε 9 3.115 29. — ζ 17
19. — η 19 31. 28 5. 34 15, 8. 84
26. — θ 1ο 20, 27. 2516. 28 21, 33.
36 31. 42 34. 44 15. 79 3. 80 14.
83 15. 87 32, IS. 95 20 d. 99 28.
102 3. 104 33, 3. 105 23,31. 107 7.

Πελοποννήσιοί η 5 22.

Πελοποννησίων α 1 1. 9 16. 40 28.
60 12. 62 29. 66 17. 97 4. 105 20.
109 8. 115 7. 143 22. ‘— β 1 20.
13 1,23 d. 1830. 21 22. 32 9. 54 21.
59 13. 65 12 S. 69 28. 70 2. 80 31.
86 17, 1. 88 18. 89 33 S. 90 27. 93
20. 102 7. — y 2 30. 20 29. 21 15.
22 22. 30 17. 32 21. 34 10. 36 14.
69 36. 76 3. 107 6. 109 17. — δ 2
20. 3 28. 8 16, 26. 16 17. 26 22.
4418. 100 36. 123 33. 124 7. 128 21.
129 2. —— ε 3 16. 18 21 s. 21 16.
266.--ζ117.1722.189.-η
28 31. 3416d. — θ 13 2. 1512.
2019. 2212,18. 23 22. 31 13. 439.
45 26. 48 32. 5215. 53 29, 4. 5512,
17. 78 7. 79 29. 80 24. 81 8. 85 33.
87 10. 89 20. 9518. 101 13. 103 25.
104 10. 105 3. 106 8,14. 108 23, 25.
109 7.

Πελοποννησίοις α 36 11, 19. 56 17.
66 14. 68 29. 112 22. 140 23. 143
1,10. - β 12 32. 65 88. 88 8. 91
15. — y 52 3. 70 23. 11413. - δ
7018. - ε 3513.-ζ629.822,
10. 84 6. -— 3112. 36 2. 447. 45

Index Thucydideus.

353

21. 46 17. 64 30. 81 25. 88 8, 10.
104 5. 108 15.

Πελοποννασιόις ε 77 1.

Πελοποννησίους α 41 11. 44 17, 20.
57 2. 66 18. 80 22. - β 56 7, 18.
57 23. — -y 242. 36 7. 5127. 105 1.
109 20. 1115, 8. 11418. —— δ 69 5.
75 22. 130 34. 132 2. - ε 3 24. ——
ζ123. 3611. 83 22. - η 1817.
- θ 517. 9 9. 25 23, 31. 4613.
48 4. 52 11. 56 1. 57 24, 2. 60 14.
75 14.

Πελοπόννησος ε 2719. 2919.

Πελοποννήσου α 2 2. 10 15. 13 29.
31 30. 32 29. 65 1. 89 10. 90 29.
94 29. 95 11. 103 23. 136 15. 143
27.-β99,20. 568,14. 6616.
-y535. 162, 6. 27 14. 10223.
-δ3 6. 263. 5230. 76 14. 7914,
24. 8012. 8122. 120 27. —- ε27
11, 17. 28 3. 36 28. 40 11. 57 9.
80 7. 108 20. - ζ 16 17. 22 10.
37 17. 77 16. 80 4. 91 5, 103 27. ——
η 11 29. 15 6,16. 17 5,12. 19 17.
25 34. 28 9. 42 25. 50 12. 58 25.
666.- 9171,6. 264,9. 285.
35 10. 39 18. 41 12. 71 17. 80 19.
91 20.

Πελοποννάσου ε 77 29. 79 28.

Πελοποννάσου ε 77 1. 79 21.

Πελοποννήσῳ α 28 4. 76 11. 82 7.
122 28. 126 31. - β 818. 116.
17 27. 2729. 561. 86 22. - y 316.
33 27. - δ 80 26. - ε 1420. 25 6.
3032 572. 6910,15. 8224. -ζ
90 15. - η 19 32.

Πελοποννάσῳ ε 77 27. 79 18

Πελοπόννησον α 12 4. 65 102617,Ν 28.
6916. 7123. 73 29. 86 29. 90 3.
108 30. 13512- β 712,15. 10 27.
23 35, 10. 25 24. 30 9. 31 22. 54 22.
55 29. 67 18. 69 23. 80 15. - y 3
24. 7 20. 16 10. 17 21. 29 7. 69 4.
96 9. 91 11. 94 9.1056. —— 6226.
8 21. 27 21.11817. - ε 22 27. 29
25. 3232. 5224. 2932. —— ζ 61108.
8528. 9021. 105 2.- η 1211. 17 4.
20 23. 25 25. 26 7. 57 9s.

23

