338

παλαιότερα α 1 11.

Παλαιρεῦσιν β 3010.

παλαίτατος α 4 3.

παλαιτάτη α 13 23.

παλαιτάτου α 18 31.

Halm α 27 26. - β 3016.

πάλης α 6 16.

πάλιν α 62 9. 6312. 91 32. 107 32.
108 19. 109 11.110 24, 3. 111 13.
112 33. 113 20.114 28, 34. 117 18.
120 3,11. 132 23. 137 27. —- β 51.
13 5d. 21 23. 28 6. 65 22 d. 73 19.
94 28. 102 14. - y 7 25. 28 30.
31 7. 34 7, 20. 39 22. 79 37. 89 9,
25. - δ 10 31. 16 22. 25 16 S. 43
24, 27. 52 32. 56 6. 59 32. 64 18.
67 11,19. 71 7. 7215. 75 27. 788.
97 19. 100 5. 12122. 122 31. 135 9.
- ε 4 9. 5 25. 2114. 32 26. 4828.
55 2, 6. 65 36. 66 24. 72 23. 82 20.
-— ζ 50 21. 62 27. 69 9. 70 28. 89
16. 98 2. 100 19. 102 30, 6. 104 22.
- η 4 10. 27 28. 38 14. 40 3. 44
13, 33 d. 46 17. 62 5. 64 3. 75 30S.
78 13. 79 23. 83 26, 5. -- θ 19 5.
23 19, 23, 26 d. 28 26. 33 22. 38 17.
42 l. 43 20. 57 24. 62 20. 63 33.
71 30. 74 26. 7613. 79 8, 12. 80 27.
85 12. 92 28. 107 5.

Παλλήνης α 56 20. 61 31.

Παλλήνῃ ὃ 123 19.

Παλλήνην α 56 22. 64 20, 22, 25, 28.
— δ 116 30. 129 27.

memmov ζ 4 31.

Παμφυλίᾳ α 100 2.

Παναθηναϊκὴν α 2014.

Παναθήναια ζ 56 25.

Παναθηναίων ε 47 96.

Παναῖοι β 101 23.

Πάναιρός δ 7815.

Πάνακτον ε 3 29. 18 16. 35 34. 36
29. 39 17, 26, 30. 40 34, 2. 42 5, 7.

Πάνακτόν ε 39 20. 46 28.

Πανάκτου ε 42 13, 18. 44 27.
πανδημεί β 3120. —- γ 105 9. -
690 28.“ε8225.-ζ684.
πανδημεὶ α 73 28. 90 12. 107 9. 126
4,τ.-β9419.- γ327. 530.
7 27. 91 21. 94 12. 11026. - δ 24

παλαιότερα -- πανωλεθρίᾳ

22. 25 25. 42 6. - ε 33 17. 54 14.
57 5. 64 9. 75 22. — ζ 64 17, 3.
65 15. 67 23. 75 5. 91 35. 96 24.
99 15. — θ 61 5. 94 13.

Πανδίονος β 2917.

Πανδίονα β 29 24.

πανηγύρει ε 50 29.

πανηγύρεσι α 25 16.

πανοικησία [3161. — y 5713.

πανοπλίαι y 114 6.

Πανόρμου β 86 26.

Πάνορμον β 8616. 92 26. — ζ 2 1 s.
-- θ 24 32.

πανστρατιᾶς δ 94 29.

πανστρατιᾷ β 5 11. 31 24, 2. - y
9516.— (511. 6613. 7212. -—
ε 5713.6011.-ζ716. -η15.
2 27. - θ· 55 24.

Παντακύου ζ 4 21.

παντάπασι ζ 37 30.

παντάπασιν y 87 17. - ε 104 19. —
ζ 7111.— η 612. 722— ⁷515720.

πανταχῇ α 49 21. 54 21. 93 33. —
y6823.—g753.—27792.

πανταχόθεν α 17 23. 124 21. -
β 53 27. 59 20. —— y 33 29. 53 2.
— <532 1. 34 15. 5520. - ε 432.
60 6. — ζ 61 27. 103 22. — η 70
27, 4, 30 d. 82 5. 83 34. 84 10, 12.
-9111.222.4231. “

πανταχόσε η 4218.

πανταχοῦ α 224. 521. —— β 4115.
—- ὁ 108 20, — ζ 46 18.

παντελῶς δ’ 133 26. -ζ 104 8. —
η 1 19.

παντοίων α 93 29.

παντοίαις η 25 26 (1.

παντοίους β 21 34.

πάντως ε 4134. - ζ 20 8. - η
87 31.

πάνυ α 3 20.-13 16.- 191131· 13
36. 1533. 4935. 516. 58 3. 6511s.
- y 30 21. 38 2. 44 27. 93 35. —
612912. — ζ 1017. 1720. 182311.
33 2. 35 28. 53 23. 85 26. 92 35. -

’θῙ4.2425.277.28 1. 385.46
21 d. 50 16. 56 35, 16. 71 15. 82 6.
86 11. 89 24, 29. 91 30.

πανωλεθρίᾳ η 87 32.

