2s,33,3s,3s,4s,4s. 48 27. 4910.
50 24, 25, 30, 2, 4. 53 12. 54 14, 26,
27. 55 29, 5, 7. 56 25, 31. 57 5, 8,
9, 12. 58 21, 25, 34, 1. 59 4, 8, 8,
9,12,13,14,15,18. 60 30, 3, 3.
61 29, 33, 8. 62 14, 17, 18, 19. 63
34. 64 17. 65 26, 26, 28, 9, 9,17, 17.
66 22, 34. 67 8, 13, 14, 16, 17, 19,
70 24. 71 5, 6, 7. 72 23, 29,
34, 36, 4. 73 13, 17, 20, 21,
74 33, 4, 5. 75 14, 20, 27,
76 34,12, 12. 78 7, 11. 80
16, 17, 23. 81 25, 30. 82 36, 7, 8,
11, 25. 83 31, 6. 84 25, 27, 29, 31,
34, 36. 85 1, 2, 5. 86 9. 89 34, 35.
91 10, 13. 96 31,33. 100 25. 110 29.
112 31, 32. 113 5, 6. 114 13,14,15,
18, 19. 115 24, 29, 30, 34. 116 5,
6, 13.

ζ 120. 2 32d. 315. 4 25,17. 5 25,
27. 6 10, 18, 21, 33. 7 5, 7, 15, 18,
19, 20, 27. 8 31,32, 35. 10 9,13, 14,
14, 22. 11 4, 9. 15 1, 2, 13. 16 26.
17 7, 14. 18 13, 19. 19 34. 24 9.
26 2, 11. 27 15. 28 28. 29 9. 30 28,
30, 30, 30. 31 37. 32 14, 19. 33 32.
34 28, 21 d. 35 25, 25. 36 3, 39 2.
40 8. 41 3. 42 5, 6, 8. 43 26, 26,27,
30. 44 17, 19, 23. 46 36, 1, 5, 6, 21,
24. 48 12,13. 50 4, 8. 51 22, 25, 28,
30,33. 526. 5318. 541. 5630.
5821. 607. 6111, 23, 25,2,6.,118
6213, 17. 631, 2,.4 6416, 30. 65
8, 19, 25, 26. 6630, 33, 7. 6713,

20, 22.
29, 30,
21, 27.
23, 29.

οἱ

297

8 3, 9. 1619. 115. 13 4, 5, 5, 6,
10, 11. 14 16. 16 20. 17 4, 6, 7, 12,
13, 15. 18 26, 4, 9. 19 21, 21, 30,
31, 31, 16, 13. 20 21. 21 27. 22 5,
6, 12, 13. 23 20,25,26. 24 5,13,19.
25 23, 1, 3, 3, 10, 12, 15,16,17‚22‚
27 d, 3 5. 26 23. 27 27, 11, 17, 13.
23 25, 26, 27, 3, 4, 4, 5. 29 3, 13.
30 16, 24, 29. 31 7, 9. 32 3, 12,12.
33 13, 20, 24, 25, 27. 34 15, 16, 26,
23, 7, 11, 13, 17 6, 196. 35 22, 27.
36 3, 13, 15. 37 13, 19, 20, 23, 26,
27. 33 3, 5, 16. 39 17. 40 1, 2, 4, 9,
10, 11, 16, 19, 21. 41 26, 26, 34, 5.
42 26, 9d, 11d. 43 1,6,7,13s, 145,
145, 225. 44 25, 28 ,,2 3, 8, 256,
326, 15, 15, 45, 6s. 45 3, 10,10,
13,15 15. 46 16 4723. 43³ 14, 33
495. 5021, 24, 2, 5. 519, 23. 52
23, 33, 33. 53 11, 16, 21,22,26. 542.
55 7. 56 17, 20. 57 19, 20, 20, 4,
125, 175. 53 [16], 27. 59 4, 12. 60
16, 30. 61 16. 62 6. 64 10, 11, 14.
65 24. 67 24. 69 29, 7. 70 24, 25,
1, 1,21, 246, 336, 7s‚9s, 125. 71
18, 26, 5, 6, 7, 146, 156, 166, 216.
72 25, 26, 28, 3, 5. 73 16, 27, 3, 3.

99999

16, 5 816 6, 3, 14, 26, 30. 323,
14, 18. 33 22, 23, 32, 4, 5. 34 3, 9,
11, 17, 21, 21,23. 35 14,15. 36 17,
17, 33, 1. 37 3, 25.

13, 16, 16, 22. 63 2, 11, 12, 14. 69 θ 2 5, 6, 12,14‚19- 5 29, 9, 26 d· 66,

20, 23, 2, 7. 70 24, 25, 29, 32, 33.
71 34. 72 17, 30. 73 9. 74 24, 27,
23. 75 33, 11. 76 2, 3, 4. 73 17, 20.
7926. 3017,26. 3237. 3416. 3521.
37 23. 33 20, 34, 36, 1, 3, 5, 9, 23 5.
89 3. 91 12. 92 6, 7. 93 27, 10, 11.
94 16. 95 11,11. 96 12,15,19,24,
26. 97 31, 10, 14. 93 31, 35, 6. 99
9, 10, 14, 23, 29. 100 32, 2, 4, 15,
16, 13. 101 25, 29, 33, 9,10,11,13,
15,15,24. 102 23,5, 10. 103 15, 26.
104 13, 26. 105 31, 13.

⁷717. 218,26, 32. 310,.15 433, 33,
2 719 29, 31. 57,.10 626,5.

7, 8,14, 21. 7 31, 32. 3 14, 21. 9 27,
1, 4, 6, 7. 10 11, 15, 17, 19, 20, 27,
31. 11 4. 14 15, 23, 25. 16 24, 25,
26, 23. 17 14, 15. 13 21, 22, 22, 25,
23. 19 1, 10,13,13. 2211. 23 3, 23.
24 2, 14, 14, 16, 56. 25 19,15,19,
31, 32, 1. 27 22, 17, 19. 23 21, 31,
33, 5. 30 6. 32 29, 9. 3316. 34 5,5.
35 15, 20, 21. 36 31. 37 17. 33 33,
3, 9. 39 23. 40 3, 14,19,21. 41 23,
13. 42 25, 34. 43 2, 11, 19. 44 27,
5, 8, 14, 15. 45 32, 33, 1, 3. 47 31, 4.
4812,21. 49 21. 51 29, 34, 4. 52 21.
53 23. 55 21. 56 30, 32, 20. 60 13,

