βούληται- βραδέως 73

βούληται β 34 30. 84 30. - δ 2 26.
36.1824.-ε712.-θ4627.
56 19. 67 27.

βούλωνται β 4 9 s. 12 24. — y 28 28.
-δ219, 6910. —— ε 183. 2927.
34 35. 4716d. 66 1. — ζ 75 13.—
θ 58 23, 1. 90 3.

βούλοιτο ζ 9 29.

βούλοιντο α 107 34. — y 96 28. -
ὃ29 17. 30 5. 37 23.—- ε 37 7.—
ζ 66 32. - η 48 13. 56 20.

βουλέσθω δ 10 19.

βούλεσθαι α 72 3. 87 23. 132 31. —
y 319. 6018. - 64730. 833.-
ε 113 10. — ζ76 27. 78 34. — η
48 34. -— θ 70 10.

βουλόμενος α 65 5. 87 15. 128 1. 131
18. -— β 13 6. 33 11. 34 1. 36 19.
64 5. 83 36. 95 7. -- y 11 16. 38
16. 10918. — ὃ 70 30. 79 22. 83 37.
91 22. 103 30. 112 2. 121 23, 26.
1321.-ε24. 734. 81. 1021.
16 7. 2112. 45 3. 50 36. -- ζ 15 4.
75 19. 104 10. — η 53 7. 76 7. 84
17. - θ 57 23. 82 10. 87 33. 88
10.

,βουλόμενός γ 42 19.

βουλόμενον α 26 29,13. 27 19. 90 31.
137 5. - y 36 25. 43 10. 66 19.
92 17. — δ 26 34. 681. 80 14. 102
13. 105 9. 114 18. 118 22. — ε 18
23. 28 31. -ζ 27 19. — η 48 20.
49 15. 52 31. — θ 52 12.

βουλομένου θ 56 1.

βουλομένῳ β 3 30. - θ 56 9.

βουλομένην ε 27 20. 65 34.

βουλόμενοι α 20 12. 37 31. 52 21.
57 8. 73 13. 105 27. 115 12. — β
2 5. 8 2. 29 12, 29. 33 18. 67 27.
80 7. 86 2. 90 8. 9120. - y 412.
536. 1636. 2911. 6415. 65 6. 86 9.
92 9. 1113. 115 5. -- δ 131. 1418.
33 16. 37 20. 41 19. 66 24. 67 18.
108 26, 12 S. 118 29. 133 14. - ε
30 35. 39 26. 43 27. 58 16. 61 6.
76 2. 9117. - ζ 612. 2916. 44 22.
50 9. 61 28, 35. 6216. 64 17. 74 27.
101 12. 104 5. —- η 22 3, 12. 29 20.
33 9. 36 6. 5113. 53 23. 69 23. 78 2.

— θ 5 31. 19 3. 2214. 32 28. 44 9.
71 2. 75 8. 79 11. 95 24. 102 15.

βουλόμενοι’ θ 9 8.

βουλομένων α 9 26. 71 20. - β 79
13. - δ 76 4. 78 27. - ε 110 31.
-η 1432. 43 19S. 723.-θ 2725.
76 13.

βουλομένοις α 199 26. 131 23. -- y
82 23. 105 12. — δ’ 61 28. 80 31.
8121. — 856. -η3528.-θ
92 98.

βουλομένους β 67 13. - y 13 16. 110
28.— 158729. -- ε 6131.-·ζ
38 5. — η 60 8.

βουλομένας ε 18 11.

ἐβούλετο α 74 28. 93 14. -- β 59 24.
88 12, 20. -— y 51 25. 52 6. 6431.
101 28. — (5104 31. 124 25. — ε
654.681.-ζ818.5411.--η
42 32. 4810. —- θ 5 7. 174. 2918.
56 8. 57 32. 59 6. 92 7. 100 26.

ἐβούλοντο α 44 21. 72 32. 117 17.
119 18, 21. —- β 2 10. 5 24. 70 18.
90 23. 93 21. - y 3 23. 20 12. 65
13. 69 7. 78 31. 91 16. -· δ 15 33.
24 23. - ε 36 17. 46 31. 76 5. -—
ζ 1 17. 57 7. 64 29. 82 17. 99 16.
- η36 4. 72 31. — θ1115. 2615.
28 25. 30 33. 64 1. 84 21. 91 1.
92 10. 104 14.

ἠβούλοντο ζ 79 2.

ἐβουλήθη θ 87 21.

ἐβουλήθησαν α 34 3. —- β 42 4. 94
17. - y 113 35.

βουληθῇ β 87 6.

βουληθῆτε β 62 16.

βουληθείη ζ 78 8.

βουληθῆναι θ 46 20. 56 5.

βουληθέντες α 133 29. — y 2 31. —
ζ 34 6.

βουληθέντας ὃ 73 12.

βουλήσεται η 73 10.

βουλήσεσθε ζ 4ο 9. 86 25.

βουλήσονται α 22 14.

βουλήσεσθαι ε 106 10. -- θ 48 9d.

Βουφροῖδος δ 1-181.

βράγχος β 49 24.

βραδέως α 78 25. - y 15 32. — ε
70 25.

