324 ἅν-«ἶν

63 36. — ὃ 30 3. 85 33, 18. 86 9.

95 8. 98 9. 102 19, 21. 103 9. — ε

43 35. 49 34. 58 28. 105 33. 11128.
- ζ 10 21. 2916. 54 33. 76 26.

86 24. 93 10. - η 28 30. 42 26.

44 25. -- 367 27. 73 4. 87 25. 90 13.
c‘z'v ε 79 1.

οἵ α 74 10. - ό 75 32. 9117. 12626.

·- ¹ . — 7 .
οἳ α 2736381.127 27.θ43192.355 6. 56 20.
61 23. 71 34. 80 24. 96 30. 107 15.

115 17, 25. 122 31. [128 29.] — β

11 51134 34. 44 12. 49 210. 60 7.
62 27. 68 8. 80 96. 83 13. 95 17.
96 29. 99 2, 6. 103 16. — y 4 22.
5 2. 6 8. 17 29. 24 9. 37 7. 68 17.
75 14. 94 12. 95 4. 102 18. 114 25.
11616.—- 61 3. 2 19. 91. 20 27.
25 11 s. 28 27. 44 11. 46 7. 50 16.
60 1, 5. 64 17. 66 14. 74 7. 92 7.
95 10. 102 14. 103 33. 110 10. 124
24. 126 18 d. - ε 5 28. 30 23. 40
13. 4415. 50 28.- ζ 4196. 1012.
17 12. 18 32 d. 19 1. 29 14. 40 14.
55 3. 64 29. 68 34, 6. 77 14. 80 5.
88 8. 89 34. 91 31 d. 100 4. 103 23.
- η 18. 1312. 30 32. 43 5. 44 4s.
48 31. 57 18, 21. 61 17. 63 22. 67
27. 68 13, 27. 73 31. 85 4. 87 16.
- 9 212. 4132. 65 23. 70 6. 731.
86 20 s, [24 s]. 89 27.

αἳ α 23 26, 32, 4. 47 26. 87 31. — β
2 25. 80 27. 83 35. 102 25. — y 3
24, 32. 105 5. — 6 823. 4818. 50 5.
104 31. 109 25. 112 32. 113 11. —
ε25 2. 322.-ζ105.-η62 4.
— 915 3, 8. 23 8. 24 36. 4512.
61 2. 79 26. 99 11. 101 28. 103 26.

ἑέ α 931. -y 104 35,7.—61162.
120 4. - ζ 31 346. 72 7.

ἂ α 9 17. 12 9. 21 23. 33 15. 34 4.

35 17. 40 1. 65 13. 68 13. 70 17,

18, 22. 73 15. 78 32. 79 9. 97 2.

100 9. 117 17. 119 21. 120 19. 123

13. 12515. 126 3. 130 3. 13711,20.

138 13, 21. 140 3. 14123. 145 7. -

β 11 15. 16 5. 26 22. 33 18. 35 27,
29. 40 18. 42 24. 53 18. 54 13. 61
29. 65 11. 67 14. 72 30, 9. 73 13.

74 30. 75 11. 83 17. 87 25. 89 11,
14. 95 11. 97 23. 99 32, 15. — y
26. 36 6. 4026. 5413. 55 9. 61 32.
64 29, 30. 65 34. 68 8, 25. 83 25.
8515. 90 31. 93 5. 111 35.- 63 31.
5 31. 13 34. 14 9. 18 14, 30. 1910.
21 16. 22 33. 27 25. 36 2, 9. 61 16,
22. 62 12. 65 30. 92 29 S. 99 31.
108 23. 109 16. 123 21. - ε 4 14.
918. 17 7. 211. 2510. 26 25. 30 8.
31 12. 38 5. -ζ 91. 1117. 20 10.
22 22. 24 15. 31 33 d, 36 d. 35 26.
39 1. 44 2, 4, 23. 46 35, 11. 4932.
64 16, 29. 69 7.’ 70 33. 74 21. 7513.
79 2. 91 20, 23. 102 10. - η 2 7.
15 3. 25 32. 26 13. 28 10. 30 20.
43 2. 48 21. 62 25. 68 24. 73 12. —
θ 8 9. 9 29. 23 6. 24 6. 2711. 28
25. 57 30. 64 32. 68 15. 108 5.

ὦνα112.25.43.522. 1231,3.

13 23. 18 31. 22 1. 23 12. 37 1.
42 18. 46 20. 47 24. 48 3. 51 12.
57 7. 68 13, 22, 27. 69 14. 70 32, 23.
72 29, 34, 34. 73 7, 16. 78 29. 81
6, 10. 85 18. 90 6. 95 6. 96 28. 99
30. 111 12. 116 2. 120 3. 125 16.
129 23. 136 32. 137 33. 13814. 139
11. 141 13. 144 2.

β 13 28, 16 d. 21 34, 5, 7. 24 22. 35

32. 36 16. 38 14. 40 19. 44 16, 18.
48 13. 62 20. 63 9. 64 22. 65 32, 33,
27 d, 11s. 71 30. 80 32, 6d. 89 15.
96 33. 99 12. 101 12, 29.

y 9 15. 17 28. 22 9. 26 11. 37 7, 9,

11. 39 24. 42 13. 43 4. 53 8. 5432.
56 32. 58 7, 14. 59 23. 61 26, 3.
62 18. 64 17. 67 14, 29, 32. 77 19.
[84 7.] 91 11. 92 18. 93 31. 98 26.
105 6. 115 33.

δ 17 3. 20 22. 26 14. 63 28. 67 36.

73 13. 83 15. 92 24, 31 s. 98 36.
108 6. 124 5. 126 31, 32. 129 32.

ε 9 5, 21. 13 28. 3611. 39 16. 46 26.

47 17, 21, 9. 54 17, 26. 61 28. 633.
6920. 8420,36. 8718. 8931. 1055.

ζ230.633. 1026.1131.1515. 16

24,15. 17 11. 216. 28 27. 31 37.
33 16, 17. 36 8, 9. 38 13, 17, 18.
39 5. 43 20. 48 11. 49 23. 53 15.

Ξ

