οὕνεκα - τοῦτο

40 7. 44 20. 53 12. 55 1. 59 19. 60

. 16. 7217. 8313. 8431. 11127. 113
’7. - ζ2 4s. 15 20.1710.18 7.
21 27. 22 8. 28 23. 30 20. 33 6. 34
29, 15 6. 50 17. 52 3. 56 18. 57 6.
61 18. 64 29. 68 15. 75 16. 80 27.
82 36. 87 15. 97 13. 99 22. — η 4
23. 5 20. 6 32. 11 1. 19 6. 21 26.
29 19. 31 23, 26. 42 30, 8d. 47 32.
48 11 s. 5117. 59 4,9. 6810. 75 25.
80 20. 85 6. — 9 3 28. 5 21, 26 d.
8 7. 17 10. 24 29. 39 34. 40 21. 42
17. 43 23. 44 33. 46 11. 57 31, 2.
6013. 64 17, 32, 2. 67 17. 6914. 81
19. 85 10. 87 30 d. 89 12. 90 5. 91
16, 3. 92 11, 30. 95 2. 97 24. 98 19.
100 2. 105 22. 108 3.

οὕνεκα ζ 56 30.

οὔπω α 14 26. 82 34. 90 23 6.- β
8 25. 11 8, 32. 20 1. 21 28. 31 27.
486.—y1328.—61253.—.e.
14 10. 15 28. 63 26, 1. 64 9. - ζ
34226. 718. 9927.- η127. 69 3.
— 9 92 18 s.

οὐρανοῦ β 7718. - θ 42 20.

οὔριος η 53 25.

οὐσίας α12129.-ζ9 28.

οὐσίαν ζ 15 10.

οὔτε α 114,14. 219, 20, 25, 26. 522.
10 17, 18. 21 24, 25. 23 24, 27. 25
16, 17. 31 34, 1. 37 22. 38 12, 12.
53 10, 11. 71 17, 17, 21, 22. 73 10,
10, 14. 77 23. 80 2, 2. 93 11, 11.
9928. 118 4. 126 1. 132 25, 25. 138
10. 139 5, 6. 1403, 3. 141 28, 31, 32.
14420, 21. -β120, 529. 29 26.
3928. 416, „11 12. 4232,1. 47
27, 29. 49 33. 50 31, 31 581, 2.
62 18, 18. 65 22. 71 30, 30. 73 22.
74 1,5. 78 2. 81 17. 84 3, 3. 89 19.
93 30, 31. - y 3 3. 5 33, 33. 10
22, 23. 13 5. 27 19. 32 13, 13. 39
3, 5. 40 36, 1. 42 9, 10. 44 24, 24.
46 4, 5. 47 1. 55 2, 2. 57 21. 5919,
20. 62 10, 11. 64 23. 66 19. 74 2, 2.
83 16,16. 96 31. - 6 4 12, 13. 9 12.
13 33, 34. 18 15, 15. 22 30, 33. 28
< 25. 34 10. 40 32. 59 16, 17, 21, 22.
68 18, 20. 78 29. 83 13. 86 29. 94

333

26, 27. 98 32, 33. 114 27,31‚33,33.
118 27 6, 27 d. 126 5. — ε 2 30,30.
7 13. 26 24. 30 9,10. 35 25. 89 26.
105 27, 27. 112 34 — ζ 2 30, 30.

18. 2012. 3311, 21. 382, ..3928
41 25, 25. 49 33, 33. 54 34, 34. 60
26, 26. 76 1. 8018,18. 85 34. 86 9.
97 3, 3. — η 29 5, 6. 3ο 21. 3122.
36 24, 24. 42 15. 60 17, 19. 64 4, 5.
77 12. — 9 21 8, 8. 43 16, 17. 62

.21,22. 65 21,22. 66 33. 68 1. 7520.
78 10, 11. 83 26. 84 16. 86 26. 92
12 6. 96 28. 99 1.

οὔτ’ α 78 1. 138 11. 14128. - β 49
33. 62 8, 10. 73 20. 78 3. 81 33.
89 21. 93 32, 33. —- y 28 23. 40 8.
65 9. -640 33. 8628. — ε 712.
26 25. 112 35. — ζ 17 6. 39 29.
69 26, 26. - η 55 13, 14. 7713,30,
31. - 9 27 26,27. 38 8. 66 1. 68 1.

72 13. 75 19. 86 21. 87 28. 92126.
96 29.
οὔθ’ α 77 24. 78 1. — y 65 10. —

ε 89 29. - ζ 20 12. 33 12. 37 20,
22. 76 2. 78 20, 20. 85 35. — 9
38 9. 48 Sd, 86. 86 22, 25. 105
26, 27.

οὗτος α 2130.13818.- β 2913,
18. 86 20. 96 6. 10318. - y 25 30.
-ζ3111.9211.103 30. - η 32
16. 85 10. - 9 60 22.

αὕτη α 1 8. 3 20. 6 6. 33 12. 41 10.
50 17. 55 13. 87 29. 98 20. — β 9
15, 24. 22 24. 56 6. 62 21. 68 32.
9711.- y 913. 12 33. 26 7. 28
32. 3410. 96 30. — 6 26 25. 42 35.
74 12. 93 22. 119 22. - ε 12 20.
24 32. 4515. 80 3. -ζ 31 2. 911.
- η 2916. 8017. — 9 191. 6430.
90 32. 100 6.

τοῦτο α 3 18. 5 20. 6 1691. 10 21.
23 20. 30 25. 32 22. 49 8. 50 25.
74 8. 77 3. 89 15. 93 34. 97 7. 102
16106 20. 114 30. 120 29. 12133.
127 30, 3. 131 22. 132 6134 20.
136314015,17.-β 611.11 56.
139.1534,18. 3126. 3410 49

763.

18, 3. 515„8 17. 5328. 6812.

