362

11, 12. — ζ 34 [54156418.-
η 36 30. 57 27. 69 17. 76 7. 78 22.
—- θ 17 109618.

πλεῖστόν β 57 26. —- ζ 83 19.

πλείστου β 15 27. 65 34. 89 30 S. 97
17. - δ 59 28. 81 17. 115 23. — ε
74 31. - ζ 11 14, 24, 24. —— θ 68
12. 90 17.

πλείστῳ β 61 30.

πλείστῃ β 95 19.

πλείστην δ 26 30. -—- η 3 25. 21 7.

πλεῖστοι α 18 28. 60 15. 101 24. 110
23. - β 11 10. 49 10. 96 30. -— δ
26 26. 31 18. 38 26. 90 10. 131 25.
- ζ 525. 151. 27 15. 3414. 4922.
72 34. 88 3. — η 7116d. 75 20.—
θ 28 5. 40 15. 92 29·s.

πλεῖστοί δ 44 4.

πλεῖσται γ 17 18, 32. —- δ 17 7. — η
70 15.

πλεῖστα α 54 25. 137 23. - β 11 3.
13 27. 64 31. — y 42 33. 45 28.
104 225. - ὃ 41 14. 54 7. 90 7.-
ε 16 5. 105 2. 111 14. 115 33. -—
ζ 13 16. 14 34. 22 21. - η 4 25.
56 6. 68 28. 80 14. — θ 40 20. 65
12. 66 14. 68 18. 96 21.

πλεῖστ’ β 411. — y 30 31. 42 28.—
δ 310. - ε 9 17. 99 2211126.

πλείστων α 4 6. 50 21. 115 23. — β
64 1.

πλείστοις ζ 30 21. —— η 20 30.

πλείσταις α 9 35.

πλείστους α 122 5. - β 84 13. - ὃ
2543.-ε612.- ζ88205.-
η 30 21. 8618. —- θ 22 14.

πλείστας α 8 30. - β 38 12. 85 3.
-η218.-θιτ9.

πλείων δ 128 7. - θ 100 23.

πλεῖον α 9 34. - β 21 23. 29 15. 37
32. 39 2. — 71112- 3715.— ὁ
10614. 12810. —- ζ 34 7d. — η
63 27. - θ 81 16.

πλεῖόν ε 109 25.

πλέον α 9 33. 36 5. 37 8. 42 33. 49
15, 21. 65 3. 69 27. 71 10. 74 20.
76 25,31. 80 1. 81 8. 83 14,18. 90
26. 114 33. 118 5. 121 34. 142 32.
- β114. 39 24. 49 5. 5124. 5317.

πλεῖστόν - πλείους

62 16. 65 4. [78 23], 89 9, 12. 97 31.
98 22. 100 11. - y 12 3. 35 2. 36
26. 43 15. 45 35. 48 15. 67 23. 69
8, 11. 71 10. [84 28]. 108 25, 32.
113 21. - δ 4 24. 20 30. 27 2. 59
,22. 62 19. 78 3. 86 1. 96 14. 98 6.
103 7. 108 29. - ε 9 20. 14 5. 29
20. 57 4. 71 7. -- ζ 40 8. 54 33.
63 9. 90 10. - η 19 27. 21 23. 27
12. 36 8. 48 18. 49 4. 57 33 s, 5d.
58 27. 80 27. - θ 2 13. 29 24. 46
14. 47 3. 53 13. 66 4. 99 5.

πλείονος α 124 1. - y 82 22 d. -
δ 42 3. 92 2. 103 3.11715.12911.
- ε 15 32. 82 9. —- η5315. 7117.
— θ 45 30. 88 9.

πλείονός θ 91 16.

πλέονος α 77 7. —- δ 17 6. 21 9. 30 8.
98 37.

πλείονι α 35 18. 72 31. 144 34. — β
65 28. —— ε 6018114 19.

πλέονι οε 68 11. 73 33. 121 2. 141 17.
-δ3521.-η26.-θ4824.

πλέονί δ 60 9.

πλείονα β 44 26. —— δ 128 5.

πλέονα δ 82 33. —- ε 47 15 (1.

πλείω α 3 2. 13 28. 18 1. 69 22. 137
26. - β 3613. 39 32. 60 31. 67 11.
89 29. - γ 37 24. 65 11. 83 20. -·
δ 10 25. 64 8. 73 17. 117 10, 14.
12123. — ε 6922. - ζ 2 33d. 23
32. 33 12, 25. 46 11. 90 15. 10333.
— η 28 4, 14. 45 13. 55 15. 58 31.
63 17. 81 21. -- θ 39 5. 45 14. 48
15 d. 96 4.

πλέω α 81 11. 104 7. 120 19. — β
89 5. - δ 19 7.

πλείονες θ 73 13.

πλέονες ὃ 85 20.

πλείους α 51 3. 55 10. 63 5. 87 21.
99 31. 119 21. 143 18. —- β 2 31.
3 24. 4 17, 26. 8 1. 917. 16 33. 89
8, 25 s. 91 20. - y 7 25. 11 10. 17
19. 20 9. 22 15. 23 9, 11. 32 16.
50 9. 98 30. 107 35. —- δ 14 2. 30
30. 32 35. 62 16. 68 31. 87 31. 88 6.
109 30. — ε 2 25. 59 8. 73 25. 80
18. -ζ 33 21. 52 8. 60 22. 87 9.
-η 1225. 3412. 4011. 431. 48 31.

