1 8 ἅλλεσθαι- ἄλλοι

ἅλλεσθαι η 4514.

ἄλλος α 2 23. - β 3131. 54 14.
78 2. 98 27. - y 13 5. 35 35. 104
14. - 6 32 29. 69 9. 92 35. 166 19.
112 3. 124 11. — ε 3 25. 6917. -
ζ 36 27. 31 1. 32 15,16. 65 21. —
η 58 29. 71 10. — 9 86 2. 99 33.

ἄλλη α 77 24. 815. - β 8 20. 47 29.
97 25. — y 5 28. 2631. — 6 445.
-ε16 296. 25 7.29 19.- ζ36
22. 66 8. 100 12. - η 15 6. 18 3.
29 11. 75 22 s. 77 29.

ἄλλο α 1 6. 15 9. 29 6. 48 3. 62 28.
63 32. 65 1. 67 33. 70 26. 82 1.
111 11. 122 27. 139 11. 140 16. 142
16, 12. - β 4 5. 8 27. 16 7. 17 12.
24 17, 22. 49 1. 50 26. 51 4. 62 18.
72 6. 74 28. 75 17. 89 28. — y 11
17. 22 16. 36 28. 38 21. 39 34. 54
27. 56 37. 58 12. 79 37. 85 23. 94
24. 107 13. 112 21, 23. - 6 14 17.
26 1. 24 19. 26 35. 43 28. 71 8.
85 9. 9619,35. 120 8,11. - ε 3 28.
36 16. 46 34. 65 35. 80 4‚21. 87 18.
98 14. 111 12. - ζ, 11 21. 18 36 d.
25 1. 27 18. 32 20. 41 1. 43 22.
51 31. 67 16. 69 12. 70 23. 75 2.
80 11. 96 20, 30. — η 4 12. 6 8.
36 7. 64 6. 75 12. 77 33. — 9 5 24.
813. 18 24, 27. 25 27. 48 28. 50 23.
55 28. 63 15. 67 26. 92 19. 96 29.
109 11.

ἄλλον α 24 26. 32 33. 46 15. 134 15.
- β 51 36. 5216.— y 11 24. 87
22. —- δ 100 8. - ε 35 31. 79 29.
104 18. - ζ 87 32. 96223. 101 27 s.
— η 21 28. 36 2. 44 4. 60 24. 84 13.
- 9 21 8. 42 24.

ἄλλης α 2 3, 16. 12 9. 18 27. 31 31. ,

32 30. 35 14. 110 29. 123 16. -— β
13 25. 29 15. 32 7. 33 17. 77 7.
102 4. - y 5 35. 6 13. 19 27. 61
31. -— ὃ 92 11. 101 5. 120 1. - ε
57 8. 11610. —— ζ 412. ἵ 10. 10 21.
- ⁷71711. 66 6. 70 13. ——- θ 38 7.

ἄλλῳ α 80 28. 141 19 s. 144 16. —— β ,

18 33. — γ1128.421’1’. 45 3. —
— δ’ 43 17. 54 27. 100 2. 111 14.
116 34. 11514. 126 29. 129 11. 133

27. — ε 72 35. - ζ 16 34. 17 17.
102 4. - η 2 5. 44 16, 15. 54 3.
64 18. - 9 8 11. 24 56. 27 27.
67 28.

ἄλλῃ α 2 26. 169 18. - β 429. 65 2s.
76 20. 94 2. 97 1. 100 26. .- y 33
26. 16227. 11632. — 6525129 10.
— ε 43 29. 51 12. 66 15. — ζ 72
34. 96 26. -- η 25 1s. 30 24. 32 10.
66 5. 43 17. 76 26. 71 16. 82 7. -
9 24 13. 64 21.

ἄλλον α 35 32. 37 27. 90 25. - β 51
8.-γ297.686.-ε378.-ζ
36 13. 41 23. 8024. 86 3. - η 27 5.
70 27. 80 4. — 9 25 25. 68 16.

ἄλλην α 114 1. 128 4. 135 11. 143 17,
29. — β 14 27. 18 7. 27 3. 68 26,
28. 85 24. 93 16. 97 6. 166 35. —
y 5 5. 35 3. 36 12. 49 27. 62 21.
106 18. — ὃ 8 7. 19 1. 116 3. 127
35. 133 22. - ε 18 29 s. 22 27.
58 30. 75 18. — ζ 17 1. 25 34. 28
35. 34 32, 31 s. 37 25. 46 10. 50 5.
54 13. 73 18. 91 16. 105 2. — η 1
24. 7 19. 12 12. 15 9. 16 25. 31 10.
42 12. 43 23. 46 20. 50 10, 25. 60
14. — 9 5419. 60 12. 74 24. 105 32.

ἄλλοι α 14 22. 20 16. 48 7. 67 34.
70 29. 74 25. 95 34. 113 19. 11612.
119 20. 126 15. 139 16. — β 4 29, 6.
5 16. 9 23. 25 26, 12. 79 22. 81 25,
10. 86 1. 93 20. 100 27. 101 19. —
y 8 3. 15 32. 22 12. 31 32. 36 12.
56 22. 62 27. 75 30. 81 7. 90 28.
97 14. 108 33. 111 37, 12. — 6 8
23 d. 12 8. 25 34. 26 2. 32 33. 38
16. 42 6. 58 9. 68 7. 74 1. 76 12.
78 18, 26. 81 29. 93 18, 22. 96 4.
103 33. — ε 6 27. 27 13. 43 28.
46 5. 56 24. 51 17. 57 7, 12. 6219.
67 19. 71 5. 75 29. 84 27. 115 29.
— ζ 425. 1024. 17 7. 18 30. 2133.
33 30. 35 27. 43 26. 51 30. 54 21.6514.
67 16. 78 20. 84 16. 87 28. 89 33. 97 9.
— η 7 23. 33 24. 37 29. 43 11. 48
14. 57 25 s. 67 27. 7129‚166. 7516.
77 23, 11s. 86 1. - 9 11 4. 30 6.
32 29. 70 30. 86 30. 87 14. 90 18.
92 23, 5. 164 8. 165 30. 32.

