μελλόντων -- μὲν

μελλόντων α 22 15. 123 9. 13812.-
694 32.-ε87 17.-§935 31
7s. — η 50 33. 66 33. - 379 6.
81 12.

μελλούσαις ὁ 24 25.

μέλλοντας α 10 1. 86 6. 107 4. -— y
4014. - ὃ 9 27. 125 9. -— 830 33.
-376239613—22223.

μέλλοντάς β 89 6.

μελλούσας y 80 19.

ἔμελλον α 10121. 107 35. — β 18 31.
24 13. 67 6. - y 11 12, 24. 12 5.
20 9. 2214.11510. -— (518. 811.
32 6. 52 9. 66 33. 68 10,,25. 9314.
108 5. 117 16. — ε 66 23. 69 4. -·
ζ 8 34. 29 16. 31 34. 32 9. 42 7.
66 32. 99 17. 104 15. -— η 4 13.
20 27. 318. 32 5. 6019. 69 34. 78 5.
83 2. - θ- 2 22. 6 22. 24 23. 27 23.
66 26. 73 23.

ἔμελλόν (3. pl.) δ 76 8.

ἔμελλε α 130 3. — β 12 26. 13 23 d.
71 27. - δ 67 6. 77 31. 116 32.—
ζ9027.- η2232.-θ53.85
32. 87 14.

ἔμελλεν β 67 32. -— y 16 15. 75 17.
- δ 12128. -ε 112.- ζ31356.
-η7331.-θ·88 10.

ἐμέλλομεν α 68 13. - ζ 90 15.

μέλλεται ε 111 9.

μελλήσομεν α 86 34.

μελλήσοντας ε 98 15.

ἐμέλλησεν 3 23 21.

ἕμελλήσατε γ 55 2.

ἐμέλλησαν α 134 27. - δ 123 26.

μελλήσαντες y 92 2. -— ε 116 1.

μελλήσασι η 50 7 8.

μέλειν α 141 18.

Μέμφιδος α 10413. 10915.

μέμφομαι δ 6128.

μέμφονται α 84 20.

μεμφόμενος θ 50 17.

μεμφόμενοι α 84 3.

μεμφομένων θ 3 2.

μεμφομένους γ 42 10.

μεμφθῇ δ 85 37.

μέμψομαι β 60 29.

ἐμεμψάμην α 143 24.

ἐμέμψατο y 61 26.

245

μέμψηταί θ 109 15.

μέμψαιτ’ β 64 4.

μέμψασθαι y 37 22.

μεμπτῶν γ 57 6. -— η 15 4.

μεμπτοῖς ζ 13 19.

μεμπτότερος β 6121.

μέν α 35 32. 40 24. 61 27. 63 4, 8.
70 2. 74 5. 117 23. 120 9. 146 17.
-— β 424.1311.178. 3813. 6224.
78 22. 91 17. 99 32. 100 34. — y
4 9. 5 30. 20 9. 39 35. 46 8. 6429.
6818. 111 11. —- ὃ 28 32. 54 31.
64 5. 113 9. 120 32. - ε 75 19.
84 26. — ζ 124. 62 24. 69 24. 86 8.
9011. 9133. - η 15 17. 4012.
44 27. 57 10 S. 60 30. 71 24. — θ
21 3. 45 15. 63 10. 73 13. 87 19.
94 8. 95 13.

μὲν α17,11. 3 19, 25. 719. 9 21.
10 7, 25, 28, 30. 121, 7. 1414. 15 28.
18 18,18, 23. 19 27. 201, 7,11.
21 31. 22 34, 12. 23 25, 28, 29, 8.
2416. 2614. 27 20. 28 13. 29 23, 5.
30 8. 31 8. 32 13, 27. 33 4, 14, 28.
34 31. 35 13, 19. 36 34, 2, 15, 21.
37 7. 38 23, 26. 39 4. 40 9, 22. 41
3, 12. 42 21. 44 12, 14. 45 28, 5.
46 8, 11, 21. 481, 4, 5. 49 11, 15,
21, 24, 31, 4. 50 10. 51 9. 52 22.
53 7, 7, 12. 54 16, 23, 1. 55 6, 11.
58 15, 31. 61 33. 62 7, 12, 19, 25.
63 32, 16. 65 2, 11. 66 14, 15. 67
28, 2. 68 11, 19, 20, 23, 27. 69 35,
8, 27. 70 6, 12, 15, 17. 71 34, 7, 11.
72 25, 29. 73 6, 16, 21. 74 18. 75
32, 3. 77 13. 79 11. 80 22. 82 20,
28, 8. 84 31. 85 17, 23. 86 26, 35.
87 17, 23, 26. 89 8, 21. 90 24, 31,
5, 16. 91 23, 5. 92 19. 93 24. 9512,
15. 9813. 99 34. 100 9,14. 101 21,
26. 102 12. 103 2. 105 27, 35, 6.
107 33. 108 18. 109 5,10. 110 20, 3.
1119. 112 23, 26. 113 8,16. 1141.
115 15, 22. 116 29, 30. 117 20. 118
5, 12. 119 23. 120 27, 32, 10, 21.
121 26, 8. 122 18, 20. 123 7, 17.
124 27, 29, 2, 6. 125 14, 17. 126 22,
14, 24 d. 12819,21. 129 7. 13112,2Ο.
132 24, 5. 133 29, 134 11,13,20,27.

