τὰς —— τόνδε

ε118.3 26. 4 24. 5 3. 9 13, 28. 10
12, 18, 35, 35, 6. 11 8. 14 2, 16. 18
28, 4, 11, 13, 14. 215. 2219. 23 14.
24 32. 25 1, 14. 28 29, 5. 30 3, 6,
15. 32 11, 14. 33 28. 34 33. 35 14,
18, 34. 36 18, 23. 38 10. 39 28. 40
2, 10. 42 21. 43 27, 33. 46 29, 1.
47 23 d, 9s, 9s. 49 5. 60 24. 6129.
63 23, 33. 72 33. 73 28, 30. 77 27,
27. 79 20. 80 22, 23. 82 5, 9, 12.
84 20. 102 34. 103 9. 115 25.

ζ 7 19. 9 22. 10 4, 24. 11 19, 20. 15
11,11. 17 30. 30 26. 31 18. 32 10,
17, 22. 34 19 d. 4015. 41 32. 4414,
21. 46 16, 20. 47 32. 48 3, 4, 10.
50 11. 58 25. 61 3. 64 5. 65 22, 23.
66 2. 74 31. 75 35, 6. 76 28, 29. 78 2.
90 8, 23,23. 91 27. 93 29, 5. 94 26.
95 9. 96 18. 97 6. 99 21. 101 2.
102 1. 104 23. 105 33, 33.

η 1 17, 20, 4, 18s. 2 21,31. 4 20,24,
1d. 8 31. 10 18. 12 12, 13, 23, 25,
28. 13 6. 14 20, 31. 16 30. 17 15.
18 29, 7. 19 19, 19. 20 26. 215,29.
22 4, 7,8, 10. 23 28. 25 2, 5, 6, 27 d.
26 9. 27 25. 31 24, 25, 27, 28. 32
4, 17. 33 17,33,1. 34 17, 35, 1. 35
23. 36 8, 10, 13, 15. 37 25, 29. 38
9, 12. 39 29. 40 9, 18. 43 27, 13 s.
47 34. 4834. 50 8. 5117. 52 31,3, 4.
53 5, 8, 19, 20, 23. 55 6. 60 24, 27,
32. 62 3. 63 20. 65 22, 27. 66 9. 67
20, 29. 69 31, 6, 20. 70 4,18. 7120,
14 d. 72 32. 73 1. 74 13, 14,17,19.
80 19. 86 21.

9 1 3. 7 30, 3, 5. 8 16, 20, 22, 23.
9 30. 10 21, 27, 30. 11 33,1,3,6‚13,
18, 18. 12 24. 15 27, 32, 3, 4, 9. 16
23,23. 17 5. 19 4. 2213. 24 4. 26 4.
27 13. 28 23, 24, 30. 29 22. 30 32,
32. 31 21. 32 9. 33 22. 35 17, 21.
38 31, 32. 39 27, 33, 1,7. 419,11.
42 19, 27. 43 16, 17, 17. 44 32,17.
45 1, 12, 18 s. 4618. 48 2,19d. 49
23. 52 18. 53 25, 12. 54 27. 55 10,
11, 25. 56 14. 58 23. 60 18. 61 7.
63 29, 30. 65 11. 72 8. 74 20. 76 3,
9, 28 6. 78 13. 79 28. 83 29. 85 4.
86 27 s. 87 34,1,6,16, 26, 2s. 88 7.

309

89 16. 94 16. 95 29, 3. 96 11. 99
3, 4. 102 6, 7, 9. 103 28. 105 24, 34,
2, 4. 106 11, 25. 107 33, 2, 4, 9,11.
108 23. 109 16.

ὀβολοὶ θ 29 24.

ὀβολοὺς ε 47 18 d.

ὀγδοήκοντα α 29 34. - β 5 9. 78
33. 82 23. - y 9711. — 6 42 25.
— ε 47 326, 33d. 115 23. - ζ 43
29, 30. — η 37 32. 52 29. — 9 44
16. 79 26. 103 18.

ὀγδοηκοστῷ α 12 4.

ὀγδοηκοστῇ β 19 20.

ὄγδοον 6116 3. - η1818.

ὅδε 971132- ε 18 34s. 47 28d.
76 15.

ἥδε β 12 27. 64 23. - 6117 20. ——
ε 22 31. 68 23. 88 23. — ζ 9 20.
40 12. 59 4. — 9 17 19.

τόδε α 2 8. 3 16. 69 32. 75 3. 97 6.
132 2, 4. 143 16. 144 21. — β 11
12 d. 4018. 62 8. 6310. 76 9. 7717.
— y 3917. 40 3s. 45 21. - 680
33. 1058.-ζ59 2. 688.— η 13 1.
67 31.

τόδ’ ζ 54 30.

τοῦδε α 5 25. 7 27. 13 22. 18 2. 23 2.
24 25. 7111. 97 2. 1032. 118 31, 1.
128 24. — β 15 30. 16 34. 21 22.
35 30. 36 9. 46 10. 47 17. 54 8‚15.
60 13. 64 33. 68 27. 72 9. 102 6. —
6 10 18. 92 23. 114 5. 133 24. —
ε 20 24. 60 9. 110 32. 112 37. —
ζ8617.- η 6124.

τῆσδε β 11 8.

τῷδε α 8 31. — β 34 27. 50 26. 70
21. 10319. - y 13 32. 25 31. 45 7.
4617. 54 18. 88 4. 98 4. 116 22. —
6 5124.13511.— ε 20 33. - ζ
7 29. 17 10. 18 2. 93 14. — η 18

19 s. 44 30. 56 8. 63 18. 64 12. —-
9 6 27 s. 60 23. 99 10.

τῷδ’ α 36 14.

τῇδε α 94 33. 144 28. - β 11 13. 64
28.—y591.—291.—g214.

τῇδ’ 6 85 18.

τόνδε α 18 23. 19 33. 80 20. 118 11.
- β 3518, 22. 42 4. 44 27. - y
113 32. - ὃ 48 28. -— η 87 28.

