454 13--ώς

ὦ α 32 10. 53 1, 10. 68 8. 69 10. 71 9 2. 31 16. 50 14. 74 8. 7913. 93 8.
32. 75 29. 7611. 8016. 86 7. 8717. 113 8. 118 28. 132 33, 6. -- ε 413,
120 27. 124 31. 140 22. — β 7216. 17. 6 9. 44 21. 46 20. 55 9. 80 10.

73 20. 87 7. 89 22. - y 9 8. 1313. 115 23. - ζ 5911. 67 27. 716. -
53 27. 54 29. 57 22. 59 18, 13. 67 η 39 24. 48 20. 77 6. 82 9. - 9 5
3, 27. 104 15. - δ 17 28. 18 28. 25. 2611. 3126. 39 29. 50 32. 547.
59 16. 85 32. 92 27. 95 35. - ε 9 56 33. 80 18. 81 6. 82 8.

33. 112 34.- ζ 11 15. 1427. 16 22. ὥς (adv. demonstr.) α 44 20. 74 13.

20 8. 38 24. 39 3. 68 33. 76 21. 13214. - y 33 31. 37 24. — ε 115
78 13. 87 27. 92 33,15. - η 11 23. 26. — η 28 32. 74 6. 75 238. 81 3.
66 33. 77 8, Ss. — θ 51 1. 56 7. 87 14.

ὦδε α 85 25. 12918.—[>² 3411. 7433. ὡς (adv. relatiV.) α 1 2, 9. 2 11, 14.
—y593.—c5 3115.-ζ227.6714. 3 33, 34. 4 8. 5 22. 8 7. 9 26,1.

οἷδ’ y 53 5. 10 31, 6. 12 31. 13 30. 15 7. 19 34.
ἐώσαντο δ 43 20. 2011. 2124, 25, 29. 22 2, 7,11.
ὤσασθαι 6 35 27. 24 23, 30. 25 6. 2611,14,14. 2716.
ὠσάμενοι 6 11 24. 96 30. — 9 25 25. 28 3. 29 32. 32 13, 14. 33 7. 34 30,
ὠσαμένων ζ 70 20. 31, 1. 37 24. 3814. 40 9,11. 47 23.
ὠ9ισμῷ ὃ 96 20. 48 33, 1, 7. 50 29. 53 6. 54 22. 61
Ὠκύτου ὃ 119 16. 20, 28. 62 24. 63 32, 2, 7, 9,10. 64
ω’μη y 81 14. 30. 65 4, 6. 67 1. 68 15, 22. 69 1.
ω’μὸν y 36 20. 70 2. 72 27, 30. 73 14, 32. 74 26.
ω’μοφοὶγοι y 94 32. 77 11, 12. 78 25. 81 13. 82 22, 3.
[ω’μιῦς y 84 34] 84 6, 8, 8. 85 21. 86 28, 4. 89 15.
ω’νητὴ οι 121 32. 90 32, 8, 22. 91 31, 8. 93 31, 7,19.
ω’νηιήν y 40 1. 95 3. 98 22. 100 12. 102 32. 103 21.
ω’ρας η 39 17. 47 2910510. 10710. 109 9. 113 9. 116 28.
ω’ριι β 52 2. - ζ 34 2d. 54 2. 7018. 118 15. 120 28, 4. 124 27. 126 32,
ὥραν <5 6 5. - η 81 11.16, 19 d. 127 4. 128 35. 129 13, 15.
ὡραῖα y 58 5.131 18. 132 19.133 4, 9. 134 14, 1,
ὡραίων οι 120 2. 3. 135 4, 8. 138 34, 29. 139 17,18.
Ὠρεοῦ 3 95 24 d. · 140 14,17. 141 21, 26, 14, 15. 144
Ὠρωπίας ὃ 9119. 25.145 9.
Ὠρωπίαν ὁ 99 25. β 1 22. 3 22, 2. 4 8. 5 20. 7 32, 7.
Ὠρώπιοι β 23 9. 10 29. 11 7d. 12 28. 13 4, 24. 17
Ὠρωπίων 9 60 9. 15, 23. 18 32, 13. 29 31, 1. 21 28,
Ὠρωπὸς 9 95 1. 34, 2. 3124. 33 19. 3416. 3518,5.
Ὠρωποῦ ὁ 96 4, 10. - η 28 20. — 37 31. 41 2, 8. 42 1. 48 33, 5, 9.
9 95 29. 49 16. 51 2, 7. 5211. 57 23. 5914,
Ὠρωπόν 9 95 21. 16. 63 11. 64 15. 65 27 d. 67 21 d.
Ὠρωπὸν β 23 8. — y 91 18. — 9 68 19. 72 1. 74 31. 77 29. 79 23.

60 7, 13. 95 10. 80 19. 81 ιο. 83 1, 15. 84 32. 85
ως (praepos.) ιι 31 2. 74 9. 90 6. 133 33, 4. 86 15. 88 14. 89 28, 20. 90

33. 137 6,21. - β 15 1. 59 19. 67 18, 24. 91 10. 92 2, 8. 931. 94 23.

24, 26,31, 32, 4. 73 18. — y 13 17. 95 15, 19. 102 4, 5.

36 17.8132. 103 13. 114 11. — ὁ y 3 26. 4 6, 10, 19. 5 26. 7 30. 8 2.

