330

11 26. 12 7, 8. 13 31, 34. 16 36, 8. .

17 28. 20 7. 28 35. 30 28. 31 31.
32 19. 36 12,13. 37 4, 4, 7, 18. 38 2.
39 31, 10, 16. 40 2. 42 20, 27. 44
35. 45 7, 14. 46 6, 11, 26. 50 11.
52 4, 6. 53 30. 54 19, 32. 55 3, 4.
56 17, 20. 57 7. 58 32. 61 22, 33.
62 17, 26. 63 8. 64 18, 27. 65 16.
66 25, 2. 67 9, 23. 68 9, 16. 75 25,
31. 79 2, 8. 81 34. 82 19, 25 d. 87
18, 21. 89 9, 26. 91 15. 96 30. 97 5.
98 26,32. 101 3. 102 20, 22. 103 6,
9. 104 25 s. 10512. 109 14. 113 22,
33.

δ 412,17. 815,19d. 913. 10 34, 2, 9.
11 21,29. 13 28. 1533. 1818. 19 7.
23 3, 4. 24 30. 25 21. 26 28. 27 23.
28 16, 17, 23. 29 15, 22. 32 32. 33
18, 20, 26. 34 33, 14,15. 35 27, 32.
36 6. 44 33, 1. 46 18. 57 22, 25.
62 18, 20. 64 10. 68 18, 24. 69 3.
71 2, 7. 72 11, 16. 73 9. 76 27. 78
19, 25, 32, 33, 35. 79 19. 85 19,20.
86 22, 3. 87 11, 22. 91 18. 92 28,
14, 34 s. 93 3. 96 18. 98 8, 9, 15.
99 28. 106 17. 108 16, 1. 110 32.
114 22. 117 7. 120 9. 122 36, 2, 8.
125 5. 126 20, 28. 127 35. 12910, 14.
130 31, 6. 131 18. 135 10.

ε 4 22. 5 32, 35. 6 17. 8 19, 26, 31.
9 10. 10 32, 12 d. 11 7. 13 27. 14
35,17. 17 16. 21 6, 6, 12. 22 21,22,
25. 26 22, 24. 27 16. 30 15, 16. 31
8, 13. 35 15, 17, 32. 36 11. 38 5.
39 22. 41 23. 44 28. 45 9. 46 3. 48
20, 22. 49 33, 14. 50 18, 34. 53 5.
55 31. 56 24. 58 29. 61 35. 62 18.
64 7. 65 11,13. 68 26. 73 30. 74 5.
82 2, 9. 84 27, 35. 91 10. 94 26.
97 3. 101 29. 103 5. 109 27. 1114,
20. 116 3.

ζ 7 26. 8 2,15. 11 6. 16 36. 17 2,13,
17, 22 s. 18 36, 5. 19 4. 20 27. 21
4, [4]. 24 9. 25 24, 29, 33. 31 7. 33
18, 28. 34 32 s, 11 d. 35 27. 36 35,
6, 8,13. 37 26, 30, 33. 3824. 4015.
44 12. 46 35,1, 10, 22. 48 1. 49 26.
50 1, 8. 51 22. 52 6. 57 5. 58 17.
59 6. 60 20. 62 22. 63 5,11. 64 20.

οὐκ - οὐχ

6610. 67 28. 68 5, 13. 69 29. 70 24.
71 35. 72 23. 74 21, 29. 76 4. 77
9, 13. 78 31, 4. 79 23. 80 3, 12, 12,
24. 82 15. 85 20. 86 3, 15. 87 2.
89 24, 6. 913. 92 8,11. 95 7. 9616.
97 12, 19. 100 32. 105 6.

1 10. 3 21, 29. 4 28. 5 17, 21, 22.
12 23. 17 8. 18 9. 25 5. 27 6, 10.
29 11. 30 24. 32 11. 35 28. 36 18,
19, 23, 30, 6d. ,40 13. 42 11, 13, 23.
44 1, 5, 9. 45 12. 47 32. 48 10, 21,
23, 25, 28. 49 25, 29. 50 25, 28. 55
17. 62 32. 63 25. 64 18. 67 23, 29,
31, 32, 9. 69 34. 72 3. 74 6, 6. 75
6, 14. 78 5. 79 19. 80 17. 31 29.
85 8, 10, 13. 87 17, 21, 26, 33.

918.27.513.621.88.96.10

19. 15 30, 2. 16 25. 17 15. 20 33.
27 26, 15,16,17. 28 4. 31 16. 32 9.
36 12. 44 29, 3. 46 6, 18. 48 32,
12 d. 50 11. 53 4, 10. 56 15. 61 9.
63 32, 10. 66 7, 12. 68 27, 3. 71 14,
24. 72 4. 73 2. 76 5. 78 9, 14. 80
15, 16. 63 19. 64 21. 66 18. 87 6,
6,16,19,22. 88 10. 89 9,11. 9126.
92 27, 12 d. 95 5. 96 31, 4, 7, 16.
98 23. 103 21. 105 30. 108 5.

οὐχ α 2 14. 3 16. 8 28. 11 7. 19 27.

21 23. 23 23, 1. 25 14. 33 5, 18.
35 14, 20, 31. 37 5. 44 12. 49 15.
50 10. 51 3, 5. 60 15. 6132. 67 24,
30. 68 18, 24. 69 17. 70 27. 71 18.
73 26. 74 17, 20. 82 2, 10. 83 14.
90 27. 95 34, 14. 102 8. 103 2. 111

11. 115 17. 120 7. 123 20. 124 3.’

126 4. 130 7. 140 31, 1. 141 12.
142 26. 143 28,11. -- β 5 3. 8 16.
20 13. 23 7. 27 27. 40 9. 41 8. 44
18. 45 33. 50 30. 52 33, 1. 61 31.
79 24, 30. 83 1. 8815. 89 31 s. 97 3.
·- y 415. 1811. 27 14. 42 35. 45
33. 47 13. 55 10. 66 28. 104 18. -
δ 5 27. 8 16 d. 30 24. 47 27. 62 8,
18. 69 27. 72 25. 80 26. 85 15. 86
26. 9623. 108 11 s, 126 5. — ε 6 7.
7 6. 15 23. 26 6. 32 11. 40 34. 49
12. 59 20. 72 26. 90 6. —- ζ 1013.
15 12. 20 20. 31 35. 36 14. 38 18.
54 37. 55 13. 56 26. 61 34. 62 36.

