πρότερόν - προφ ασίσαντο

59 6. 69 15. 72 26. 74 24. 78 31.
83 17. 85 20. 93 2. 105 28. 117 28.
119 23. 124 25. 129 11. 130 28. 139
11. - β 8 24. 12 19. 13 16. 20 1.
21 5. 29 10. 32 6. 40 17. 47 24. 52
10. 5318, 21. 65 4 S, 88. 72 23.
74 2. 77 33. 78 30. 79 24. 80 24.
86 31. 87 34, 3. 88 13. 98 13. 100
29. - y 2 3.13 28. 22 31 s. 26 5.
27 17. 70 23. 76 5. 81 27. 87 19.
89 14. 100 15. 104 18, 24 S. 115 12.
116 15, 18. -· ὃ 8 1, 23d. 18 13.
22 25. 29 9. 30 31. 38 30. 52 1. 54
35. 66 19. 73 23. 7611. 88 4. 8919.
1ο2 9,18. 121 16. 1221. 124 18, 28.
130 4. -- ε 10 19 d. 14 2, 15. 30 7.
38 8. 40 5, 9. 41 25. 42 20. 45 11.
63 26, 1. 64 9. 6514. 82 2.-ζ28.
9 30. 16 28, 30. 19 3. 28 25. 30 22.
34 17. 55 11,14. 57 7. 58 18. 601.
74 25. 82 34, 9. 86 2. 87 2. 88 6.
93 28. 96 28. 103 24. 105 1. — η
6 2. 1123. 15 18. 18 32,11. 25 2S.
27 4. 28 20, 9. 33 25. 36 28. 37 17.
43 14. 46 18. 49 18. 50 28, 6. 55 6.
62 28. 6312. 67 16. 70 26. — θ 6 7.
2421. 2614. 32 30. 4319. 4518, 13.
48 6. 52 17, 20. 54 2. 56 31. 63 1.
66 30. 76 8,11. 78 10. 83 16, 22, 23.
86 8. 89 20. 90 25, 6. 9210. 93 31.
95 27. 99 9. 108 17.

πρότερόν α 140 34. - β 64 28. 65 28.
— 668 19.-εἱ 17. 4130. 761.
- ζ 94 18. — θ 9019. 104 10.

προτέρου ζ 6 21.

προτέρας y 49 28, 1. -— δ 21 17. -
η 36 7. 37 15.

προτέρῳ η 18 30. 42 17, 18.

προτέρᾳ α 44 12. 128 26. - β 55 33.
—y416.— 87521.—- 927 7.

προτέραν β 86 5. - y 36 29. — ὃ
574.-ζ7515.-η179.

πρότεροι α 123 18, 20. - β 58 11.
—y5423. ·— 82134. 3516.—
ζ 2 4.

πρότεροί y 12 5.

πρότερα α 217. - δ 114 6. - θ 5017.

προτέρων η 44 2s. 70 8. - θ 82 28.

προτέροις β 74 6.- ε 75 26.-ζ 67 30.

391

προτέρους α 61 25. - β 58 4. —- δ
734. 98 9. -- ζ 6930. — η 18 29.
·— θ 76 26.

προτίθει ζ 14 29.

προτιθεῖσα β 46 12.

προτιθέντες y 82 5 s,

προυτίθεσαν α 139 14. — [y 84 4.]

προθήσοντες y 67 31.

προθεῖναι y 36 24. 39 9. 40 36.

προθεὶς α 76 25.

προθέντων y 38 27.

προθεῖσι γ 44 33.

προθέντας y 42 9.

προτίθενται β 34 29.

προτίθεσθαι β 42 30.

προετέθη y 52 19.

προύθεσθε γ 64 29.

προύθεντο ε 35 21.

προθεῖτο θ 85 9.

προθέμενοι ε 74 33.

προτιμήσας β 42 33.

προτιμήσαντες θ 64 8.

προτιμᾶται β 37 32.

προτιμῶνται α 120 31.

προτιμᾶσθαι ζ 9 31.

προτιμηθείη α 133 5.

προτιμήσει γ 82 36d.

προετιμωρήσατε α 7416.

προτιμωρήσεσθαι ζ 57 8.

[προετολμήθη y 84 27.]

προτρέψαι ε 16 22.

προυτρέψαντο θ 63 5.

πρότριτα β 34 29.

προϋπάρχειν ε 83 34.

προϋπάρχον δ 126 12.

προϋπάρχουσαν α 138 5.

προϋπαρχούσας β 85 32.

προϋπαρξαντας y 40 27.

προῦπτον ε 99 23.

προύπτοις ε 111 13.

προυργιαίτερον y 109 22.

προύργου ὃ 17 35.

προφανοῦς α 35 25. 66 20. —- β 93
33. —- y 4313. 82 27 d. 109 14. —
ε915.-ζ 7316-6 8 24. 6810.

προφασίζεσθαι ζ 25 24.

προυφασίζετο α 90 18.

προφασισθέν θ 33 26.

προυφασίσαντο ε 54 27.

