80 ἐγένοντό -γιγνώσκω

22 30. 25 2, 9. 26 27. 27 10. 31 29,
15. 34 9. 36 11. 48 19. 78 14. - ζ
4 14. 5 1. 17 19. 55 4. 614. 62 32.
88 30, 27 S. -— η 28 12. 34 34. 35
26. 43 28. 78 23. 80 1. 85 3. — θ
58 5. 59 3. 63 27. 86 248. 95 27.
96 17..

ἐγένοντό θ 73 22.

γένηται α 28 17. 31 7. 57 2. 137 14.
- β 138. - γ47 9. 7115.10512.
-ὁ5517.7521.-η863.-θ
11 12. 57 29.

γένηταί β 62 5.

γένησθε γ 40 32.

γένωνται β 52 8. - ζ 72 31. — η
43 10.

γένοιτο α 1215. — β 1312. 515.-
γ 7828. — δ 5928. 6134. — ε 93
23.1113.-ζ28 33. — η 13 4.
64 19.

γένοισθε α 40 19. - ε 90 8.

γένοιντο γ 82 23 d. — ε 37 4. 61 36.
- η 18 7. 80 30.

γενέσθαι α 1 14. 10 10, 25. 23 22.
31 2. 56 16. 7415. 78 28. 95 1.
103 3. 119 22. 128 14. 133 29. 142
34. -- β 8 27. 1124. 17 19. 29 13.
41 15. 45 6. 47 23, 27. 48 10. 531.
54 15. 68 27. 81 3. 87 21, 5. 98 22.
- γ 30 19. 4312. 53 30. 59 31, 14.
65 14. 86 11. 89 27. —- ὃ 6 7. 20
31. 47 28. 70 28. 72 25. 114 2. 116
35. 130 2. 13510. - ε 9 68. 1112.
26 1. 36 26, 27. 38 30, 32. 41 19.
98 16. 111 22. -— ζ 1019. 113. 14
28, 33. 31 27. 36 34. 38 14. 56 28.
70 14. 78 6. 80 13. 86 4. 92 8. 102
13. - η 5 17. 18 31. 21 16. 28 30.
60 23. 70 17. 87 28. — θ 12 29.
14 10. 42 18. 53 10. 56 13. 73 17.
86 2. 89 13. 105 33.

γενόμενος α 3 28. 54 20. 104 8. 136
23. - β 15 5. 28 6. 44 19. 65 15.
100 24. — y 8010.— ε 24 36. -
ζ 56. 7222.- 33233. 413. 6814.

γενομένη α 12 30. — β 15 12. 18 7.
87 7. —- γ 7833. —- ὃ 48 27. 74 12.
-ε122ο,-ζ57.-.9895.

γενόμενον α 15 8. 80 21. -— β 5 15.

50 23. — γ 1128. 51 29. ·— 620
20. 81 17. - ζ 58 17. - θ’ 74 18.
83 21.

γενομένου α 101 22. 102 15. 112 29.
-β 5 23. 68 6. 77 1,6. 9115.-
ὃ 75 30. 115 21. - ε 10 13. 3131.
45 14. 50 7. 73 17. — ζ 54 36, 2.
7519. 95 5. -- η43 168. - 19624.
91 4.

γενομένης α 44 11. 50 9. 105 3. 108
16. 119 20. - β 718. ·- γ 18 7.
74 34. - δ 34 4. 38 28. 44 7. 52
34. 54 30. 89 17, 24. 94 30. 99 26.
117 11. 128 9. 134 35. -- ε 16 36.
48 23. 7611. 82 6. 11611. -· ζ 32
24. 51 22. 59 32. 70 13. - η 18 23.
72 24. - θ 4625. 619. 819. 8617.

γενομένῳ ε 26 5.

γενομένῃ γ 54 26. —- ὃ 25 21.

γενομένην α 32 27. 90 28. 102 17. -
-γ6419.-ε4826.839.-ζ
6 20. 53 29. 75 9. 80 30. - θ 46
21 d. 98 16.

γενόμενοι α 32 22. - β 100 28. —
γ 10 1. 14 16. 39 6. 40 32. 56 33.
5911.1028. 107 27. -— ὃ 30 4. 54
35. -- ε 112 32. -ζ 2133. 51 29.
52 9. 55 35. 76 34. 86 9. 87 4. 100
18.-η512. 563-34016.
60 17. 96 22.

γενόμενοί β 16 1.

’γενόμεναι γ 78 28. - ε 32 4. — η

79 24. -- θ 36 3.

γενόμενα α 11 24. 1414. - β 1919.
5425.-δ4123.-ζ382.·-η
38 7. 87 2.

γενομένων α 22 14. - β 5 5. 35 21.
— γ 5825. 898. - δ38 1. 92 26.
-ε2230, 354. 506. -ζ52,
— θ 14 17. 97 4.

γενομένοις γ 58 7. — ε· 9 2.

γενομέναις ε 3 27. - η 85 13.

γενομένους α 76 14. 138 31. — β 71
10. — y 93 34. — ε 3ο 33. 36 20.
38 3. 105 30.

γενομένας β 77 18. — δ 56 14. - ζ
10 5.

γιγνώσκω α 86 27. ·- γ 44 35. -ζ
9 32. 18 29 d. 20 10. 33 31. 37 27.

