δ’ — δεικνῦναι 89

ζ 1 17. 2 12,16. 4 25,18. 5 32. 6 14,
31. 7 27. 8 31. 1912,16, 26. 11 28,
30, 2, 6, 9. 13 26. 15 20. 17 4. 19
34. 24 16. 25 30. 26 2, 7. 29 1, 5, 9.
30 24, 32. 31 36 d. 34 6, 25,6(1, 7d,
13 d, 19 d. 35 29, 30. 36 35. 38 17,
20. 39 29, 33, 33, 37. 40 9, 17. 41
31. 42 5. 43 21, 27. 46 83. 49 23.
50 3, 19. 52 6. 54 28. 55 33. 56 18.
59 29. 61 6, 8, 11s. 62 19. 63 1. 64
24,27. 65 19. 66 29. 67 13, 29. 68 7.
69 2, 4, 9. 70 13,17. 71 2. 72 36, 2.
74 19. 75 15. 76 37, 4. 78 26, 33.
79 30. 80 23. 81 32. 83 32. 86 23.
87 29, 33, 14. 88 24, 1, 23 s. 89 15,
33. 90 12, 23. 91 33, 19, 23, 27. 92
19. 93 29. 95 3, 11. 98 28. 99 29.
100 12. 101 25, 33, 11. 103 21.

η 2 18, 4. 3 15, 22, 25. 4 7. 63. 716.
10 18. 11 31. 12 26. 13 29, 6, 11,
11, 12. 14 15. 15 12, 16, 17. 19 20,
31. 20 33. 22 6, 9. 23 13. 24 6, 9.
25 28, 3, 5, 16, 18, 22. 27 27,7,18.
28 27, 28. 31 9,15,33. 32 3,12.
33 23, 24. 34 26, 27, 33. 35 31. 86 2.
38 5. 39 17, 18. 40 4, 9, 21. 41 34.
43 27, 6. 44 3, 5, 17, 21. 45 8, 10,
12, 15. 48 23, 6. 52 26, 28. 57 20,
20, 25, 29, 29, 30. 58 13, 18. 60 21.
62 2. 63 16. 64 11. 65 25. 66 10.
67 24, 3. 68 15,16. 70 1, 26 d, 29 d.
71 26. 72 24, 28, 1. 74 19. 75 29 3.
77 20, 6. 78 30, 9. 79 28, 33, 3.
80 1. 81 6. 82 10. 83 24, 25, 39.
84 8, 14. 85 16. 87 8, 28.

9 2 4, 12, 22. 5 29. 6 7,14. 9 5, 5, 7.
10 19. 11 9. 14 16. 15 5,10,11. 16
24, 27. 19 12. 22 20. 24 39, 8. 27
11, 14. 29 14. 30 29, 6. 31 9,18,25.
32 27, 29, 2, 9. 33 16, 28. 34 5, 6,7.
35 14, 19, 21, 24. 37 23. 38 33, 11,
14. 41 27. 43 9. 44 27, 8, 12,12,16.
45 5, 9, 12. 46 23, 25, 9. 47 28.
50 2, 24. 55 18. 56 6. 60 29. 61 25,
31. 62 15, 29. 64 21,27. 65 8. 67 4.
69 [12,] 12, 15. 71 26, 32. 73 15 d.
74 23. 75 2. 77 3. 78 15. 79 25, 27,
9. 81 19, 25. 82 26. 84 31. 85 11.
86 29, 39, 143. 87 14, 30 d. 89 15,

28, 10. 91 25. 92 7, 8s, 113, 273,
14 d. 93 16, 17. 94 10, 12. 95 4,10,
20 d. 96 26, 5, 21. 97 24. 9‘3 12,15.
99 9. 100 18, 21, 4, 6. 101 23, 28.
192 39, 15. 103 21. 104 3, 6, 8, 16.
106 26. 107 6.

δέδοικα α 8115. - ζ 38 6.

δέδιμεν y 53 10. 56 34. 57 23.

δέδιτε δ 126 30.

δεδιέναι α 136 15. — β 72 32. 87 29.
- y 83 20.

δεδιώς α 57 34.

δεδιὼς β 63 11. 88 9. - y 33 25. --
δ 28 17. 86 31. 105 34. -- ε 8 19.
— ζ 24 21.- η7327. - 9 57 27.
66 31. 68 25.

δεδιὸς α 36 2. - β 11 23.

δεδιότα θ 52 11.

δεδιότες α 49 25. 52 29. 60 10. 64 22.
67 25, 29. 119 24. —- β 51 17. 76 8.
— y 12 36. 101 30. 105 10. — δ
46 17. 62 24. - ε 2911. 38 35.
50 26. — ζ 29 9. 36 3. 88 24. -
η7118.-3392.

δεδιότων θ 7 30.

δεδιότας β 11 26. 65 21 d. — ζ91 20.
- η 75 10, 28 s.

ἐδεδοίκεσαν δ 27 19.

ἐδεδίεσαν δ 55 28. »- ε 14, 4.

ἐδείσατε α 74 19.

ἔδεισαν y 113 37. - δ’ 117 11. — ε
49 36. - ζ 57 4.

ἔδεισάν y 93 26.

δείσητε β 89 4.

δείσειαν β 15 1.

δείσας α 132 22. 137 10. — y 75 32.
102 15. 107 7. — δ 70 17. 71 36.
- ε 310. 718. -θ 4524. 5029.
54 20. 56 16. 109 10.

δείσασα δ 133 21.

δείσαντες α 50 28, 32. 56 25. 74 24.
192 8.- β 5 28. 6719. — 7322.
60 16. 74 35. 75 23. 78 27. 79 34.
92 3. - δ66 22. 69 3. 7915. ——
ε 34 4. 44 25. 52 23, 61 8. -ζ
61 5. 70 32. 76 22. 101 14. - η 53
17, 27. 86 34. — 9 72 13.

δείσαντας β 57 23.

δεικνύναι α 3711.

