τιν ' — τιτρώσκεται

y 4 9. 5 30. 7 22.1128.1316. 30
22. 42 23. 45 3. 4624. 5329. 6629.
68 18. 81 29. 82 22 d. 901. 10417.
107 7. - δ 526. 2813. 4532. 47 2.
5431. 63 3. 7912. 9228. 96 5. 984.
121 22. 129 8. - ε 1 16. 18 28 5.
37 8. 77 24. 79 1. 80 20. 90 5. —
ζ, 7 9,11. 21 5. 22 10. 54 20. 57 3.
59 32. 61 21. 77 15, 24. 103 34. -
η 15 11. 29 25, 33. 33 3. 4012. 68
21. 75 235. 80 2. - 9130. 5 7.
53 3. 55 13. 65 13. 66 11. 73 24.
76 26. 84 10. 92 10 d. 95 14.

τιν’ η 1 6.

τινές α 1821. - [344 30. -- ζ2913.
33 30. — η17. 86 33.

τινὲς α 5 19. 24 20. 70 29. — β 25
26, 12. —— y 5 30. 81 2. 13 25. -—
δ 25 115. 110 511116. - ε 4 9.
54 26. 56 30. 82 25. 96 33. - ζ 2
10, 14. 10 24. 2133. 65 14. 100 20.
- η 57 325. 77 9, 23. -— 91032.
48 8. 65 14. 93 23. 100 7.

τινες α 8 6. 14 21. 51 6. 11517. 126
16. 128 28. 13819. - β 4 24. 525.
15 3. 21 33. 70 5. 79 16. 91 17. -
y 20 9. 24 9. 3132. 70 4. 81 7,12.
[84 31.] 112 1. -— δ 54 35. 56 6.
68 31. 76 8, 16. 96 26. 113 9. - ε
23 33, 5. 25 6. 31 12. 3612. 62 21.
- ζ 15 2. 28 25. 30 25. 51 30. 69
21. - η 3433. 57 6d. 7124. 7333.
79 24. 8210. 87 23. - 9 18 31, 33.
24 30 5. 83 24. 91 23. 94 17.

τινῶν β 28 7. 68 17. - y 7 34. - ὁ
4817. ·- ε 11528. —- ζ617. 20 25.
98 25. - η 110.- 95525. 7129.

τινων α 218. 75 5. ·— β 7911. - δ
76 4. - ζ 2823. - 9 324. 7328.

τισί 9 14 13.

τισὶα24. 13215. - ε526.-ζ
16 11.

τισι δ 86 31. - η 44 20.

τισὶν ζ 94 25.

τισιν β 17 8. 44 22.

τινάς α 69 25. - γ 32 18. 52 17. —-
25111.—71862.-3739.

τινας α 95 16. - β 17 9. 23 33. 251.
3314. 5919. 90 31. 92 30. - y 64 22.

423

75 29.
27 33.
31 31.
52 12.

91 27. 103 11. -- δ 13 20.

5312. 72 26. 11123. - ε

116 5. — ζ 37 22. 4125.

53 16. 70 14. 100 10. — η
51 22. 73 29. 79 31. ·— 9 65 19.
71 32. 74 22. 98 13.

τινας α 63 5. 126 21d. 133 33. —— β
39 36. 79 20. 90 33. — y 36 26.
8012. 9410.1115,11. -— ὃ 14 8.
46 19. 54 35. 57 33. 69 28. 130 12.
- ε 14 20. 22 21. 27 15. 34 6. 72
34. - ζ 70 27. 71 13. 94 25. 98 8.
100 7. 105 14. - η 1 16 S. 33 34.
5121. 73 32. 7418. 8722. - θ 33.
11 19. 213. 70 6. 7313.

τίς α 33 9,10. 818. —- y 12 33. 45
11. 104 15.

‘cl α 68 22. 73 16. 123 7. -- y 1210.
39 34. 58 12. 65 8. - δ 59 20. --
ε 98 14. - ζ 18 23. 35 26. 38 23.
68 33. 80 11.

τέῳ y 104 16 5.

τίνι α 80 31. —- 9 87 5.

τίνα γ 39 2754611.

τίνες α 143 32. — y 64 27.

Τισαμενόν γ 92 4.

Τίσανδρον y10018.

Τισίας ε 84 32.

Τισιμάχου ε 84 32.

Τισσαφέρνης 9 516, 2641. 6 33.
20 27. 25 17. 28 26. 29 15. 43 26.
46 14. 47 29. 56 5. 57 22. 59 4. 81
20. 85 27, 6. 87 30, 30 d. 99 31, 5.
108 22. 109 6.

Τισσαφέρνους 9 5 14. 6 5, 9. 16 31.
17 18. 25 16. 35 14. 45 8. 53 6. 56
35,11. 58 24. 63 3. 78 8,13. 80 17.
84 12. 85 12. 88 9. 99 29,2. 108 29.

Τισσαφέρνει θ 2619. 28 33, 6. 46 19.
47 24. 50 9. 56 9. 58 27,31. 81 13,
17. 82 13. 83 16, 31. 84 17.

Τισσαφέρνην θ 18 21. 36 2. 37 8. 43
11. 44 31. 45 24, 29,15. 47 3. 48 9.
49 27. 50 1, 7. 52 9, 22. 54 23, 7.
56 33, 3. 58 7,20,25. 65 18. 78 15.
81 8. 82 8, 14. 83 20. 85 24, 32.
88 4. 108 16.

Τισσαφέρνη 9 81 6.

τιτρώσκεται ε 10 11d.

