116

εἰκάζω 6126 32. — ε 9 9.
εἰκάζειν α 9 6.

ᾔκαζον β 54 20. — ζ 9219.
εἰκάσωσιν ε 65 11.

εἰκάσαι γ 22 26. - δ 3612. ·-- θ 4615.
εἰκάσαντες y 20 14.

εἰκάζεται ζ 60 26. — θ 87 9.
εἰκάζεσθαι α 10 22.

εἰκασθῆναι ζ 31 29.

εἰκαστής α 138 13.
εἴκοσι α 16 30. 25 26. 26 3. 41 9.

46 9. 49 27, 1. 50 31. 5111. 9428.
116 2, 6. 117 21. - β 69 23. 8ο 27.
83 34, 4. 85 5. 90 12. 91 3. 92 14.
- y 20 4. 77 17. 86 27. 92 23. 98 2.
105 33, 5. 107 29. 114 9. — δ 8 24 d.
2312. 3814,17. 42 2. 45 29. 93 21.
102 20.110 8.1296.— ε 26 21, 4.
8424. - ζ 125. 532. 4331. 6233.
67 27. 958. 97 12. - η43ᾱ. 16
31. 174. 1926, 14. 227. 253. 30
32. 31 21, 24, 25. 34 16, 19 d. 78 31.
— 9 8 10, 27. 10 16. 13 5. 16 19.
17 14. 20 18. 24 31. 26 8. 39 21.
41 28, 11. 42 26, 36. 69 23. 95 2011.
102 30.

εἴκοσιν β 86 20. — y 68 17. — δ 28
30. 39 22, 30. 47 34. — ε 84 17. —
η 1713. 1916. 53 21. — 9 3 7.
17 3. 23 27. 41 10. 62 16. 97 25.

εἰκοστὸν 9 6 278. 60 23.

εἰκοστῷ ε 16 27. — ζ 59 12.

εἰκοστὴν ζ 54 16. — η 28 13.

εἰκότως α 37 25. 76 31. 7717.—
β 54 12. 60 16. 87 21, 33. 93 23.
— y 11 11. 1315. 46 24. 53 34.
56 17. 58 32. — δ 24 1. 73 22. 87
27. — ζ 20 14. 82 36. 83 24. 89 24.
-η182.573.594.8131.-8
45 16. 96 4.

ἔοικεν α 7712.

ἐοικώς η 71 21.

ἐοικότες y 38 23.

εἰκός α 4 8. 10 23. 141 7. — β 21 28.
54 7. - y 40 22. 64 18. 104 23 s.
— 6819d. 608. — ε9631.-
9 88 9.

εἰκὸς α 10 27, 36. 81 16. 121⁹ 26, 1.
— β 10 29. 1156. 29 23. 4119.

εἰκάζω <— ἐστὶ

48 10. 53 3. 54 16. 62 12, 21. 63 5.
64 21. 73 16. — y 10 6. 13 31. 30
19, 23. 40 26. 45 17. 54 33. 55 8.
- ὃ 11 29. 18 18. 20 34. 26 27.
64 11. 85 20. 92 28. 9811. 128 18.
- ε 9 26, 33. 26 24. 86 14. 88 21.
109 27. - ζ 217. 116, 8. 17 2.
18 23. 31 36 d. 36 11. 46 2. 49 24.
55 4. 69 34. 72 26, 35. 7813. 80 3.
85 28. 91 21. 103 31. — η 25 240.
44 32. 47 7. 6615. 7413. 77 24.
8720. -θ222, 468. 6828. 70
10. 71 23. 87 23. 92 27. 9410.

εἰκότος δ 17 10. - ε 105 31. —- η
66 10. 68 24.

εἰκότι β 89 12. - ζ 18 12.

εἰκότα α 3817. — β 74 6. -- y 57 5.
-ε904.-ζ369.-θ45188.

εἰκότων ζ 23 2.

ἐῴκεσαν η 75 13.

εἷ’κομεν α 84 26.

εἴκετε β 60 31.

εἴκουσι ε 111 25.

εἷ’κωντι ε 77 21.

εἷ’κοιεν α 82 33.

εἴκειν α 140 23. - β 64 31.

εἴκοντος δ 61 30.

εἶκον y 11 12.

εἷ’ξοντες α 141 22.

εἴξωσιν δ 126 18 d.

εἶξαι α 38 23. — ε 102 35.

εἴξας 9 27 1.

εἴξαντας β 61 19.

Εἵλωτες α 10122. - 68 25 d. 26 3.
υε575.--η26 15.

Εἱλώτων α 101 24, 128 12. 132 15.
-β27 34.-γ5431.-6261.
41 16. 56 14. 80 30. - ε 1412.
64 9. - η 19 2.

Εἵλωτας α 132 11. - ὁ 80 2. — ε
34 34. 35 1. 56 22, 26. - η 58 20.

Εἵλωτας ε 35 6.

εἶμι α 8016. -—- β 6122. - γ3827.
-ζ1625.924.-η1511.

ἐστι α 78 27. 93 7. - y 47 32. 70 35.
—645 34.-ζ417.-9581ο.

ἐστὶ α 6 32. 13 21. 53 4. 815. 1217.
137 11. 138 22. 143 29. - β 1517.
-· y 40 3. 45 29. 89 14. 94 31. -

