νυνί - ξένοι

4416, 13. 45 4. 46 14. 60 4,16.
62 11, 16. 64 29, 34. 68 2. 72 20.
73 22. 74 5. 7717. 87 35. 39 32,15.
99 34, 4, 6, 11, 15. 100 24. - y
13 19. 37 35. 39 19, 22, 34 s. 40 4,
34. 43 20. 44 2. 46 3, 11, 23. 47 31.
53 32, 9. 54 23. 56 17, 21, 23, 26,
33. 57 3,16,19. 58 14. 591. 61 26.
6225. 64 16, 20, 30. 67 20, 24, 35.
8914. 92 21. 102 23. 104 32. 113 37.
114 5. -— δ 16 9.18 11,14‚18,28,
31. 2ο 22, 29. 22 26. 2311. 42 33.
59 30. 6123. 63 25. 67 23.7311
7611. 73 35. 85118. 9217. 93
5, 7. 1629, 21. 1038. 10420. 1143.
118 33,11. 126 21, 30. — ε 912.
10 1. 11 33. 15 30. 45 3. 6136.
65 16. 89 28. 91 16. 98 12. 105 6.
— ζ 2 3,2ο,23ι1. 33,12. 43. 931.
10 17. 11 2, 5, 15, 22. 13 9, 18. 16
21. 17 24, 15, 18. 18 20. 24 12. 29
14. 34 6, 10 d. 36 5. 37 19. 38 3.
39 3. 49 22. 54 23. 76 33. 77 6,10.
7815,18,20. 79 26. 83 27. 86 5, 16.
87 2, 16. 89 23, 34. 90 19. 91 28,
34, 36, 29 d. 92 2, 10, 19. - 22419.
5 19. 11 24,28, 1. 1214‚21. 13 31,
33,1. 1423. 15 3. 43 31,8s. 5717s.
61 14. 62 29. 63 17, 20, 28. 64 15.
66 7, 10, 15. 67 17. 70 3s. 77 11,
15, 24, 11s. — 9 43 19. 45 13,15.
46 9. 50 18. 53 16. 58 19. 76 12.
78 12.
νυνί ε 47 15 s.

Ξανθίππου α 111 16. 127 32. 139
19. - β 13 3. 31 21. 34 13.

ξεναγοὶ β 75 21.

Ξενάρης ε 38 2. 5116.

Ξενάρους ε 37 33.

Ξενάρη ε 46 4.

Ξενάρκης ε 3617.

ξενηλασίας (acc. pl.) α 144 19.

ξενηλασίαις β 39 21.

ξενίαν θ 6 13.

μ
:⁴-

267

νυνὶ ὃ 92 33.

νύξ α 51 16.
νὺξ α 129 22. - β 32 21. - y 23 28.
- δ 25 9. 43 20.

νυκτός α 48 34. —- γ 30 25. —- ὃ 48 20.
125 35. — ε 115 31. - η 33 16.
35 5.

νυκτὸς α 54 20, 24. — β 415. 5 11,
15. 83 10. 93 2. — y 22 20. 72 20.
81 21. 106 24. 112 17, 30. - δ 23
10. 26 4. 31 10. 32 28. 42 7. 6710.
70 26. 96 8. 110 35. 120 30. 129 16.
130 22. 131 24. 133 21. 134 35. 135 5.
-ε5323.-ζ9731.-η47.
50 20. 72 30. 7312, 1. 8010. 8113.
83 2, 7. — 3 41 7. 161 23. 102 4.

νυκτί β 3 25. - δ 68 32. - η 80
21, 23.

νυκτὶ. β 3 6. - y 49 29. —- ὃ 103 5.
- ζ 2715.- η 69. 43 165. 4410.
73 28.

νύκτα α 51 10. 115 21. 137 16. — ,9
3 3. 92 12. - y 22 30. 746. 8016.
33 34. 91 19. - ὁ 33 3. 45 30. 67
35, 5. 68 15. 103 29. 106 28. -— ζ
7 17. 61 21. 64 19. 65 23. - η 22
31. 28 25. 29 29. 74 5. 77 2. — θ
33 19. 35 25.

νύκτες η 87 12.

νυκτῶν β 97 13. - θ 101 28.

νύκτας β 75 19. - y 21 25.

νώτου α 6216. - y10710.108 23.
— δ 4 20. 32 6. 3318. 361, 8.
111 24.

ξενικόν y 109 19.

[ξενικὸν θ 25 16.]

ξενικαῖς η 42 9.

ξενίσεις ζ 46 12.

Ξενοκλείδης α 4611.

Ξενοκλείδαν y 114 24.

ξένος β 13 5,11.— θ 6 11.

ξένον α 74 9.

ξένοι δ 78 30. —- ζ 31 1. 61 22. -- η
13 5.

