230 Λακεδαιμόνιοί- Λακεδαίμονι

2, 15, 26 s, 2134. 2219. 23 32. 25 8.
26 18. 27 16. 29 27. 30 31. 31 6.
33 17, 24, 28. 34 33. 35 14, 16, 28.
39 17, 23. 41 22, 36. 43 32. 46 2.
49 31, 3, 10. 50 23, 30, 2. 52 25.
54 14. 55 7. 56 15, 25. 57 36. 59
13,14,28. 60 3. 61 13. 63 23. 64 23.
65 28. 66 24, 27. 67 9, 14. 69 18.
70 25. 71 7. 72 25, 34, 4. 73 9, 27.
74 33. 75 14,28. 7635. 7724. 79 23.
81 28, 30. 82 1, 8. 83 29. 91 11.
1051. 10715. 109 24. 115 25.1161.
ζ 7 6, 25. 92 34, 16. 93 27. 95 4.

39 21. 40 15. 41 28. 43 12. 50 32.
58 6, 8, 14, 15, 29. 64 27. 70 8. 84
22. 106 20.

Λακεδαιμονίοις α 23 10. 72 2. 8525.
91 4. 101 27. 102 6. 103 25. 11812.
127 7. 134 30. 135 5. 136 16. 137 4.
14424. 145 8. - β 74. 6414. 72 5.
- y 5212.10229.-δ 310. 1133.
2031. 349. 698. 7833. 801. 81
17, 20. 86 3. 89 23. 108 14. 118 24,
31, 23d. -ε 15 23.1615,19.18
29, 16, ld, Sd. 23 2, 9, 13, 20. 2434.
29 17, 24. 30 8. 31 30, 4. 32 33.
105 30. 36 21, 30. 38 35. 3916. 40 8. 4133.

η 17 12. 18 20, 9. 19 21,1. 58 19. 46 19. 57 8. 58 20, 22, 29. 76 12.
86 31. 77 19, 22. 79 15, 21. 8127, 32. 113

θ 3 5. 6 8,14. 7 32. 18 21, 25, 28. 11. -ζ10510. — η 18 25. 64 11.
37 17. 39 24. 44 5. 96 16. 71 20d. 86 25. — θ 11 10. 12 28.

Λακεδαιμόνιοί β 80 34. - y 60 17. 17 17. 18 31,33. 58 31. 87 22. 9820.
- ε 60 10. Λακεδαιμονίους α 18 15. 33 21. 67 6.

Λακεδαιμονίων α 1011. 18 28. 2017. 72 28. 90 5. 101 19. 103 22. 10715.
2833. 311. 35 9. 58 22. 8713. 89 8. 115 4. 120 27. 128 9. — β 8 29.
102 16. 103 29, 32. 107 25. 108 32. 59 18. 65 22. 80 9. - y 28 33. 52
114 32. 128 20. 135 12. - β 9 5, 20. 54 17. 57 11. 68 12. 8218. 109

15. 10 1. 12 20. 13 7. 1922. 2120.
47 21. 54 16. 66 17. 67 22. 71 26.
7521. — y 123. 211. 52 25. 63 35.
7219. 8633. 89 8. 92 5,19. 93 35, 2.
— ὃ 2 13. 819. 1620. 34 28. 3522.
38 3. 57 21,31. 79 24. 83 4. 85 31.
86 23. 87 23. 88 8. 108 4. 114 36.
119 14. 12014. 122 30, 33,11. 132 7.
134 28. - ε 9 2.115. 16 4, 26. 17
31, 4. 18 30, 10, 18, 22 s, 24 s. 19 12.
21 14. 23 33. 24 23. 25 1. 27 27.
28 32,1. 30 22. 31 19,2l. 32 30,13.
33 18. 37 34, 18. 38 4. 40 1, 10. 41
23. 42 4, 17. 43 25. 44 23. 45 12.
46 16. 48 20. 50 5. 52 24. 57 6. 58
15. 5924. 618. 648. 663. 67 7,12.
68 24, 26, 30. 745. 768. 77 16, 23,
2, 3. 78 8. 82 5. 83 33. 8418,26.
89 29. 104 17. 112 1. 115 24. — ζ
11 5. 34 12 d. 53 30. 59 8. 61 15.
82 5. 88 3d, 5d. 95 6. 105 13. -
η 2 26. 18 9. 19 22. 25 28 d. 2615.
27 9. 56 4, 9. 57 4, 23 s. 86 28. —
θ 2 12, 18. 5 4, 10. 6 3. 12 25. 18
34. 22 16. 2810. 37 6, 12,14,18,28.

20. - 6 4 23. 9 27. 1212. 16 5,1ο.
21 15. 26 21. 27 27. 28 25, 30, 36.
30 30. 34 35. 38 36. 40 32. 50 11.
54 3. 57 5. 81 27. 118 13. —- ε 13
29. 16 23. 17 18. 18 32, 34, 31s.
23 34, 35, 7, 15. 29 11, 14, 21. 31
3, 10. 35 24. 36 24, 27. 37 7. 4036,
37, 6, 15. 41 17, 26. 43 4. 44 14.
45 34. 46 27, 8. 48 28. 55 12. 56 22.
58 27. 59 21. 60 20. 61 30. 65 15.
69 15. 72 31. 73 23. 76 6. 78 13.
82 19. 83 9. 91 12. 105 32. - ζ 10
14. 11 16, 21. 16 18. 73 16. 88 7d,
12 d. 105 33. — η 57 5. 85 35. —
9 5 23 d. 8 12. 2417. 37 11,13,15.
41 31. 43 23. 46 8. 52 18. 58 12,
16, 18, 21, 25. 90 30.

Λακεδαιμονίους ε 79 26.
Λακεδαίμων α 18 29. - ε 28 4.
Λακεδαίμονος α 94 27. 139 9. — y

25 19. 52 7, 17. — ε 27 13. 37 10,
15. 381. 4610.-ζ938.- η1 11.
-- θ 527. 2025. 45 22. 8525. 9117.

Λακεδαίμονι α 43 34. 72 26. - δ

8310. 119 13. ·- ε 18 5112217.

