πόλιν ⁴ πόλισμα

πόλιν α 2 14. 13 26, 4. 18 12. 25 6.
26 12, 16. 58 27. 66 19. 69 30. 72
32. 73 24. 74 12. 84 23. 89 19. 91
9, 14. 93 27. 107 32. 1081.111 11.
116 7. 122 23, 1. 124 4. 127 4. 142
25. - β 2 7,18,22. 3 24, 7. 4 24, 7.
5 31. 11 10, 30, 76. 12 18. 13 18.
15 8. 16 7. 20 12. 22 12. 25 2. 30
11. 36 15. 37 1. 39 20. 40 6. 41 32.
42 24. 43 24. 48 3, 7. 56 10. 60 31.
6132. 6313. 64 2. 65 33 6, 3s. 674.
68 6, 19. 71 3. 72 29, 2, 4. 73 12.
75 12. 76 12. 77 32, 1. 78 23. 80
12 6. 81 23, 2, 6. 102 19, 20. - y
13 7. 24 10. 27 23. 28 28. 30 20.
36 20. 39 26, 30 s, 31 s. 42 33. 43 12.
46 15. 47 2. 49 29. 5212,16. 5613.
57 13, 18. 59 5. 65 1, 3, 12, 16. 68
18. 70 20. 79 35, 1, 2, 5. 81 26. 85
11. 9128. 9221. 931. 102 22. 105 9.
106 18. 112 8. - 6 3 7. 25 31,10s,
16 s. 49 34. 52 35. 54 26, 29, 32.
57 19, 28. 61 17. 63 34. 64 5. 66
17, 25, 32. 68 20. 69 27. 70 32. 74
11. 8513. 8632. 10419. 105 4. 106
25. 110 35,3. 114 33. 122 2. 12917.
1306. — ε21,6. 311,13. 47.
7 8,15. 10 27 6. 1610. 18 29 s. 217.
23 2, 9. 27 20. 29 16. 31 10. 33 25.
41 19, 22. 44 17. 47 30, 33, 4,7, 14.
75 29. 79 30. — ζ 4 7. 5 22. 815.
11 26. 15 12, 20. 16 27, 2. 18 21,
246, 29 6. 23 27. 34 3. 36 4. 37 18,
26, 28. 50 19. 51 27. 54 17. 60 29.
62 26. 65 29. 70 34. 77 6. 82 16.
9715,18. 983. 1004,5,8, 13.
101 11.102 28,12. 103 34. - η 9
151333. 2833. 3719 403, 6.
42 86. 4619. 5018. 56 5, 7, 9.
61 15. 72 28. 74 21. 82 18. 86 19.
- 9 129. 1414. 1912. 2033. 217.
23 6, 26 6. 24 16. 25 27, 28. 27 4.
34 4. 35 23. 41 2. 48 7, 29. 61 11.
62 23. 64 26, 1. 66 26. 70 5. 71 12.
76 23, 4. 86 32. 89 31. 91 19. 9328.
95 16. 96 10. 97 5. 108 28.

πόλεε 8 23 4, ll.

πολέσιν ε 29 24. —— θ 44 6.

πόλεις α 3 24, 34. 8 10. 12 32. 15 5.

371

16 15. 17 19, 24. 23 24. 46 11. 58
26, 31. 72 29. 73 29. 76 11. 89 16.
119 23. 122 28. 132 7. 144 22. - β
7 3. 9 4,14,18. 15 35. 22 30. 2310.
78 24, 28. 79 5s. 83 13. 85 32. -
y 1 29. 16 13. 26 12. 33 32. 37 16,
20. 45 33. 47 5. 82 28. 86 32, 1.
104 34. 114 3.— 6 52 35. 61 14,16.
74 32. 79 18. 81 19. 108 21, 7. 109
21. 12127. 123 30. — ε 17 5. 18
21, 2, 4, 11, 13, 32 s. 33 28. 47 1,
266. 54 17. 75 33. 83 3. 114 16.—
ζ 2 12. 17 29. 20 10. 21 32436 15.
41 32. 47 32. 48 3, 10. 76 28. 7718.
- η 12 12. 13 6. 14 23. 19 25. 25
27 6. 32 4. 58 28. 80 19. 82 10. -
9 6 1. 12 24. 18 22. 19 4. 22 13.
23 19. 37 9. 45 7, 12, 18 s. 48 1, 5,
196. 52 18. 53 6. 64 5.
99 4.

πόλιες 8 79 18.

πόλεων α 2 26. 7 19. 10 24. 19 31.
30 22. 3511. 40 14. 57 8,14. 6120.
73 9. 74 18. 82 8. 85 15. 96 27. -
β 7 7. 8 21. 10 2.15 7. 64 17. 97
20. — y 31 34. 34 29. 39 10. 82 33.
— 6 58 10. 74 26. 91 15. 132 9. —
ε 14 20. 18 30 s. 47 32, 34, 5,11. 55
30. 7433. 8128. 82 25. - ζ 34 325.
42 15. 44 8. 46 15. 47 36. 86 11.
8817. 90 23. — η7 20. 1129. 216.
271. — 9 5 20. 17 9. 18 23. 37 13,
25. 40 13. 45 3. 52 20. 64 19.

πόλεών ε 25 6. -ζ 71 13.

πολίων 8 79 27.

πόλεσι α 13 13. 17 17. 18 4. 124 23.
14424. — β 1028. — y 183. 45 6.
82 24, 346. — 612128. — ε 47
2111, 15s. - η 351. 5510— 9
65 10.

πολίεσι 8 77 25. 79 1.

πόλεσιν α 5 15. 12 30. 28 4. — β 8
23. — y 10 23. 46 20. 47 32. - 6
76 4. 89 27. — ε 5 26. 38 33. 47
7, 236, 17s. - 9 3 6.

πόλιας ε 77 27.

πόλισμα α 10 8. — ῥ’ 30 9. 5615,
16. — y103 4. — 6 54 5. 78 116.
103 7. - ζ 62 24. 94 28.—928 6.

24*

76 3, 29 6.

