γέ-Υῇ 77

85 18, 20. 86 29, 7. 92 7. 126 26.
’- ε 35 1. 49 1280 12. 90 1. 100
24, 26. 101 29. 104 18. 109 22, 27.
111 13. 113 7. —- ζ 10 22. 1129, 2.
16 2. 18 25, 13. 23 25. 33 35, 17.
34 5, 8 d. 37 23, 30. 38 4, 13. 40 6.
41 29. 56 32. 72 25. 78 27. 79 23,
25. 80 3. 86 8, 19. 89 3. 92 34,17.
96 20. - η119. 14 30. 28 1, 4.
30 24. 40 8. 44 30. 48 34. 50 30.
55 16. 56 7. 63 17. 67 9. 71 6. —
θ 1 5. 27 7, 8. 40 15. 41 3. 43 24.
46 14. 48 20 d. 66 26. 76 18. 84 6,
10. 87 23. 88 8. 90 7. 91 4, 7.

γε’ ζ 34 5. 77 15. 78 20.

γ’ α 40 22. 76 29. 77 18. — β 7710.
— y 11 31. 39 22. 92 18. — 627 9.
8727.— 24633.—-g3720.—
η 15 7. 6611. 6817. 86 6. - θ
2 17. 97 1.

γεγωνίσκων η 76 7.

γείτονας ὃ 64 15.

Γέλας ζ 5 4.

Γέλα ζ,4 3.

Γέλᾳ ε 4 20. - η 50 9.

Γέλαν ὃ 589. - ζ433.- η 57 30s.
80 19.

Γελεᾶτιν ζ 62 36.

Γέλωνος ζ 4 29. 5 7, 8. 9418.

Γελῷοι ζ 46. - η 1 7. 33 21. 58 9.

Γελῴων ζ 4 9. 67 25. - η 1 16 S.

Γελῴοις ὃ 58 8. — η 57 7.

γέλωτος δ 28 32.

γέλωτα ζ 35 28.

γεμίσαντες η 53 24.

γέμοντα η 25 29.

γενεαῖς α 14 13. - β 68 34.

γενναῖον α 136 28. - γ 83 14. —
ὃ 92 32 s.

γενναίοις β 97 27.

γενναιότητι γ 82 21 (1.

γενναίως β 41 17.

γένος α 24 17. 126 24d. 29d. — ζ
23ο.-η299.57 7.

γένους α 24 20. 132 27. - β 80 1.
-66124.-η2725.

γένει γ 65 5.

Γεραιστὸν γ 3 36.

γεραιτέροις ζ 18 19.

Γερανία α 107 2.

Γερανίας α 105 30. 107 35. 108 20.

Γερανίᾳ δ 70 21.

γέρα α 25 17.

γερῶν γ 58 13.

γέρασι α 13 15.

Γεραστίου (511913.

γέρων ζ 59 12.

Γέτα η 2 29.

Γέται β 96 26. 98 25.

Γέτας β 96 24.

ἐγέγευντο β 70 5.

γευσάμενα β 50 29.

γεφύρας δ 108 14.

γέφυραν γ 51 34. — δ 103 6,11. 118
7. - ζ 66 5. 101 14.

γεφυρῶν α 137 29.

γεωμόροις θ 21 8.

γεώργουσι γ 88 32.

γεωργίας α 11 18.

γεωργίαν α’11 13.

γεωργοὶ α 142 3.

Γῆς β 15 19.

γῆ α 81 5. 143 29. — β 212. 27 35.
43 31. 59 14. 76 2. 97 11. 99 5.
102 4. -· γ 58 5. 89 14.

γῆς α 2 27, 3. 23 31. 29 27. 30 14.
46 14. 52 22. 58 29. 69 15. 103 33.
108 2. 110 32. 1119. 122 21. 139 7.
142 28. 143 7. -— β 5 1, 6. 18 14.
21 28. 29 20. 31 32. 38 16. 54 6.
56 9, 16. 57 25. 62 14, 20. 72 5.
79 21. — γ 6 13. 13 35. 18 10, 18.
50 12. 85 16, 24, 26. 86 7. 87 24.
89 12. 91 17, 19. 9415. 109 7. 112
35. 115 35. - δ 11 20. 12 11. 14 17.
31 21. 41 12. 46 8. 56 10, 11. 76
9, 25. 92 12. 98 37, 20. — ε 18 27.
31 33. 41 20, 30. 47 8. 82 22. 84 33.
110 1. 112 4. -- ζ 226. 617. 7 8.
21 31. 23 30. 32 15. 37 34. 75 6.
90 22. 91 28 d. 105 31, 9, 14. -- η
4 22, 31. 26 13. 27 5. 28 20. 35 26,
29. 53 9. 62 9. 7114,22. - θ· 1 23.
24 3. 38 34, 2. 46 22. 56 30.

γῇ α 12 3. 81 17. —— β 11 33. 23 34.
29 21. 34 8. 39 35. 57 20, 28. 84
25. 87 31. 90 22. 92 28, 9. - γ33
26. 54 26. 58 9. 93 31. - ὃ 3 4.

