296

98 25, 26. 99 35, 12, 14. 100 20,27,
28, 3. 101 13, 18, 19, 19,22. 102 6.
103 13.

γ120.2 1. 314, 33,3. 4 5,6,8,14,
17, 24. 5 26, 27, 31, 33, 34. 6 6,14,
14, 16. 735. 81, 2, 3.911. 102.
12 35.13 6.15 23, 23, 24, 31, 32.

9 5 5 ⁹

5„,.9914 1919. 2028,
21 17, 19, 23, 29. 22 29, 7, 10, 16,
21, 23, 27, 30 8, 2d, 2d. 23 3, 4, 9,
11, 11, 17, 18, 19, 20, 25. 24 32, 4,
11, 12, 17. 25 27. 26 32, 35, 36. 27
13,18. 28 23, 33. 29 5. 31 33. 3218.
33 30. 34 12, 13, 15, 16. 36 5, 12,
22, 22. 37 16, 20. 40 25, 28. 42 22.
45 15. 49 24, 34,34. 50 9, 18. 51 24.
52 2, 4,15,16,17,22. 5510,11.
56 22, 30. 57 20. 58 15. 59 29, 10.
60 16, 16, 17. 655, 8. 67 14, 15, 18,
19, 34. 683, 3, 30. 697. 7013,14,
14, 26, 34, 4. 72 15, 18, 23, 24. 74
35, 5, 8. 7518,2Ο, 22, 30. 77 8,15,
16. 78 20, 21, 27, 30. 79 34, 36, 1.
80 14, 17. 81 20, 33, 2, 12. 82 29,
29 d, 3411. 83 19, 24. [84 29, 7.] 85
11, 13, 14, 22. 86 29, 4, 8. 87 23.
88 26, 33, 1. 89 5, 6, 7. 90 29, 30,
32, 33, 2, 3, 7. 91 10,19, 21, 28, 29.
92 34, 35, 7. 93 25, 2, 2, 6. 94 8, 8,
14, 17. 95 15. 96 33, 33. 97 35, 8,
11, 18. 98 18, 20, 20, 28, 36. 99 11.
100 25. 102 9, 21, 25. 103 35,8,11.
104 29, 218, 218, 23 8. 105 33, 34,
34, 8,10. 106 12. 107 34, 35, 14, 19.
108 21, 22, 27, 29, 29, 33. 109 11,22.
111 33, 37, 37, 3,12. 112 15, 17, 20,
32,6. 1131.1149. 115 27,33, 35, 3.
1 27, 30, 1, 6. 2 11. 3 4, 5. 5 25,30.
6 34, 1. 8 17, 17, 30, 23 d, 25 d. 10
18. 11 12,14,19, 20. 12 6, 8. 13 33.
14 37, 9, 10, 21, 23, 26. 16 20, 26.
17 5. 18 22, 26. 19 15. 21 3, 7. 22
20, 29. 23 1, 2, 6. 24 17, 17, 21. 25
2, 2, 10, 13, 18, 21, 23, 31, 33, 34,
2s, 3s, 6s, 88,108,14s,188. 26
21, 26, 33, 2, 9, 15,16. 27 8. 28 20.
29 5. 31 17. 32 24, 32, 6, 7. 3312,
17, 19, 22, 26. 34 30, 10. 35 21, 23,

32„299ff

οἱ

, 19, 22, 26, 27. 40 1. 41 6, 8,

25,
26,

30, 31, 32. 36 5, 10, 16. 38 25,
34, 4, 5, 8, 9, 11, 14,16. 39 19,
10,14,
21. 42 6, 9. 43 12, 16, 21, 28. 44
34, 1,4, 8, 15, 17. 45 27. 46 10,13,
16, 17. 47 27,29‚ 33. 48 11, 15, 15,
22, 26, 29. 49 32. 50 8, 14. 52 28,
29, 8. 54 24, 31, 2, 4. 55 11. 56 7.
57 17, 26, 34. 58 9. 59 24. 61 15,19.
62 18. 6528, 32, 2. 66 11,18,20‚ 30.
67 33, 1, 4, 6, 16, 21, 22, 25, 26. 68
29, 31, 2, 6, 13, 14,17. 69 25, 3,11.
71 34, 36. 72 9, 19, 19, 23, 27, 31,
32. 73 14, 14, 16, 23, 24. 74 26, 34,
1, 5. 75 16, 21. 76 6, 12,20. 78 25,
29, 1, 8,8. 79 17. 80 8, 9. 81 15, 29.
82 31. 83 6, 9. 84 24. 85 4. 87 26,
28. 88 3, 6. 89 26. 90 9, 10, 10. 91
14, 19. 92 12, 16. 93 16, 18, 18, 20,
21. 94 23. 96 14, 17, 29, 3, 4, 5, 7,
7, 10. 97 12. 98 31. 99 22. 100 32,
17. 101 23, 34. 102 12, 16. 103 32,
33,34, 35. 104 16,22. 106 11,16,25.
108 9,30,1,6,10s. 10916,29. 110 4.
11117,19. 112 31, 32. 113 6, 7, 9,10,
10.114 22.115 10,23,23. 116 29. 118
29, 32, 9, 27 6, 27 6, 28 6, 33 d. 119
12, 20. 120 26. 121 15. 122 29, 32,

, 33, 3, 4, 8, 9, 13,14. 123 22, 29, 36.

124 10, 15, 21. 125 31, 35. 126 19,
16. 127 22, 30, 31. 128 6, 8, 15. 129
30, 1, 3, 14, 15, 15, 16. 130 17, 21,
3, 4, 8. 131 15, 18, 19, 22, 25. 133
22, 26. 134 30, 36.

1 19. 2 30. 313, 21. 4 4, 5,6, 13,
14. 6 27. 10 30, 12 d, 13 d, 17d, 20d,
25 6, 256, 286. 1131,34,13,13.
13 23. 14 34, 6, 13, 17. 15 25, 27,
29. 17 5, 10, 12, 13. 18 21, 1, 15,
26s. 21 6, 11. 22 17, 19, 20. 24 34.
25 5, 8. 26 19, 27. 27 13, 27, 28.
28 34, 8. 29 10, 29. 30 21, 25. 31
2, 3. 5, 6, 9, 16,16. 32 33,33,5,12.
33 21, 25. 34 33. 35 16, 23. 37 32,
4, 10, 11, 14, 16, 22. 38 30, 34, 37,
2, 6, 7, 8. 39 17, 21. 40 32, 7. 41
16, 18, 25, 36, 2. 42 3, 4, 12, 16.
43 26. 44 10, 22. 45 10. 46 2, 9, 12,
12. 47 256, 316, 326, 336, 1s,2s,

