323

6 3 27. 3 21. 10 7. 14 10. 201. 23 5.
26 24. 27 13, 13, 27, 35. 23 11. 321.
34 33. 37 17. 33 35, 3. 40 4. 42 3.
46 21. 56 15. 60 33. 61 21. 62 16,
21. 6534. 63 22. 69 26. 741. 3511.
92 12, 31 s. 93 6. 94 31. 97 19, 21.
102 22. 103 10, 12, 4. 110 5. 114 27.
122 36. 123 20, 25. 125 31. 126 19,
16. 130 31.

ε 2 30. 7 14. 9 4, 4. 10 17, 30, 23 6.

14 5. 21 12. 26 36. 29 22. 30 2, 9,

17. 36 19. 37 12, 17. 33 1. 39 24.

42 19. 43 32. 46 25, 31, 36. Ι,59 33,

36. 56 19, 24. 57 13. 61 35. 62 13.

64 5. 65 32, 16. 67 15. 69 6, 15.

74 31. 30 13. 32 10. 33 5, 9. 35 4.

39 29, 33. 93 22. 104 15. 105 4.

111 4, 6, 23. ·

122. 2 3s.416. 1223. 1315. 155.

13 26. 19 4. 212. 23 30, 33. 25 27.

29 7, 11. 31 5s. 33 32, 12. 34 14,

17, 20, 66, 96, 12 6, 16 6, 22 6. 36

14. 33 1. 45 25. 46 34, 37, 22. 50 15.

52 2. 55 32. 64 13. 65 27. 63 12,

12, 13. 74 22. 77 3, 13, 13. 30 20.

32 37. 33 13. 34 4,16. 36 4, 6. 104

12.

η 1 19. 2 24. 12 16. 14 15,29. 16 32.
13 23, 31. 25 26, 326. 2620. 23 23.
31 13,21. 34 11, 16 6. 39 25. 4015.
4231, 33, 12 6. 47 31. 43 24. 4915,1.
57 115. 53 32. 6017. 631. 64 4, 14.
65 24. 66 32. 67 32. 69 16. 72 34.
74 9. 75 26. 77 23. 33 23, 5. 36 34,

ιΓί

2, 5.

θ 219. 8 25. 91o.11 11,17. 12 22,

23. 17 9. 19 5. 23 2. 23 5. 41 26.
47 27,1. 4617, 66, 76,196. 59
26, 29, 34, 16, 16, 22. 51 3. 52 11.
53 19. 55 19. 72 7. 74 30. 76 31.
76 16. 32 11. 66 24, 6. 376. 33 10.
39 19, 11. 9219. 991. 10013. 192 3.
196 14, 16.

021313 11, 14.- 6 2317. — ε 7 4.
10 21. - ’ς 5933. 935. - η42 4.
49 31. 36 24. — 9 50 22. 35 9.

οὐ α 1 13. 2 15, 25. 3 25, 32. 5 13.
6 2, 13. 7 27. 9 13, 33. 10 6. 15 4.
16 5,14. 2916. 2211. 26 3,13.

ὅτι - οὗ

34 30, 32. 35 23. 36 5, 6, 7. 37 23.
36 26. 39 29, 32, 33, 34, 2, 6. 40
14, 13. 42 26. 45 29. 49 16, 2. 50
16. 51 15. 52 23. 53 13, 14. 62 25.
64 21. 66 21. 67 23. 63 13, 16, 26.
69 32, 34, 5, 6, 11. 71 33. 72 30.
73 9, 10, 22. 74 16, 21. 75 32. 77
7, 11. 73 25. 32 13, 11. 34 6, 10.
35 20. 36 26, 33, 2. 67 14. 33 34.
90 32, 13. 91 15. 93 30. 95 3, 17.
102 12. 109 9. 111 14, 20. 114 21.
115 3. 116 29. 129 26. 122 4. 123
13, 13. 124 29. 125 17. 127 2. 131
10. 134 13. 136 21, 24. 137 4, 30.
133 29. 140 24. 141 5, 6, 17. 142
23, 29, 34, 3. 143 5, 3. 144 2.

β 2 13. 3 25, 28, 30. 4 28. 5 17. 6 20.

12 13. 13 11. 15 1. 161. 1713,23.
13 5. 20 32, 3. 22 3, 21. 25 12. 27
30. 39 17. 36 19. 37 26, 4, 3. 39 23,
31. 40 16, 25, 29. 41 2, 9. 43 31, 3.
4423. 47 22, 25. 4925. 50 29. 5610.
60 3. 62 19, 22, 26. 63 16. 64 25.
65 23, 39, 17, 29 6, 30 6, 3s. 66 19.
71 29. 74 6. 75 31. 76 26. 77 2. 79
12, 20. 69 6, 19 6. 61 19 s. 33 32.
34 25. 35 27. 36 25, 5. 37 14, 3.
39 23, 19. 92 16. 97 26, 31, 6. 100
23, 10. 101 13. 102 12, 29, 31.

2 2. 4 5, 22. 5 3. 6 15. 7 30.105.
11 17, 31. 13 16, 1. 16 9. 13 1. 20
11. 22 35, 2, 19. 23 26. 27 16. 32
11. 33 26, 4. 34 23. 36 9, 15, 21.
37 5. 33 10. 39 27 s. 40 13, 20, 21.
43 6, 22. 44 25, 27, 4. 46 14, 17.
47 32. 49 1. 51 34. 53 23, 34, 35.
54 22. 57 5, 23. 59 13, 5. 62 4. 63 2.
64 14, 30. 65 2, 12. 66 13, 24, 31.
67 22, 31. 73 23. 31 10. 32 16 6,
196, 216, 4s,11s. 6316. [34 3.]
66 34. 66 31, 2. 69 20. 91 17. 92 3.
93 29, 1, 5. 94 23. 95 10, 10. 102 6.
195 19. 197 39, 17. 112 25, 39, 1.
113 16. 115 2.

δ 9 32. 13 29, 37. 17 32. 2116. 22 32.

26 24, 25. 27 29, 31. 28 11. 319,
19. 35 19. 38 17, 13. 41 18, 19. 44
6, 13, 21. 48 28. 50 11. 60 33. 61
21, 28, 35, 1. 62 6. 63 2, 4. 64 24.

