332

52 4. 5319. 54 36,10,11. 8017, 18.
82 6. 84 3. 85 17. 86 26. 89 5. -
η 3 16. 28 33, 8. 38 5. 42 16. 57
28 s. 59 2, 13, 13. 75 12. 78 19. 84

· οὖδενός- οὖν

130 30. 131 15. 140 6. 143 27. 145
13. -— β 21 23, 27. 5618. 58 7. 70

34. 80 15. 8110. 93 4. 94 30. — y Ι

10 4. 33 2. 52 2. 55 6. 75 14. 106

28. 87 21, 31, 31, 33. - θ 5 23.
8 25. 15 15. 2212. 40 9. 48 26,27,
7(1, 51 7. 64 27. 66 28. 70 29, 30.
7116, 34. 72 9. 74 29. 7515. 7617.
77 2. 86 29. 87 11,14. 91 17. 95 5.

98 23.

οὐδενός α 32 21. 37 30. - 9 21 8.
οὐδενὸς α 31 33. 91 12. - β 60 8.
- y 49 35. 64 24. — δ 118 266.
130 20. - ε 17 30. — ζ 72 21. 89 4.
— η 30 3. 74 20. 77 12. 85 11. —
9 68 14. 69 9. 76 16. 82 2. 86 31.

92 18, 21.

οὐδεμιᾶς β 49 19. 94 12. — η 29 15.

71 17 d.

οὐδενὶ β 52 3. 73 22. 87 5. — y 31 36.
65 17. 108 35. 113 24. — ε 60 2.
- ζ 35 25. 92 35. - η 23 29. 40
11. 4931. 71 20. 8416. — 92110.

27 27.

οὐδεμιᾷ α 78 33. - δ 40 33. — ε 47
30 d. - ζ 68 9.

οὐδένα μ 37 31. — β 3 27. 22 11.

84 29. - y 52 14. 66 19. 68 15.
87 16. — δ 28 26. 38 37. 48 11.
50 12. 114 33. - ε 7 4. 13 26. 42
16. -ζ 16 4. 4123. —- η42 3.-

θ 68 16.

οὐδεμίαν α 25 3. 65 34. — ζ 104 9,

27.-2782.

οὐδέ-ποτε ὁ 64 22. —- ε 45 6. - θ

27 31.
οὐδέπω ζ 16 20. — 9 78 12.
οὐδεπώποτε δ 6124.
οὐδέτερον β 8112.
οὐδετέρου β 89 15.
οὐδετέρας (acc. pl.) θ 43 16.

οὐδέτεροι α 30 25. — y 82 8 s. — δ

7230.-η381.-96019.
οὐδετέρων ε 84 28. - η 34 7.

οὐδετέροις α 63 13. — η 59 2.

οὐδετέρους ε 97 1.

οὐκέτι α 9 26. 12 6. 73 32. 75 6.
86 34. 91 2. 95 15, 17, 19. 99 27.
103 21. 114 33. 118 9. 12427. 128 19.

22. 113 30. - δ 27 28. 34 28. 3614.
44 3, 8. 48 10. 68 3. 74 28. 96 14.
10124. 105 7. 106 23. 123 26. 1321.
- ε 4 21. 38 10. 42 15. 45 10. 59
10. 73 21. 82 11. — ζ 3 12. 45 27.
61 4. 75 13. 99 16. 103 26. 104 9.
— η 34 5. 40 8. 43 18. 47 5. 59 2.
71 12. 73 25. 75 21. 78 14. — 9
9 9. 11 18. 2310. 2414. 50 5. 53 7.
56 19. 60 21. 63 15. 70 10. 71 15.
86 27 s. 92 30. '

οὖκετ’ ὃ 128 10.

οὐκέθ’ 9 35 27.

οὐκουν α 10 23. - β 11 15. 4324.
— y 40 36. 46 3.113 20. — δ 86
28. - ε 30 14. 107 13. — η 48 34.
- 9 48 206. 78 17.

οὐκοῦν y 63 31.

οὖν α 3 34. 9 4.10 5. 15 28. 20 1.
26 27. 32 27. 40 9. 41 3. 46 21. 49
22,31. 511. 53 31,12. 55 11. 631.
71 11. 72 2. 76 29. 77 18. 78 24.
81 8. 83 16. 85 12. 86 7. 91 29, 2,
13, 17. 93 24. 101 27. 115 13. 118
12. 123 7. 126 14,25 d. 128 5. 132 5.
138 22. - β 3 31. 5 6.93.11 11,
76. 12 21. 13 5d.1631. 18 1. 20 3.
34 3,- 13. 41 17. 44 15. 48 9. 51 1.
54 10, 20. 58 8. 60 1. 68 5. 70 12.
75 14. 85 31. 86 24. 87 27, 1. 89
26s. 91 2, 15. 95 14. 96 20. 98 8.
99 28. — y 12 33. 14 14. 17 31.
20 13. 21 18, 25, 28. 22 6, 24. 23 20.
24 11. 30 25. 34 11. 36 17. 37 24.
38 27. 40 4, 32. 45 6. 51 30. 64 33.
67 27. 78 33. 81 20. 82 33. [84 27.]
85 11. 86 3, 12. 9215. 95 7. 9818.
101 33. 106 13. 112 31, 6. 115 6.
— δ 810. 93,15. 1318. 21 3. 252.
33 18. 34 27. 44 32. 50 12. 54 24.
57 17. 67 33. 77 29. 82 30. 88 12.
95 7. 96 28. 103 25. 104 32. 110 3.
1121. 11719. 118 31. — ε 5 31.
8 28. 9 19. 15 22, 26. 17 29. 2229.
26 8. 28 8. 30 18. 32 14. 35 23, 8.

