ἐς —- ἐσηκόντιζον 1 6 3

30s, 33s, 35s,1d, 20, 9d.8913,
33. 90 8, 10. 92 3, 14, 15, 21, 21.
93 5. 94 27, 31. 95 6. 96 24, 30. 97
1,2,15. 98 2. 99 27. 100 3, 5, 7, 16.
101 29, 2, 4, 17, 26 s. 102 9, 11.
103 25, 35. 104 6, 13, 16, 22, 22.
105 30, 2, 5, 8, 11, 13.

1 17, 23, 1, 17 s. 2 21, 30, 3. 3 18,
20. 4 20. 6 9. 7 19, 23, 28. 8 31.
9 15. 10 18. 11 1. 12 11, 12. 13 4.
15 15. 16 30. 17 2,6,11. 18 19,22,
31, 1,8,11,12, 14. 19 21, 29,1, 3, 8.
20 24,26, 32, 1. 21 5, 10, 26, 29. 23 21,
21,4. 25 25, 5, 27 d. 26 6,10, 12, 19.
27 25, 27, 28. 28 29, 6, 7. 29 27 4.
30 32. 31 8, 11, 13, 14, 30. 32 4, 6,
14,16,17. 33 21,33,4,7. 34 17,4, 10.
35 31. 36 9, 31, 1, 40, 4d, 7d, 86.
40 23, 24. 41 27. 43 9, 23 s. 44 29 d,
30 d, 1s, 3s. 46 18, 20. 47 33. 49
22, 22. 50 8,10,14,14,18,21. 52 5.
53 14, 17. 54 3. 56 26. 57 185. 59
13. 60 18, 26. 62 6. 63 12. 66 3. 67
1, 2, 6. 69 9, 19, 24. 70 9, 24 d,3 s.
71 20, 23,10,12, 15 d. 74 10,15,21.
75 31, 1, 5, 255. 77 15, 16, 17. 78
27, 1, 13. 79 9. 80 29. 81 16, 24.
82 16, 18. 83 29. ’84 22. 85 6, 16.

61 11. 62 22. 63 30, 33, 3, 11. 64
23, 24. 65 11. 66 13, 14. 67 21, 21„
23, 6. 68 12, 15, 16, 25. 69 11. 70
31, 2. 71 1. 72 3, 9. 73 22, 4. 74
18, 20, 24, 27. 75 8. 76 22, 1, 12,12.
77 3. 79 29, 12. 80 24, 27, 28, 30,
32. 81 6,11. 83 20, 21. 85 5,11,12.
86 9, 22 8, 27 8, 28 8. 87 1, 5, 13, 15,
29. 88 11. 89 16, 30, 32. 90 20, 21,
2, 7, 13. 91 24. 92 12, 19, 26, 28,
3, 108, 138, 25 8, 15 d. 93 16, 19,
22, 29, 33. 94 7, 11, 13, 16. 95 21,
26, 10,14, 15, 18 d, 19 d. 97 26, 33,
2. 98 11. 99 10, 12, 14. 100 17, 21.
101 19, 24, 27, 29. 102 6. 103 20,
25,28,29. 105 23, 24, 4, 6. 10610, 17,
25. 107 10. 108 14,21,23,28. 10918.

ἒς α 17 18. 57 1. 65 9.106 15. - β

611. 1317,28. 6411,12. 65 23,
10. 77 10. 89 30 5. 100 21. 101 15.
- γ 21 23. 48 19. 98 25. 100 16.
112 36. 115 28. - δ 54 7. 55 22.
70 19. 8123. 12615. - ε 16 8.
28 29. 75 17. - ζ 15 11. 26 6, 9.
34 32. 41 1. 45 27. 46 8. 48 3. 59 9.
70 31. 7513. -η 16. 24 21. 25 32.
29 24. 40 22. 63 26. 69 13. 81 27.
- 8 3 4. 48 15. 64 21.

36 19, 21, 6, 7. 87 13, 31.

9 1 3, 28, 29. 3 31, 4. 4 19, 20. 5 29,
2, 13. 6 31, 32, 6, 7, 11, 14. 7 1,
4, 4. 8 8, 9, 12, 13, 15, 16, 18, 19.
9 4. 10 12, 16, 19, 24,29. 11 34,1.
13 7. 14 14, 23. 15 27, 12, 15. 16

εἰς α 3 33.

ἐσαγγείλας θ 51 8.

ἓσαγγελλόμενα ζ 41 26.

ἐσηγγέλλετο α 131 13. - ζ 52 1. —
θ 79 21.

ἐσηγγέλθη γ 3 25. - 9 92 7.

ἐσαγγελθέντων α 116 9.

ἐσάγειν 6 26 34.

ἐσῆγον 6· 26 2. 67 12.

ἐσήγαγον β 6 27. - 9 69 11.

ἐσαγαγεῖν ε 35 34.

ἐσαγαγὼν γ 34 25. — ὃ 71 35.

ἐσαγαγόντι ὃ 26 1.

17, 18, 19. 17 32, 3. 19 2, 6, 9, 11,
12. 20 23, 23. 21 3, 9. 23 26, 28, 30,
31, 32, 1, 4, 19, 23, 26 d, 27 d. 24 32.
25 13, 13, 27. 26 12, 14, 16. 27 27,
12, 16, 16. 28 25, 9, 10, 12. 29 15,
15, 17, 25. 30 4. 31 16, 20, 21, 26.
32 32, 1, 3. 33 21, 22, 28, 28. 34 2,
6, 7, 8. 35 13, 22, 28. 36 30. 38 34, ἐσήγετο ζ 103 22.
7, 10,12, 14, 17. 39 26, 28, 5. 4026. ἐσηγάγοντο θ 1ίὶ 26. 108 28.
, ἐσαγαγόμενοι θ 91 5.
2. 43 4, 8. 44 27, 11,12, 15. 45 18, ἐσαεὶ α 129 20.
34,1,12. 46 26,17. 47 26, 33, 34, ἐσακοντίζοντες y 98 28. — ε 10
5. 48 7, 8, 14, 16, 16. 49 23. 50 5, 20 d. - η 78 28.
6, 13. 53 25, 11. 55 12, 14, 18. 56 ἐσηκόντιζονβ 79 29. — γ23 229714.
21. 57 23, 24. 60 13, 14, 20, 20, 21. 98 '24.

11*

