204

1, 2, 2, 3. 42 5, 6, 7, 8, 9, 10, 10,
12, 13, 14, 15. 43 19, 19,19,22,23,
24, 25, 27, 28, 28, 29, 29‚30.31,31‚
32. 44 35, 35, 35, l, 3, 3, 5, 6, 7,
9,10,11,12,14,14,15,18,21. 45
25, 26, 27, 27, 29, 30,31, 32. 46 36,
L 2,3,4,5,10,10,10,12‚14,14
14,15,15,17,17,19,21,2L 4725,
27, 30, 31, 32, 34, 35, 37. 48 2, 4,
4, 5, 6, 8, 9, 9, 11. 49 14, 16, 19,
21, 23, 24, 26, 29, 29, 30, 31. 50 34,
36, 3, 4, 6, 8, 10, 13, 14, 16. 18, 19,
19, 20. 51 21, 24, 24, 27, 31. 52 2,
4,5,9,10,11,11.53 13,16,18,20,
21, 25, 26, 28, 29, 30, 31. 54 32, 5,
7, 9, 15, 16, 16, 18, 18, 21, 22, 25,
26, 28. 55 32, 34, 36, 5, 7, 10, 13,
16. 56 23, 24, 28, 31, 31. 57 33, 1,
2, 5, 5, 6, 8, 9, 10, 11, 12, 13, 14.
58 19,21,23,24.59 27,28,3Ο,31,
L 7, 8,10,11. 60 14,16,17,18,18,
19, 20, 22, 25, 25, 28, 29, 32, 32, 34,
2. 61 10,11,12,13,14,15,18,19,
21,24‚30,33,34,35,1,2,4,7,12s
62 15, 16, 17, 18, 22, 23, 25,30,31‚
32, 32, 33, 33, 36, 36. 63 3, 4,6,8,
8, 9, 14. 64 17, 21, 23, 28, 33, 34,
2, 5, 8. 65 9, 10, 10, 12,13, 14, 14,
16, 16, 21, 22, 22, 23, 25, 27, 28.
66 32, 33, 33, 34, 35, 35, 35, 1, 1,
3, 4, 5, 8, 9, 11. 67 13, 14, 15, 16,
19, 21, 24, 25, 26, 27, 29, 29, 32.
68 L L L 3,4,5‚5,5,8‚9,10,1Q
17. 69 22,23,28,30,32,33,33,34,
1, 3, 5, 6. 8, 11. 70 14. 15, 15, 16,
16,18,21,23,23,24,25,26,29,3Q
33. 71 L 3,‹L 5‚6,7,10,11,12,14‚
15. 72 17,18,20,21,21,22,23,28,
29, 32, 34, 4, 4, 5, 7, 8. 73 9, 10,
11, 11, 12,13, 14. 74 20,25,25,28,
29, 30. 31, 32. 75 33, 1, 2, 2, 4, 5,
6, 7, 8, 11, 17. 76 24, 29, 33,34,1.
77 10, 11, 14, 19, 23, 24. 78 25, 27,
29, 30, 31, 1, 6, 7, 8, 9, 13, 14, 15,
18. 79 21, 24, 25, 28, 33, 1. 80 4,
6, 8, 11, 14, 15, 19, 22, 24, 25, 27,
29. 8235, 1, 2, 3,4,5,7„,111215,
17,
29,,,934184-1, 7,,812,12,15,,1516.

ndi

85 20, 22, 24, 26, 27, 28, 29, 30,31.
86 1, 4, 5, 5, 9, 11, 12, 14, 15, 15,
16, 17, 21, 25, 26. 87 30, 1, 1, 2, 3,
6, 8, 9, 10, 11, 15,18. 88 25, 26‚30,
31,34,36‚ 3, 6, 8, 8, 9, 11, 11, 13,
15‚17‚ 18,19,19, 20s, 21s, 228, 23s,
26s,27S, 29s, 30s, 31s, 33s, 34s,
35s, 5d,6d,7d,8d,8d,12d. 89
17, 18, 21, 22, 22, 23, 23, 25, 29, 34,
34, 35, 1, 1, 3, 3, 4, 5. 90 8, 9, 12,
13, 13, 14, 18, 18, 22, 24,24, 25. 91
30, 34, 35, 1, 2, 2, 2, 3, 5, 8, 8, 10,
12, 13, 15, 18, 27, 28 d, 28 d. 92 33,
33, 34, 35, 5, 6, 11, 14, 15, 19, 21,
23, 24, 24, 25, 26. 93 28, 29, 31, 33,
33, 34, 2, 3, 6, 9, 10, 11, 12,12,13,
13. 94 18, 20, 21, 22, 22, 23,24,25,
25, 26, 29, 30, 31, 32, 1,1. 95 3, 5,
8, 8. 96 12, 13, 16, 21, 21, 22, 23,
26, 27, 30. 97 32, 35, 4, 7, 8, 10,
12, 13, 15, 15, 16, 17, 23. 98 23,25,
25, 25, 26, 26, 27, 28, 29, 29,32,33,
34, 34, 2, 4, 5, 6, 7, 8. 99 9,10,18,
18, 18, 20, 25. 100 31, 32, 1, 6, 7,
5 7 3 5
23, 23. 101 27, 28, 29, 30, 32, 1, 5,
5, 6, 6, 8, 8, 8, 9, 9, 10,12,15,17,

,18,19, 21, 22,22,23, 24,27s.
11 103
19,19,23,24,25,
26, 29, 31, 32, 33, 34, 34, 35, 2, 3,
3. 104 4, 6, 7, 11, 14,16, 17,18,19,
22, 23, 26, 26, 27. 105 30, 30, 31,
31, 2, 3, 4, 5, 7, 7, 9, 9, 9, 13, 14,
15.

15,17,17,17,18‚

1, 16, 18, 23, 24, 25, 26, 30, 30, 2,
2, 4, 7, 7, 10, 11, 12, 13, 14,15,15,
16 s, 16 s. 2 20, 22, 24, 25, 26, 27,
28, 30, 31, 32, 7, 7, 7. 3 10, 16,17,
18, 19, 20, 24, 28, 30. 4 33, 33, 4,
5, 16, 19, 24, 24, 25, 26, 26, 28, 29,
ld, 2d, 4d, 4d. 5 9,10,11,13,14,
14, 15, 18, 20, 23, 23, 23. 6 25, 26,
27, 29, 30, 32, 1, 3, 5, 7, 7, 9, [10],
12, 13. 7 14, 15, 17, 18, 20, 20, 20,
23, 24, 26, 27, 28, 28. 8 29, 31, 31,
32, 32, 33, 1, 4, 9, 10. 9 13, 17. 10
20, 20. 11 27, 29, 30, 31. 12 11, 12,
13, 14, 15, 17, 18, 18,20‚21‚23, 25,

