240

53 26. 57 30. 64 25, 32. 65 14, 24.
67 25. 68 5. 73 1, 12. 75 3, 10, 12.
78 18. 81 1, 17. 84 3. 85 31. 86 30.
87 31, 25. 88 12. 89 5. 90 14, 17.
91 30, 5. 92 3. 93 32. 95 1. 96 5,
22. 98 11. 106 9.

μάλιστά α 139 1. — y 104 1.

μάλιστ’ α 22 3. 92 23. — β 41 1. 48
14. - y 53 31. - 6171619 6.
76 6. 126 8.- ε 918. 22 28. 7312.
105 4. - ζ, 18 24 d. 34 18. 49 20.
- η 36 29.

μᾶλλον α 2 5. 3 25. 4 9. 512, 18.
7 20, 25. 8 5,11. 10 24. 11 15. 13
12, 16, 1. 15 7. 20 21. 21 25, 32.
22 17. 25 24. 28 10. 32 2. 33 29.
34 2. 36 2. 37 2. 40 2. 42 28. 49 3.
50 12. 51 4. 52 28. 6815. 6919,23.
72 35. 73 17, 19, 23 77 12. 81 12,
15 82 33. 84 29. 85 16. 86 6. 8716.
90 30. 91 27. 95 8105 6.120 34.
121 33.12319. 124 2 130 30. 132
10.133 28. 138 9.140 4,19. 1412.
142 11. 144 14, 30.

β 2 18. 7 12. 8 29.116d.12 16. 15
34, 18. 22 11. 29 25. 36 10. 37 27.
39 1. 40 8, 17, 30. 41 3. 42 31, 9,
12. 43 19, 28, 33. 44 11, 30. 48 8.
50 32. 51 14. 52 32. 60 1, 15. 62
5, 22. 64 24. 65 23, 12, 16, 24 d.
70 2. 76 16. 87 11. 89 31. 941.
96 25. 97 29.

y 6 16. 11 19. 13 25. 23 21, 28, 30.
32 19. 36 21. 37 9, 23. 38 29, 24.
39 35. 4014,19. 4430. 46 18. 54 20.
56 20, 22, 30, 35. 62 15. 63 3, 12.
64 22. 65 2, 9, 14. 79 5. 81 14. 82
26, 19 d. 83 18, 26. 87 20. 107 17.
108 27. 112 26.

6 1 6. 3 8. 10 20. 11 13. 19 5, 14.
20 33. 21 18. 28 21, 35. 29 7, 11.
30 30, 32. 34 32. 36 9. 37 18. 61
12, 26. 62 8, 13, 25. 64 6. 66 19.
68 12, 19. 72 13. 74 28. 78 24. 83
12, 14. 86 4. 87 30. 95 1, 7. 98 35.
103 30. 108 12 s. 114 1, 7. 115 22.
117 12. 122 12. 123 23, 29. 124 30.
126 28, 35. 128 2, 13.

ε 7 5. 8 26. 9 15, 23,8s. 10 146.

μάλιστά - μαντείῳ

11 12. 13 30. 14 33. 15 30. 16 6.
17 5. 20 27. 26 7. 28 34, 7. 32 14.
43 31. 44 16. 45 11. 46 19. 50 1.
63 29. 71 32. 76 4. 81 30. 101 31.
108 18. 110 1.

ζ 16 22. 17 19. 18 34, 7, 2811. 19 3.
20 20. 2411. 25 28. 31 35, 29. 3314.
34 30, 9d, 14 d. 38 25. 41 26. 49
19, 28. 54 10. 56 23. 59 30. 60 21.
61 12. 63 6., 15. 71 14. 72 7. 76 23,
28. 77 7, 24. 78 29, 16. 79 31. 83
24, 2. 86 8. 88 27, 4. 89 26. 91 12,
15. 92 10. 93 30. 103 32. 105 2,10.

η 3 20. 4 21. 6 2. 8 11. 119.12 28.
13 8. 17 9. 18 30. 1919. 21 15. 25
27, 30d. 29 15. 36 17. 3715. 43 198.
44 38. 48 1, 108. 51 10. 52 32. 55
17. 57 13, 11s, 21s, 22s. 63 16.
64 18. 67 6. 69 15. 71 29. 73 23.
75 288, 328. 76 6. 79 26, 33. 81
24, 32. 85 34.

θ’ 5 8, 21. 610. 8 22. 91. 1013. 27
15. 36 4. 41 30. 43 15. 48 11, 27,
7d, 10 d. 50 24. 51 8. 5312. 5515.
56 31,1. 60 16. 63 26. 65 18. 70 11.
71 21, 35. 7811. 8115. 83 17. 85 7.
86 29, 10. 87 24. 88 12. 89 23. 90
23, 2. 91 27. 92 11. 96 10. 105 6.
108 17. 109 13.

μᾶλλόν α 4918- y 63 28. - ζ 82 6.
— η 49 26.

Μαλόεντος γ 3 26.

Μαλόεντα y 3 3.

μανθάνετε ζ 39 4.

ἔμαθεν β 87 25.

ἔμαθον η 42 28.

μάθοιτε α 36 15.

μάθετε ζ 90 10. 91 32.

μαθέτωσαν α 34 31.

μαθεῖν α 4012. - δ 126 30. -— ζ 62 18.

μαθὼν α 42 19.

μαθόντες y 24 16. —— ζ 40 6.

μαθόντας η 8 8. 11 25.

μανιώδης ὃ 39 29.

μαντείαις β 47 31.

μαντεῖον α 25 9. 126 2. — β 17
17, 21.

μαντείου β 17 14. — δ 118 21.

μαντείῳ α 28 7.

