δή - δηλωθήσεται 93

6ήα132τ. 1214. - β419.-γ
66 28. 104 17. — 6 92 32, 7. — 9
1 13. 39 6. 73 8. 87 33.

627 α 1 8. 8 29. 11 24. 24 18. 33 16.
39 28. 45 5. 49 6. 50 18. 53 7. 58
23. 74 8. 81 13. 91 4. 93 6. 118 7.
122 4, 5. 127 30. 12813. 13115. 132
19. 138 8,18. 141 19. 142 26, 2. -—-
β 4 9s. 6 24. 12 30. 17 24. 19 18.
21 24. 24 12. 29 28. 31 26. 40 18.
42 20. 49 17. 58 3. 62 7. 64 23, 32,
4, 7. 67 19. 70 5. 74 31. 77 2. 83
11. 84 6. 89 4. 97 21. 102 32. -
y 10 3.17 18, 32. 24 17. 29 9. 39 26.
40 21. 51 36. 54 30. 57 14. 98 24, 3.
104 23s. 113 25, 32. - 6 22 24.
23 5. 30 30. 39 27. 40 31. 46 20, 22.
55 23. 58 15. 59 29. 63 34. 67 13.
74 25, 12. 75 25. 78 17, 20. 87 27.
108 24. 117 15. 119 22. 127 29. —
- ε 10 9. 16 6. 17 13. 26 34. 28 5.
43 25. 50 1. 58 17. 60 8. 63 29.
64 7. 66 27. 72 25. 74 31, [32]. 85 2.
90 1. 105 33.11113.113 5,11.-
ζ 10 25. 13 16. 17 9. 18 30. 24 12.
314. 33 17,18,19. 37 16, 30. 38
26. 5412,15 56 23. 6112, 19. 6310.
6925. 76 28. 775. 808,16. 9216,
2ο.1633ο.-η139.1823,9. 19
21. 2614. 39 21. 44 29. 55 8, 17.
56 7, 7. 62 3, 7. 70 15, 33 6. 7119,
6, 186. 75 26s. 77 13,19. 81 15.
85 10. 86 2, 5. 87 32. - 9 1 22.
9 30. 27 8. 41 3. 48 66, 66. 53 9.
5619. 671. 7130. 76 6. 8317. 84 8.
85 22. 89 23. 92 21. 95 11. 96 27,
17. 97 1. 99 6. 106 13.

δῆθεν α 92 21. 127 31. — y 68 6.
111 36. — 6 99 29.

Δηλιακὸν γ 104 8.

Δήλιον 6 76 16, 19, 22. 8917. 90
30, 32. 93 5, 9. 97 24. 100 1.

Δήλιόν 6 96 3.

Δηλίου 6 90 8. 96 11. 101 20.

Δηλίῳ α 13 10. - γ 104 27. — 6 97
16. 101 2. — ε 14 34. 15 29.

Δήλιοι ε 1 19.

Δήλια y 104 29.

Δηλίους ε 1 15. 32 25. — 9 108 29.

Δῆλος α 96 33. - β 8 24.

Δήλου α 8 30. -- γ 104 24. - ε 115.
— θ 80 26. 86 14. 108 31.

Δήλῳ γ 29 9. 104 21,1,20s. - 3
77 4.

Δῆλον y 104 16, 28, 30. - ε 32 26.

δῆλος θ 59 6.

6ήλη α 93 28.

δῆλον α 11 11. 38 19. — y 38 1. --
ζ 34 16.

6ῆλόν α 93 9. - y 6413. — ζ 5429.

δῆλοι α 71 1. 140 34. - ε 10 31.

δῆλα 6 29 15.

δήλους θ 92 136.

δηλοῦσι α 518.

δηλοῦσιν α 134 31.

δηλοῖ α 3 15. 136 25. — y 104 34, 7.

δηλοῦν β 42 27.

δηλῶν α 10 31. - ε 65 32.

δηλοῦσαν η 10 22.

δηλοῦντες α 25 11. 67 2. 90 32. 102
12.-6382τ.-ε3ο8.-ζ34
33. - η 38 6.

δηλοῦντας α 82 21.

ἐδήλουν δ 68 22.

ἐδήλου α 126 2. 129 8. 137 22. - δ
108 20. — η 16 20.

δεδήλωκεν α 9 1. 10 34.

6ηλώσω β 48 15. 62 8.

δηλώσει α 21 33.

δηλώσομεν ε 91 17.

ε’6ήλωσε β 50 26.

ἐδήλωσεν [y 84 21. - δ 48 8.

ἐδηλώσαμεν α 71 5.

ἐδήλωσαν δ 61 23.

δηλώσειεν ε 105 4.

δηλῶσαι α 72 30. 73 14. 137 33. ——
γ1636.-ε5ο36.-η142.

«δηλώσας α 138 8. — β 36 22.

δηλώσαντος α 134 15.

δηλώσαντες y 37 19.

δηλωσάντων θ 14 20.

δηλώσαντας ζ 47 33. - η 25 31 d.

δηλοῦται α 11 25.

(δηλοῦσθαι β 35 21, 28.

δηλούμενον ε 95 30.

δεδήλωται α 13 31. 40 11. - ε 118.

δεδηλωμένον ε 9 6.

δηλωθήσεται α 144 17.

