202

29, 2, 3, 4, 5, 7, 9, 11, 14. 121 14,
15, 16, 18, 19,20, 22,24, 25, 26, 27.
122 31, 33, 2, 6, 9, 12, 15, 16. 123
19, 21, 22, 24, 25, 26, 28, 31, 32, 33,
33, 34, 36. 124 3, 4, 5, 7, 8,11, 12,
14, 14, 17, 17, 19, 20, 20, 21,26, 28.
125 30, 36, 2, 4, 8, 9, 10, 13, 15.
126 19, 19, 22, 23, 26, 31, 32, 33, 2,
2, 6, 7,8, 13, 14, 15, 16. 127 22, 23,
24, 25, 27, 33, 36. 128 5, 6, 7, 8, 10,
11,11,14, 18, 21. 129 26, 30, 32,
33, 33, 35, 36, 2, 4, 5, 6, 7, 8, 9,12,
12, 14, 15,16. 130 19,20,22,27,29,
31, 32, 34, 35, 2, 4, 5, 8, 9, 10, 14.
131 16, 19, 20, 22, 25. 132 31, 4, 5,
6, 7, 9, 10. 133 14, 15, 16, 19, 20,
20, 24, 25, 26. 134 28, 30, 30,3l, 31,
34, 35, 36, 2. 135 3, 4, 5, 10, 10,11.
1 14, 16, 19. 2 24,24, 26, 3, 5. 3 7,
8, 9, 11, 14, 16, 17, 18, 21, 23, 24,
24, 25, 26, 29, 31. 4 35, 3, 5, 5, 7,
7, 8, 11, 12, 13, 16, 20, 23, 23, 24.
5 25, 26, 27, 29, 31, 2, 3, 3. 6 7, 9,
14, 16, 20, 21, 22, 23, 23, 23, 25,
7 32, 33, 33, 34, 2, 3, 5, 8, 10,
14. 8 17,18, 18, 20, 23, 23, 25,
28, 29, 1, 2. 9 4, 8, 10, 12, 14,
17, 20, 22, 24, 26, 28, 29, 32,32,
33, 34 35, 35, 1, 2, 58, 98. 10 11,
14, 16, 18, 19, 20, 21, 22, 23, 26, 28,
30,3,,134 34, 35,,,,2357,8,9,
166,126,146,166,186,196,196,
20d, 20d, 22d, 24d, 26d, 27d, 29d,
30 d. 11 33, 35, 36, 36, 2, 4, 8, 11.
12 15, 16, 16, 18, 21. 13 24, 27. 14
35, 3, 11, 12, 13, 13, 14,15,
17, 19, 21. 15 23, 25, 26, 32. 16 33,
33, 34, 36, 1, 4, 7, 8, 9, 9, 9, 12, 14,
25, 27. 17 30, 31, 2, 3, 6, 11, 12,
14, 14, 15, 15, 17, 18. 1820, 21,21,
22, 22, 23, 24, 24, 25, 25, 26,26,27,
27, 28, 29, 29, 30, 31, 31, 32, 33, 34,
35, 37, 1, 4, 13, 13, 14, 15, 16, 17,
17, 17, 18, 18, 208, 218, 22 8, 23 8,
26 8, 26 8, 27 8, 28 S, 28 8, 28 8, 308,
32s, 35s, 35s,1d, 4d,4d,4d,5d,
6d, Sd. 19 12. 20 22, 23,25,28,28,
29, 30. 21 2, 3, 3, 5, 12,15,15. 22
18, 20, 25, 27, 30, 30, 31. 23 34, 2,

10,
27.
12,
27,
15,

31, 35,

καὶ

3, 5, 5, 5, 6, 9,1Ο,11,12,14, 21, 21.
24 33, 34. 25 1, 2, 5, 7, 8, 8, 10, 11,
14. 26 16, 17, 18, 19, 19, 21,21‚23,
26, 26, 27, 30, 31, 32, 33, 35, 35, 2,
3, 5, 6, 8, 9. 27 10, 11, 13, 17, 20,
21, 21, 24, 27. 28 30, 30, 32, 3, 5.
29 10, 13, 15, 16, 18, 18,19,21,22,
23, 25, 26, 30. 30 32, 33, 35, 36, 2,
13, 19, 21, 23, 24. 3126,27,32,33,
1, 4, 7, 8, 11, 13, 14, 15,16,16,17,
19. 32 24, 25, 27, 28, 28, 28,29,31,
35, 1, 1, 3, 6, 8, 15. 33 21, 22, 24,
28, 29. 34 31, 35, 36, 2, 3, 5, 6. 35
10, 12, 13, 14, 17, 26,-30,31,33,34‚
34, 1, 1, 3, 5, 6, 7, 8. 36 11, 12, 13,
14, 14, 14, 15, 16, 16,19,24,25. 37
32, 32, 33, 33, 3, 5, 5, 6, 6, 7, 8, 1ο,
11, 15, 16, 16, 19,19, 21, 22. 38 24,
24, 25, 27, 28, 28, 32, 2, 2, 3, 7, 9,
12. 39 13, 16, 19, 20, 27, 30, 30‚31.
40 35, 37, 2, 8, 8, 9,13. 41 16, 18,
22, 29, 30, 32, 35, 1, 2. 42 5, 5, 6,
9, 13, 14, 19, 19, 22. 43 28, 30, 31,
33, 34, 5, 6, 9, 10. 4411,18‚18,18‚
22, 22, 23, 25, 25, 26, 27. 45 29,30‚
32, 33, 3, 3, 4, 7, 7, 8, 9, 12, 13. 46 17,
20, 21, 26, 28, 29, 31, 35, 35, 36, 1, 1, 4,
7, 7, 12, 13. 4715,16,16,16‚ 17, 18,
18, 19, 20, 20, 20, 22, 22, 22, 23, 24, 25,
25,27,27,30,31,31,31,34,35,35,4,4,
4, 5, 9, 11, 12, 12, 15d, 17d, 18d, 246,
256, 256, 256, 296, 296, 296, 316,
3211, 32 d, 18, 18, 28, 38, 38, 48, 68,
68, 7s, 8s, 10s, 10s, 14s. 4819,20,
20, 22, 23, 23, 24, 28. 49 31, 36, 8, 8,
13, 17. 50 24, 24, 27, 27, 28,31,31,
33, 1, 2, 4, 5, 6, 8. 51 10, 10, 11,
13, 15, 16, 17, 18, 18. 52 22, 27,28,
30, 30, 32, 33, 1, 1. 53 3, 7, 8, 10.
54 14, 19, 24, 25, 27. 55 28‚31,33,
34, 2, 3, 3, 6, 7, 7, 1ο, 11, 12, 13.
56 16, 21, 22, 28, 29, 30, 33, 33,:34,
34. 57 2, 5, 7, 9, 10,11, 11. 5815,
17, 18, 18, 19, 20, 21, 24, 25,30,30,
31, 31, 32, 32, 33, 33, 2, 3, 4. 59 5,
6, 8,8,9,10,12,15,16,16,17,17,
19, 21, 22, 24, 27, 28, 29. 60 29, 30,
31, 32, 1, 3, 6, 7, 7, 11,11,12,12,
12,12,13,13,15,17,18,21,22.

