260

81 20. 84 16. 90 13. 91 7. 92 17.
103 14. - γ 7 26. 69 10. 96 29.
98 7, 9. 100 19. 101 27. 102 6, 14.
11410. - δ76 1. 77 33. -η 3410.

ἐναυπηγοῦντο α 3129.

ναυπηγηθῆναι α 13 19.

ναυπηγησάμενοι ζ 90 20.

ναυπηγήσιμα η 25 31.

ναυπηγησίμων ὁ 108 11.

ναυπηγίας θ 3 6.

ναυπηγίαν δ 108 98. - θ 4 15.

ναυπηγὸς α 13 20.

ναῦς α 10 5. 13 18, 20, 2. 14 25. 18
13. 19 30. 25 24. 27 30. 28 11. 29
30, 2. 30 15, 19. 35 13, 33. 41 9.
45 30. 47 24. 48 35. 50 31. 52 22,
24. 54 26, 28, 32. 57 9. 61 22. 73
27, 30. 74 4‚15,26,27. 91 10. 93 18.
96 27.10129. 105 24. 108 29. 10918.
111 14. 116 8. 117 14,26. 141 31.

β 7 6. 23 35. 25 10. 26 19. 68 9. 69
22. 83 34, 4, 18. 84 26, 34, 6, 12.
85 23, 32, 3, 5, 11. 89 18. 90 10,
24, 26. 91 3, 4, 12, 13. 92 27, 2, 9.
93 29, 3. 94 19, 25. 102 14. 103 17.

γ 3 23, 30. 4 13, 19. 7 20. 16 3. 19
22. 26 33. 27 17. 32 18, 21. 50 10.
74 7. 75 19, 22. 77 10, 19. 79 3.
80 13, 19. 81 23, 25, 27. 86 28, 6.
91 11, 29. 94 9. 105 5. 112 2. 115
32, 3.

δ 2 14. 3 33. 8 22, 24, 27. 11 21, 31,
33. 13 27, 35. 14 16, 22. 16 5, 23.
23 1. 24 24. 25 5, 14, 17. 31 11.
32 28. 44 20, 22. 52 3. 75 30. 100
18. 101 33, 35. 113 11. 115 25.

ε 2 25, 2.

ζ 6 23. 8 34, 4. 9 22. 30 26. 31 16, 23.
42 14. 44 14, 21. 50 4, 12. 64 5.
6522. 66 2. 82 4. 93 4. 94 26. 1012.
104 23.

η 1 17, 4. 4 24, 2d, 36. 12 23. 14 20.

. 17 3,4, 13. 20 23,26. 218, 29. 22 7.
23 29, 32. 25 23, 2. 26 10. 31 24,
26, 31. 33 21, 1. 34 18, 19, 9, 12.
35 23. 36 14, 15. 37 25, 30, 32. 38
9, 14. 39 29. 40 9, 19. 41 34. 42 8.
51 17. 52 31, 3, 4. 53 5, 8, 20. 55
7, 12. 57 26. 60 24, 27, 32. 63 21.

ἐναυπηγοῦντο - νῆες ,

64 4. 65 22. 67 27, 29. 69 31, 20.
70 12, 19,21, 28 d. 7120,14d. 7417.
75 26.

91165 3.6 32, 7, 20. 730, 3. 8 16,
27. 9 4. 10 21. 11 33, 3, 6, 14, 18.
15 1, 8. 1623. 17 6. 19 2, 7. 20 22.
24 4. 26 5. 27 29, 13. 28 23, 30.
29 23, 24, 25. 30 4. 31 11, 13. 32 9.
35 21. 38 32. 39 27, 8. 4130,10,11.
42 19, 27, 32. 44 32, 17. 45 1. 46
21, 19 d. 53 4. 54 27. 55 1ο,11,25.
56 17. 58 23. 59 4. 6018. 61 2. 63
29, 30. 64 31. 73 9. 76 9. 781416.
79 29. 80 20. 81 24. 83 29. 85 4.
87 1, 6, 16, 26, 2s. 88 6, 8. 91 2.
94 16. 95 26, 29, 3, 21 d. 96 3, 11.
97 24. 99 3. 102 6, 7. 103 25. 105
24, 34. 106 10, 18, 22. 107 33, 3, 4,
11. 108 15, 17, 23.

νεώς β 921. - η 62 5.

νεὼςα13714.-β916.-γ81.
49 1. 7020. — ζ 615. — η 6312.
65 27. — θ 106 26.

νηί· α 137 10. - 6 11814. — η 70 12.

νηὶ· α 131 9. — β 7 10. 84 1. 97 13.
—y4931. 719. -ζ50 36. 52 7.
- η 2 206312. 7019. -3 199.
73 7. 86 21 s.

ναῦν β 84 21, 15. 91 11. 92 10. - γ
78 25. - 6 121. 25 9,15,20. 120 2.
-— ζ 31356. 3211. 53 14. 61 29, 2.
— η 1416. 25 4,11,21. 38 2. 53 26.
— θ 10 26. 23 31. 74 17, 24, 25.
105 32.

νεοῖν ὃ 8 6. - θ 63 30.

νῆες α 27 31. 29 19, 33. 45 5. 48 2, 6.
49 23. 50 1. 51 6,11. 52 19. 5512.
58 20. 59 32. 612. 86 1. 112 26, 33.
116 5,10. 117 21. — β 25 14. 30 18.
84 32, 19. 89 25 s. 9016. 913. 9427.
- y 3 31. 7 23. 16 11. 1718,18,
32. 25 25.*27 13. 3614. 69 36. 76 3.
77 14. 78 29. 80 11, 17. 95 14. 107
33. - 6 1 24, 7. 2 21. 3 28. 8 29.
13 23. 16 25. 23 12. 25 12, 5s. Δ42
35. 65 36. 106 26, 29. — ε 3 9,10.
— ζ 18 15. 32 8. 46 33. 62 28. 99
26. 102 8. 103 24. 104 5. — η 4 26.
7 14. 1222. 1914. 23 28,1. 25 28, 9.

ἱ

