246

135 11. 136 22, 30. 137 23, 26. 138
14, 17, 22, 24, 30. 139 33, 11. 140
22, 1. 141 4, 7, 14, 16. 142 25,28, 5.
143 14, 22, 28, 33. 144 16, 18. 145
6, 12.

β 2 24, 14. 4 16, 16, 9s. 5 19, 26, 2.
7 4. 8 18,22,1. 9 3, 5, 6, 24. 1125.
12 31. 13 23,5d, 17 d. 15 24. 17 28.
18 12. 19 23. 20 5, 15. 21 17, 32.
22 8, 27. 23 4. 25 9. 27 2. 29 19, 4.
32 9. 34 28, 11. 35 17. 36 16. 37
28, 29, 6. 39 25. 40 20. 41 12, 14.
42 5, 6, 9. 4313,14. 4413,15. 46 9.
47 16, 24. 48 33, 8. 49 16, 20, 31,
32. 50 30. 51 1, 6. 5214. 53 24,29.
54 5, 10, 20, 22, 23, 25. 55 29, 31.
56 10. 58 8. 5916 60 33, 2. 61 17,
21, 23, 25. 626, 13, 32. 6312. 64
4,7,9,16.652’1,24„‚„3251114
236, 45. 68 14, 18, 21. 69 23. 70
10,15, 20. 7124, 6. 7222, 27, 4.
74 32, 7. 75 10, 14, 20. 76 3,10,17.
78 29, 3. 79 16, 28, 32. 80 17, 21,
29. 81 25, 29, 17 5. 83 1, 12,14,16.
84 8, 10. 85 11. 86 20, 28, 30. 87
7, 18, 24, 27. 88 8, 13. 89 24, 8, 265.
90 26. 91 2, 15. 92 25, 30. 93 3.
94 13, 21. 95 7. 96 26, 36. 97 9,15,
28. 98 8, 11, 15, 18, 22, 25. 99 2,
12. 100 20, 29, 30, 4, 7. 101 35, 4.
102 10, 19, 116.

21.316, 29, 31.46, 24.534, 2.
612, 13, 17. 725, 30. 98, 11, 15.
1028, 32, 33, 6 118, 26. 1235.
13 14, 17, 30. 14 17. 15 23, 31. 17
28,31. 1817. 2033,2,12 2116,
26, 28. 22 32, 35, 7, 24. 23 10, 20.
24 4, 11, 13, 17. 25 27. 28 27, 32.
29 8. ,36 21, 31 31. 32 15,16. 33
28, 2. 34 13, 21, 21. 36 5. 37 33,
16, 21. 38 26, 27, 34, 5, 7, 8, 12, 15.
39 27, 7, 18, 20, 31s. 40 2, 4, 11,
17, 18. 41 5. 42 13, 17, 19, 23, 31.
43 5. 45 21, 26, 27. 46 11. 47 31, 2.
48 17. 49 25, 34, 1, 3, 6. 50 11,13,
19. 52 6, 14, 19. 53 27, 1, 7. 54 18,

μὲν

22. 55 33. 56 12, 19, 23. 57 3, 11„

18. 58 6, 9. 60 16. 61 22, 27. 62 6,
10, 12, 27. 63 6, 9, 12. 64 15, 32.

65 3, 6. 66 22, 25, 27. 67 5, 8, 14,
32. 68 16, 33. 69 10. 70 16, 22. 72
21. 73 28. 74 5. 75 13, 17, 19, 21.
77 14, 17. 78 20, 23, 33. 79 2, 5.
81 20, 5. 82 19, 24, 28, 3, 8, 31d,
1 5, 85. [84 28, 2.] 85 11. 86 31,2, 8.
87 16, 18. 88 26. 89 6, 13. 90 28.
91 16, 18, 28. 92 34, 14. 94 15, 26,
30. 97 15. 98 18, 29, 2. 101 32, 2.
10211,30. 10417, 11,19s,21s.
105 34. 10612,17. 107 32, 33, 4,
12. 108 2.10911,13,22.1111,3,
8.112 17,22,32,34,6. 113 25. 114
4, 26. 115 35, 4, 6. 116 20.

«5127,6.328.417. 531.61.817,

29, 5, 9, 23 d. 9 9. 11 19. 12 36, 8,
11, 15. 13 18, 21, 29, 31, 33. 14 2,
4, 24. 16 5, 24. 17 33, 3. 19 34,16.
20 23, 28. 21 3, 4, 7, 13. 22 20,25,
26. 23 9. 24 24. 25 10, 23, 29, 85,
18 5. 26 29, 15. 27 3. 28 14, 26. 29
9, 13. 31 9, 10, 16. 32 24, 25, 29,
3, 16. 33 18. 34 27, 13. 35 22, 26,
28, 30. 36 8. 38 30, 37, 7, 9,14.
39 26. 41 7, 23. 42 35. 4311,14,18.
44 32, 25. 46 9,11. 48 4, 12, 25.
50 8. 52 8. 54 25. 55 11,13,18. 56
34, 4, 10. 57 17, 22, 34. 59 19, 23.
61 15, 19, 27, 36. 62 3, 8,18. 63 31,
34, 3. 65 29, 2. 66 27. 67 22. 68 30.
69 1, 7. 70 22, 36. 7135. 72 16,17,
25, 31. 73 4, 8, 14. 74 25, 31, 35.
76 8, 27. 77 29, 30, 3. 78 1, 4, 8.
7917,20. 80 8. 8125. 85 31, 4. 868.
8715,19,23. 883,12. 891618.
9633, 8, 9. 9227, 1, 12, 17, 31s.
93 16, 21, 22. 94 23, ’26. 95 35. 96
13, 21, 28, 3. 9832, 5. 9923, 25
166 17'. 101 25, 35. 102 9103 34,
10.104 15, 20, 36, 32. 165 9.106
13, 16, 25, 27 107 30, 34. 108 12,
15, 27,30,6‚10s. 109 21, 29. 110 2.
111 14,17,23. 112 31, 1. 113 5,10.
114 17, 22. 115 8,12‚21. 116 29,1.
117 7, 18. 118 21, 24, 30, 33, 23 d.
119 14, 21. 120 26, 31. 121 15, 19,
27. 122 36, 31, 34, 8. 123 36. 124
5, 14, 21, 23. 125 32, 35, 2. 126 18,

21, 33, 1, 13, 17. 127 27. 128 6, 19,

