34 29. 45 30. 46 13. 63 7. 71 14.
, 92 22. — η 425. 14 22. 25 26, 31 d.

299

9712,14‚15‚4. 100 21, 22,24. 1014.
102 11 d.

31 18. 40 6. 47 31. 48 2. 49 27. 55 y 1 27, 28. 3 4. 4 7. 6 15, 17. 7 24.

15. 67 21. 72 26. 77 24. - 3 3 30,
11. 15 31. 23 23. 26 20. 46 21 d. 49
23. 50 17. 54 23. 63 4. 87 29.

τὰ α 1 10, 11, 14. 2 16,20,2,9. 319.
6 8, 9, 13. 9 15, 7. 10 13, 3. 1116.
12 27. 13 13, 18, 28. 14 22. 15 28,
29. 18 3, 23, 24, 25. 19 34. 201, 21.
21 27, 32. 22 3, 5. 23 33. 24 25. 25
17, 24. 30 12. 31 29. 32 20. 34 3.
35 27. 36 6, 17. 3711. 38 17. 39 9.
41 8, 17. 43 8, 8. 49 10, 30. 50 10,
20, 22, 24. 52 25. 54 19, 29. 57 6.
58 21. 59 1, 4. 61 22. 63 8, 11. 65
5, 6. 68 11, 28. 69 31, 31, 16, 22.
70 4, 13, 19, 27. 71 5, 6, 7, 9. 73
16, 18. 74 1, 2, 7, 12, 28. 75 33, 9.
76 23, 29. 78 29, 3. 79 8, 8. 81 11.
82 22,28. 83 15. 84 27,2. 87 2ο,31.
88 2. 89 4, 20. 90 24. 91 9. 92 23.
93 1, 13. 94 31. 9513. 97 7, 8. 103
34, 1. 104 7. 105 29, 2. 107 22, 8.
108 27, 27. 109 9, 10, 19. 110 20,
28, 3. 113 9. 117 26. 118 30, 30.
120 30, 30, 5. 12127, 3. 122 17. 123
7,17,17. 126 31,12,28d 127 2.
128 22. 129 26, 26. 130 28. 133 28,
10.13818‚26,30. 140 5.14125,
15,17. 142 33. 143 22, 23, 4 144 34.
146 18.

β 214,19,20.31.418,8s.5 29,7.
6 14‚15. 711. 8 33. 920. 10 26,31.
11 21, 22, 11 d. 12 23. 13 9, 13, 17,

22, 27, 28, 34, 15d. 15 9, 16,17‚20,

27. 16 3. 17 10,11,26. 19 18. 20 8.
21 30. 22 8. 23 6. 24 17. 29 29.
31 32. 34 28, 32. 36 12, 16. 37 30,
32, 7, 7. 38 16, 17, 18. 39 25, 32.
40 12, 15, 24. 42 20, 24. 43 22, 26,

6. 46 9, 10. 47 19. 48 6. 49 22, 26,

35. 50 27. 51 11, 16. 53 24. 54 20,
24, 25. 55 28. 59 22. 60 27, 9, 14.
61 3. 62 26. 65 32, 32, 26 d, 30 d,

33 d. 66 19. 6712. 68 29. 72 24, 29,

6. 75 26, 29. 81 18, 6, 16 s. 84 26.

86 32. 87 12, 31. 89 23, 29, 30s.

90 S. 92 21, 6, 7. 94 24, 28. 96 2,2.

10 29. 11 19, 22, 23, 29. 17 24, 31.
18 3. 20 31. 22 3, 32 s. 23 22. 26 10.
28 3. 30 27. 35 3. 36 30. 37 19,24.
38 5, 3, 10,19, 20. 39 33, 6, 12. 40
5, 17. 42 1243 5, 10, 11, 15. 49 4.
50 17, 19. 53 1, 2. 54 14, 21. 5533,
8, 11. 56 30, 32, 33. 57 5. 58 30.
59 19, 33, 1, 8. 61 27, 35. 6214,15,
23, 27. 63 32, 3. 64 32. 65 7, 14.
66 20, 25, 35, 2. 67 19. 68 20, 33.
70 23, 31. 72 18, 21. 75 30, 34. 81
34. 82 32,33,33‚2,1s,3s,108.
83 20, 23. [84 27, 32]- 85 22. 86 11.
89 15. 91 30. 93 3. 98 19, 9. 102
13, 24. 104 29, 32, 9, 22 s, 22 s. 108
31. 110 31. 112 25, 33. 113 14, 20.
114 3, 4, 5, 26. 115 29.

2 23. 4 23. 5 30. 8 30, 15. 9 4. 10
24, 26, 3. 12 16. 15 29, 30, 1. 17 6.
18 31. 19 7, 15,17. 20 33,2. 2113.
23 8, 11. 24 28. 25 7. 26 4, 9, 16.
27 5. 28 21. 29 16. 30 1. 32 26, 36.
34 10, 14. 35 33. 37 22, 24. 38 27,
6. 40 33. 41 23. 42 8. 44 2, 8, 20.
46 12. 52 7. 53 15. 54 27, 1, 7. 55
12, 16, 22, 27. 56 34. 57 25, 28. 59
23, 28. 61 11, 12. 62 7, 20. 64 8.
65 4. 7, 7. 66 27. 67 1. 68 2, 22, 23.
69 29, 36, 11. 70 18. 72 10. 73 15,
17. 74 4, 8, 11. 75 20, 22. 76 3,13,
20, 26. 7811. 79 15‚21. 80 31,1‚8.
81 16, 19‚19,23. 82 30. 83 8, 8, 12.
85 17. 86 24,10. 87 12. 88 8. 89 15.
90 7, 10, 12. 91 20, 25. 92 1, 15.
93 13. 96 18. 97 20, 21, 26, 30. 98
1,18,21. 9924. 10129. 103 12. 104
20. 105 11. 106 18. 107 30, 1. 108
16,34,1os‚ 12 s. 112 2. 114 19,21‚
25, 6. 115 14. 117 9. 118 10, 22 d,
22 d. 12012. 121 17. 122 34. 123 36.
124 22. 126 23, 24. 128 18. 130 24,
28,33,34,14. 132 7. 13319. 134 28.

ε 2 22. 9 17, 3s. 10 26. 11 1,14. 12

17. 14 4, 5, 14. 16 3. 17 16. 18 23,
27, 4. 20 27. 21 2. 23 16,17. 24 35.
25 6, 13, 14. 26 19, 20, 8, 9. 34 3.

