282

33 d, 34d, 5s, 7s. 83 13,14,15,18,
21. [84 28, 4, 5, 6.] 85 24. 86 33,

18 4. 131 25. 132 4. 134 32, 36.
135 6.

3,13. 8715,17,18,18. 88 2. 89 ε 2 3, 5. 315, 22, 23, 27, 28. 4 9.

13, 13, 22, 26. 91 16, 23. 92 1, 14,
24. 93 26, 28, 34. 94 16, 24, 25, 25,
26. 95 3. 96 31. 97 36,12,15. 98 2.
100 20. 101 30. 102 5, 10, 18, 29,
33, 33. 103 4. 104 21, 30, 19s. 105
28. 107 36, 6, 9, 12, 13,17, 18. 108
21, 24, 26, 28, 29, 36, 36, 32. 109
22. 1113. 112 21, 22, 23. 11315,
16, 34, 34. 11512. 11614,15,18,
19, 19.

ὁ 1 28, 36, 4. 3 34, 8, 9. 4 16, 24. 6
2, 5. 8 6,16d,18d,19d.9 30, 10,
14. 10 20,27,11. 1124. 12 7. 13 21.
14 22, 23. 15 31. 17 30, 32, 35, 6.
18 17, 19, 26, 32. 19 9, 10. 20 29.
23 7.11. 24 19, 26. 2511s,13s,
17 s. 26 21, 4, 14. 27 2. 28 13, 14.
29 10, 21. 30 29, 4. 31 14, 17, 19.
32 28. 34 31, 7. 35 17, 18, 23, 28.
36 4. 42 32. 43 18, 21, 26, 28, 29,
30. 44 4, 16. 45 1. 46 9. 47 25. 48
13, 20, 30. 49 2, 2. 51 19, 20. 53 23.
54 1, 5. 55 21, 25,32. 57 17,22,24.
58 15. 59 20. 60 3, 4. 61 20, 25,25,
30, 31, 33. 62 3, 8, 9, 22. 63 26, 26,

28, 33. 64 15, 22, 26. 67 12, 16, 17,

24. 68 29, 30, 13, 17. 69 32, 2. 70
31. 71 3, 8. 7219. 73 33, 4. 74 34.
7527. 7⁷617, 19, 21, 28. 776, 6.
78 23, 24, 3. 86 33. 33 16. 84 27,

,.29 85 8. 86 34, 34, 1, 8, 9. 87
23, 1. 885. 8917, 27. 9030, 32,
33, 36, 2,71, 12. 92 34, 6, 9, 11, 28 s.
93 5, 6, 8, 18. 94 24, 30, 33. 95 36.
96 13, 19, 19, 21, 28, 29, 29, 31,33,

34, 3, 5, 9, 9. 98 36, 4. 99 25, 27,

29. 166 1, 11, 16, 18. 102 8,17,23.
103 7, 13. 104 15. 105 4. 106 13,
15, 16, 22. 107 31, 32. 108 24, 29,
3, 3, 4. 109 21, 22, 26. 1101,8,10.
111 16, 25. 112 28, 1. 113 5,12.
114 33, 5. 115 20, 24. 116 26, 27,
30, 36, 1. 118 6. 120 28, 1. 123 27.
124 4, 9. 125 33, 36, 4. 126 22, 8,
16, 12, 15, 16, 1811, 19 d. 127 21,
27, 37. 128 10, 21. 129 36, 13. 130

6 10, 14, 19, 24. 7 1, 10, 15. 8 23.
9 4,11, 16, 25, 26, 30, 35. 10 15,
24, 26, 28, 35, 1, 4, 8, 9, 136,
15 d, 21 d. 11 33, 34, 6, 10. 12 21.
16 35, 8,12,21,28. 17 3, 11. 1824.
20 23. 2115. 22 20, 23, 1,8, 13.
24 34. 27 26. 29 25. 30 34, 35, 4,
13. 3118. 32 8. 33 21,36, 3512,
2, 8. 3626, 29. 3829, 32, 6,.11 39
26, 30. 41 18, 33, 34, 37. 425, 7, 16.
45 33. 47 29, 2, 22 d. 49 31. 56 36,
8. 51 13. 52 24. 54 15. 55 4, 9,13.
57 13. 58 31, 1, 3. 59 16,19,20,29.
60 15. 61 10. 64 13, 14, 15. 65 35,
35, 36, 2, 9, 10, 18, 20. 66 24, 25,
33, 3, 4. 67 12, 16, 21. 68 23, 26,
27, 28, 30. 71 33, 34, 8, 9, 12, 16.
72 20, 27, 31. 73 7, 8, 14, 15, 17,
19, 20, 22, 26. 75 31, 33. 76 1, 9.
77 20. 78 8. 80 14,17,21,23. 8125.
82 28. 83 30. 84 28, 34. 85 1, 7.
86 14. 90 2, 2, 3. 95 29. 96 31, 34.
97 4, 4. 98 10,11. 102 34, 35. 1033.
105 21, 23, 25, 31,33, 34, 1. 107 13,
14, 15. 109 22, 22. 116 36. 111 16.

112 34. 114 13, 20. 115 31, 34, 35.
116 15.

ζ 1 26. 2 27, 4. 4 3, 15, 17, 17. 5 23,

33, 7. 6 28. 9 30. 10 14. 11 17,17,
21, 23. 12 2, 3, 7. 13 23, 24. 14 36,
31, 33. 15 13, 14. 17 32, 20. 18 3,
6, 6, 9, 14, 23 d, 23 d, 28 d. 20 17.
21 1. 22 12. 23 25, 25. 24 9. 2713,
20. 31 36, 13, 24, 25, 34d. 32 13,
18, 20. 33 4, 28. 34 11, 14, 21, 7d,
17 d, 19 d. 35 28, 29, 36. 36 5. 37
24, 34. 38 5. 40 7, 9. 41 29. 43 21.
46 34, 8,17. 49 16, 25. 50 3. 5129,
31, 33, 35. 53 25. 54 32. 55 6, 8,11.
56 22. 57 2, 9,13. 58 17. 60 19, 22,
26, 27, 33, 34. 61 11, 20, 6. 62 20,
20, 31, 36. 63 13. 64 4, 6. 65 21,
24, 25, 27 66 31,35,8,10. 6716,
16,17,18, 26. 687. 6919, 3, 4, 9,
11. 70 20, 22, 23, 31 71 35,15. 72
28, 32, 35, 5. 73 16, 17. 714 19, 24.

