ἐπὶ —- ἐπιβάται

39 29, 26. 40 19. 43 2. 46 16. 48
14, 18. 49 23. 50 26. 53 10, 23, 25.
56 7. 57 10, 12, 15, 30, 5, 134, 24 s,
26 s, 31s. 59 5. 62 25, 27, 6. 65 27.
66 3, 4. 67 25, 27. 6813,17. 6914,
17, 20. 71 27, 5, 7, 14 d. 73 26. 76 7.
78 24, 4. 79 27, 6. 80 17, 31, 1. 82
19. 84 22. 86 24. 87 19.

913,12,20. 2 8,9, 13. 3 31. 7 2.
10 19. 11 1, 3. 15 15. 16 24. 18 20.
19 10, 13. 20 32. 22 15, 17, 19. 23
10, 13, 29. 24 30, 19. 26 13. 27 5.
28 25, 27. 30 1, 6. 31 15. 32 30.
33 13, 16, 17, 20, 26. 35 21. 36 31.
37 10, 10, 15, 16, 25, 28. 39 22, 7.
41 9. 43 4, 25. 44 14. 46 24. 50 31,
9. 54 26, 3, 6. 55 10. 56 3, 12. 58
12, 13, 14, 14, 15, 16, 18,18. 6010.
61 7. 63 31,11. 64 23, 23, 6. 69 12.
72 5, 6. 74 27. 75 2, 3. 79 24, 3, 4,
9. 81 16. 82 4, 5. 83 18. 84 9, 10.
85 31, 4. 86 21, 22, 27, 30, 33. 87
1, 16, 2s. 88 5. 90 8. 91 24. 92 24,
18 s, 20 s, 76. 94 17. 96 7. 97 24.
98 22. 99 29, 9. 100 6. 101 19. 102
11. 104 32, 32. 105 34. 106 23. 107
1, 5, 7. 108 24, 1. 109 14.

ἐπ’ α 3 24. 512. 7 21. 15 4. 26 9.
30 11, 20, 26. 41 14. 5416. 55 2, 5.
69 26. 70 14. 73 20. 82 31. 83 18.
85 21. 89 10. 92 25. 1001. 105 22.
106 21. 107 9. 108 20. 111 21. 112
32. 114 33. 116 10. 124 30. 126 7.
131 14. 137 8. 139 16. 141 30. 143 6.
14512. - β 3 4. 119d. 1721.
23 1. 29 25. 31 23. 33 29, 25. 34 19.
36 20. 37 10. 45 6. 52 3. 53 26. 56
17. 65 20, 1,196. 66 20. 68 25, 20.
71 4. 80 32. 82 26. 83 8. 92 23.
93 7. 101 34, 2102 8. — y 6 11.
7 25, 28. 10 31. 12 10, 11. 16 12.
18 2, 5, 6. 24 3. 45 30. 46 29. 54
25. 67 1. 81 22. 90 30. 95 14. 103 4.
110 32. 11215. 114 19. — ὃ 61.
19 7.1214. 141. 17 8. 25 3s,5s,
19 s. 29 17. 30 32. 31 11. 34 2. 39
28. 42 33. 45 2. 50 18. 58 12. 62 25.
74 35. 86 22. 87 20. 88 4. 90 9. 91
17. 93 20. 94 30. 96 12 d. 100 5,

149

15,19. 102 22. 115 17. 123 30. 125 4.
130 22. 133 26. - ε 11 13. 13 25.
14 16. 18 33, 5. 27 13, 16, 28. 28 2.
30 22. 33 30. 36 15. 38 33. 43 5.
50 8. 51 12. 54 19. 5510. 57 5. 60
17. 6219. 6414. 78 9. 8212. 9115.
- ζ 7 13. 18 8. 311. 33 27. 3613,
14. 53 16. 60 25. 63 3. 75 7. 76 36.
83 24. 95 3. 97 20. 101 6. 105 15.
- η 9 14. 12 12, 27. 13 19. 25 24,
2, 32 d. 26 23. 33 32. 34 1. 36 5.
48 22, 35. 59 11. 60 2. 64 7. 70 23.
78 24. 79 19. 81 2. 82 9. 8416. 85
30. 86 6. 87 15, 1. -— θ 19 16. 22
17. 25 20. 27 21. 38 6. 43 5. 47 1.
48 15 d. 62 21. 64 18. 68 5. 69 16,
20. 71 33. 74 17. 79 1. 81 4. 90 8.
92 27, 30 S. 95 7. 100 26, 2,8. 102 5.

ἐφ’ α 4 8. 1717. 32 30. 40 2, 2. 59 5.
80 24. 87 28. 103 22. 113 18. 126
20 d. 134 14. 136 32. 141 12. —— β
42 23. 62 16. 84 30. 98 20. — y 12
11. 13 31. 2211. 78 24. 9710.111
35. --· δ 18 14. 30 7. 42 31. 43 30.
69 4. 85 21. 94 25. 102 9. 104 18.
106 24. - ε 3611. 4117‚35. 6214.
6713. 738-ζ39, 91. 162.
24 15. 28 27. 331. 38 14. 4017. 47
26. 59 3. 6311. 67 23. 69 7. 7710. 79
24. 82 14. 86 22. 1031. - η 1126.
15 3. 2826. 34 22. 77 23. - θ 8 10.
41 12. 58 23. 61 27. 69 13. 92 29.

ἐπιβαίνειν η 70 2511.

ἐπέβησαν β 2510- y 106 21.— η69 21.

ἐπιβῆναι β 25 13.

ἐπιβὰς α 137 8.

ἐπιβάντι ὃ 116 33.

ἐπιβάντες α 111 15. — β 90 34.

ἕπιβήσονται α 103 23. —— η 62 31.

ἐπιβάλλοντος θ 108 5.

ἐπιβάλλοντας β 76 6.

ἐπιβαλόντες β 52 16. - δ 48 23.

ἐπιβαλλομένη η 65 29.

ἐπιβαλλόμενον β 75 18.

ἕπιβληθείσῃ ὃ 25 15.

ἐπιβαλεῖται ζ 40 17.

ἐπιβάτης θ 6132.

ἐπιβάται ζ 32 14. 43 25. - η 62 6.
70 11, 24 d.

