ἐπάρατον -· ἐπιόντος 1 45

ἐπάρατον (acc. masc.) 9 97 31.
ἐπάρατόν β 17 14.
ἐπηυλίσαντο γ 5 33.
ἐπηυλίσαντό ὁ 134 36.
ἐπηυξήσαμεν β 36 14.
ἐπαυξῆσαι η 70 7 s.
ἐπαυρέσεις β 53 22.
ἐπαχθὴς ζ 54 14.

ἐπεί β 65 1.

ἐπεὶ α 12 27. 30 20. 41 17. 49 5. 69
24. 132 3. -— β 3 2. 51 22. 81 14.
89 32, 2. 93 32. - γ 23 16. 24 15.
45 14. 82 15. 107 11. - ὃ 44 7.
78 25. 80 32. 83 1. 93 2. - ε 69 4.
- ζ 2 27 d. 16 3.18 32. 3614. 50
18. 65 16. 79 26, 35. 89 2. 92 34.
-- η 117. 2414. 26 5. 30 24. 34 30.
44 28 d. 67 30. — θ 38 16. 66 25.

87 21. 90 19.
ἐπείγονται y 213.

ἐπείγεσθαι β 81 14. —- ε 9 29. - θ

ἐπέῗγέμῗζενος 9 100 17.
ἐπειγομένης γ 49 3.
ἐπειγόμενοι ζ 100 2.

ἐπειγομένων θ 7 29. 9 27. 82 6.104 9.

ἠπείγετο δ 105 3. - η 42 4. 70 14.

ἠπείγοντο α 93 34. — δ 3 29. 4 22.
534. -— ε 6423.- ζ3220. 10114.

- η 84 11.
ἐπειχθῆναι α 80 31.
ἐπειχθέντες α 82 6. 85 14.
ἐπειχθέντας γ 3 28.

ἐπειδὰν β 34 31,7. 72 8. - ε 65 6.

103 8. — η 66 11. 67 24.

ἐπειδή α 1110. 131. - β 17 7.
186.——y471.9631.—‹5735.
-31623 1825, 2. -η3312,

55 16. 7823. -963 10. 6829.
ἐπειδη α 5 11. 6 3, 14. 18 26. 2429.

26 34. 28 32. 29 18, 26. 30 10. 32

29. 3933. 466,12. 4831. 4910,16.

50 15, 19. 54 28, 32. 58 19. 62 22.
63 10. 68 17. 74 10, 19. 79 7. 89
5, 16. 102 7, 17. 125 10. 126 31.
128 16. 131 9. 132 9. 137 26. — β
3 27. 5 7. 10 30, 32. 12 25. 15 4.
16 32. 19 16. 20 3. 21 25. 23 31.
34 14. 35 2. 55 26. 56 1. 61 23.

Index Thucydideus.

65 3. 66 19. 70 34. 78 21, 25. 80 26.
81 7. 82 21. 83 5. 86 27. 90 7. 98 9.
101 13, 28. 102 7. — γ 3 20. 8 6.
10 33. 13 19. 15 24. 16 16. 18 1.
20 29. 22 29. 26 32. 27 18. 31 33, 6.
33 4. 34 25. 60 19. 61 1. 62 3, 19.
68 34. 70 14, 34. 98 21. 102 4. 108
25. - δ 36 33. 45 1. 46 4. 48 22.
67 34, 6. 72 12. 7317. 74 5. 7812.
81 16. 91 15, 18. 93 12. 103 2. 106
22. 113 9. 130 14. 132 34. 133 15.
— ε 16 32. 17 6. 18 7. 2113. 22
25. 27 10, 16. 28 29. 29 15. 43 7.
44 11. 45 8. 50 20, 31. 58 15. 63
23, 28. 65 11. 72 27. 76 35, 3. 85 1.
90 2. -- ζ 232d. 1322. 20 8. 32 8.
46 22. 51 34. 53 19. 6111,4. 63 3,
6, 11. 88 29, 32, 27 S. 100 30. 101
33. - η 4 22510. 6 2513 4, 8.
15 5. 18 21, 4. 22 30. 23 24. 2617.
27 31. 32 4. 35 21. 37 31. 43 28.
44 33 d, 5 S. 46 22. 47 34. 50 33.
51 18. 60 5. 65 29. 69 31, 34. 70
1, 23. 74 6. 75 22. 80 11, 30, 33.
82 4. 848. — θ13,6. 811.1013.
29 14. 31 11. 47 30. 48 22. 52 13.
56 6. 63 2. 67 22. 68 20, 5. 69 9.
73 10. 79 21. 80 15. 812. 82 7.
86 24 S. 88 4. 89 16. 90 20, 24. 91
17. 92 12. 94 1. 100 15. 105 7.

ἐπιδεῖν δ 132 7. - ζ 69 9. - η 61
15. 77 12 S.

ἐπόντας 613120.

. ἔπεισι ζ 18 36.

ἐπίασιν δ 61 22.
ἐπίω ὃ 85 12.
ἐπίῃ ὁ 92 35. 107 31. — ζ 92 12.
ἐπίωμεν α 86 10.
ἐπίωσιν α 62 13. - ὃ 85 18.
ἐπίοι y 21 17. 97 15. — ο- 93 9.
ἐπίοιεν β 79 28. — <5 32 4. — η 79 3.
ἐπιέναι α 72 4. — β 11 16, 27. - ss·
44 19. 73 1. 96 35. 125 2, 9. -— ε
97 3. -ζ 18 29. 21 2.
ἐπιών y 48 22. 97 8. - δ 61 6.
ἐπιὼν ὁ 129 11.
ἐπιόν ὃ 61 31.
ἐπιὸνγ16 2.-ε931,-θ2 17.
ἐπιόντος β 100 20. — ζ 101 26 s.
10

