286

36,12. 43 19,24, 33. 44 12,29. 45 5.
48 1. 49 20. 50 24. 56 7, 8, 9, 11,
14, 15, 16. 57 25. 58 1, 2, 5. 59 25.
60 27, 35, 5. 61 25, 26, 1, 2, 4. 62
26, 1. 63 4. 65 20, 35, 32 6. 67 28,

5, 12. 68 33, 18. 69 30, 33. 70 10,

11, 18. 71 34, 7. 74 7, 8. 76 3, 22,
27. 77 5, 7, 15. 79 14,20,21,22,23.
80 9, 13, 11 d, 13 6. 817,12. 82 28,
28. 83 29, 33, 7, 9. 8410,11,17.
85 25, 30, 2. 86 23. 8712,15,16,
76. 8’9 11, 295, 26. 92 30, 8, 14,
15, 16. 933, 6. 9423, 26, 29. 96
21, 33, 8. 97 19, 27. 9811, 26. 99
6, 7, 11. 100 29. 102 9, 28, 33, 4,
166. 103 13.

1 27. 3 15, 27. 4 22. 5 2. 6 10, 11,
12, 13, 13. 7 23, 32. 8 1. 9 17. 10
25. 15 30. 16 6. 17 27. 18 10. 19
24, 27. 26 14. 22 32, 5, 25, 36 5, 32s.
23 14, 16, 22. 24 32, 12, 12. 25 19.
26 2, 5, 9. 27 14. 28 24. 29 8, 12.
30 17. 31 5, 6. 32 21. 33 22, 23, 28,
29, 2. 34 8, 15. 35 34, 1, 2. 36 13.
39 7, 7, 19, 325. 40 23, 31. 42 34.
43 6, 7. 44 25, 26. 45 28, 1. 46 16,
22, 23. 47 34,1,16,12. 49 25, 28, 1.
50 8, 12, 12. 51 27, 31, 32, 33, 35.
52 17. 53 27. 54 24. 56 26,1. 57 9.
58 25, 25. 59 18, 25, 12. 60 20. 61
31. 63 34. 65 6, 15. 69 8. 70 32, 4.
72 21. 73 30. 74 35, 1, 5. 76 1, 3,
4, 7. 79 36, 37. 81 21. 82 11. 83 22.
[84 30.] 85 16, 24, 25. 86 2, 7, 7, 8,
12. 87 24. 89 16, 11, 12. 90 3. 91
17, 18, 18, 26, 21, 30. 92 13, 23. 93
25, 28. 94 10, 15, 15. 95 35, 8, 10,
15, 20. 96 26. 97 9,10. 98 33, 35, 4.
100 22, 24. 102 13, 16, 25. 104 19,
24. 105 32, 34. 106 20, 21, 25, 25.
107 2. 108 22. 110 26. 111 36. 112
15, 23, 35, 38. 113 11, 12, 15, 26,
26, 28, 34. 114 7, 8, 25. 115 30, 35,
1. 116 15.

1 28. 3 2, 3, 6. 6 35. 8 16, 15. 10
31, 1. 12 7, 15. 13 18, 23. 18 19.
19 2. 21 17. 22 31. 23 10,10, 2420,
29, 29, 30, 33. 25 4, 10, 11, 1. 26
25, 3, 5, 10. 27 17, 30, 31. 2819,26.

29 14, 20, 22. 30 26, 28.
15, 19, 21. 32 28. 33 24, 25. 34 34,
4, 6, 13. 35 19, 28, 29, 33. 36 4.
37 19. 38 28, 1, 3. 39 20, 20, 28.
40 37. 41 9, 16, 11. 43 16. 44 15.
45 28, 28, 34. 46 4, 6, 7, 8. 47 3.
48 20, 24. 52 29, 5. 53 17. 54 27,
1, 3. 55 24, 26, 27, 32. 56 9,10, 11.
57 20. 60 7. 61 26,35,36. 63 28‚30.
64 9. 6510. 66 28, 30. 67 10,10, 13,
18. 68 12, 13. 69 33, 4, 12. 70 20,
31. 73 34, 34, 11, 26. 75 14, 26. 76
2, 9, 15, 15, 25, 28. 77 30. 78 15,
4, 10 6. 79 14, 24. 80 32, 2, 12. 81
22. 82 32. 83 35, 2, 20. 85 31,35,7.
86 2. 90 6. 91 19. 92 30, 35, 10. 931.
95 3, 5, 8. 96 8. 98 37, 6, 19. 99
23, 26, 29, 29. 100 6, 11. 101 30, 5.
102 19, 21. 103 26, 7, 16. 164 13,
29. 165 34, 6, 9. 107 5. 108 9, 14,
22, 27, 13 5. 116 2,12. 111 19. 112 2.
113 5, 13. 114 16, 21, 28, 31. 118
32, 1, 65, 75. 120 6. 121 24, 24.
122 6, 12. 123 24. 124 27. 125 34.
127 37. 128 9,14. 129 5. 136 21, 12.
131 17, 23. 132 27, 30, 30. 133 17,
18, 21. 134 31, 35.

117. 2 29. 3 32. 4 16,11. 6 5, 6, Α
16. 7 9, 10. 9 22. 10 15, 25, 24 6,
266, 36 6.· 1133,3. 13 23. 141,
11, 11. 15 24. 16 14, 21, 24, 25. 18
27, 27. 23 22. 24 33. 27 11, 13, 17.
28 3. 29 12. 30 26, 31 33, 21. 32
34, 9. 33 19, 23. 34 ⁸1, 2, 3. 35 26,
6, 7. 36 13, 24. 37 2, 2, 10, 15, 23.
38 1. 40 11. 41 20, 36. 42 22. 431.
44 11, 21, 27. 46 5,10. 47 186, 226,
165. 56 34. 53 7, 9, 10. 54 15, 27.
55 2, 4, 9. 56 19. 57 8. 58 26, 23.
59 5,10,15. 60 8. 617. 63 3. 6410.
65 32. 68 27, 33. 69 8, 9, 16, 26.
71 1, 2. 75 9, 21, 26. 78 9. 81 24,
33. 82 22. 83 34, 1. 84 33. 89 34.
91 9, 15, 17. 99 19, 21. 104 16,18.
105 21,22,32, 6. 10819,20. 109 25.
110 34,1.11111, 21. 112 4. 115 24.

31 12, 12,

ζ 1 18, 20, 26. 2 29, 26, 296, 32 6.

3 8, 12. ’4 25, 29, 32, 16, 12. 5 23,
28. 6 12,27. 7 8,10. 8 32, 16. 9 19,

